vehicle_id,name,last_reported,system_id,vehicle_type,collected_at,lon,lat
SkipDC-352897091273907,"",2018-12-17 06:05:10-07,SkipDC,electric-scooter,2018-12-17 06:05:00-07,-76.9968967,38.8568267
JumpDC-bike_18845,JUMP DC-0722,2018-12-17 06:04:52-07,JumpDC,pedal-assist-bike,2018-12-17 06:05:00-07,-77.0010633333333,38.8218166666667
JumpDC-bike_16623,JUMP DC-0231,2018-12-17 06:04:52-07,JumpDC,pedal-assist-bike,2018-12-17 06:05:00-07,-77.0156166666667,38.875095
JumpDC-bike_18908,JUMP DC-0787,2018-12-17 06:04:52-07,JumpDC,pedal-assist-bike,2018-12-17 06:05:00-07,-77.0081933333333,38.8749916666667
JumpDC-bike_23449,JUMP DC-2584,2018-12-17 06:04:52-07,JumpDC,pedal-assist-bike,2018-12-17 06:05:00-07,-77.00377,38.876335
JumpDC-bike_23676,JUMP DC-2711,2018-12-17 06:04:52-07,JumpDC,pedal-assist-bike,2018-12-17 06:05:00-07,-77.0027466666667,38.8768333333333
JumpDC-bike_23455,JUMP DC-2590,2018-12-17 06:04:52-07,JumpDC,pedal-assist-bike,2018-12-17 06:05:00-07,-77.026495,38.8811333333333
JumpDC-bike_23230,JUMP DC-2539,2018-12-17 06:04:52-07,JumpDC,pedal-assist-bike,2018-12-17 06:05:00-07,-77.0265233333333,38.8810783333333
JumpDC-bike_23450,JUMP DC-2585,2018-12-17 06:04:52-07,JumpDC,pedal-assist-bike,2018-12-17 06:05:00-07,-77.0147533333333,38.8815683333333
SkipDC-352897091319809,"",2018-12-17 06:05:10-07,SkipDC,electric-scooter,2018-12-17 06:05:00-07,-77.0144383,38.8794783
JumpDC-bike_23209,JUMP DC-2518,2018-12-17 06:04:52-07,JumpDC,pedal-assist-bike,2018-12-17 06:05:00-07,-77.0052416666667,38.8804666666667
JumpDC-bike_23147,JUMP DC-2456,2018-12-17 06:04:52-07,JumpDC,pedal-assist-bike,2018-12-17 06:05:00-07,-76.9901983333333,38.87967
JumpDC-bike_23656,JUMP DC-2691,2018-12-17 06:04:52-07,JumpDC,pedal-assist-bike,2018-12-17 06:05:00-07,-77.05033,38.8928283333333
JumpDC-bike_23153,JUMP DC-2462,2018-12-17 06:04:52-07,JumpDC,pedal-assist-bike,2018-12-17 06:05:00-07,-77.0503666666667,38.892805
SkipDC-352897091387145,"",2018-12-17 06:05:10-07,SkipDC,electric-scooter,2018-12-17 06:05:00-07,-77.0336245,38.8944657
JumpDC-bike_23700,JUMP DC-2735,2018-12-17 06:04:52-07,JumpDC,pedal-assist-bike,2018-12-17 06:05:00-07,-77.022,38.8936466666667
JumpDC-bike_23202,JUMP DC-2511,2018-12-17 06:04:52-07,JumpDC,pedal-assist-bike,2018-12-17 06:05:00-07,-77.021845,38.8941883333333
SkipDC-352897091386923,"",2018-12-17 06:05:10-07,SkipDC,electric-scooter,2018-12-17 06:05:00-07,-77.0152837,38.8951062
JumpDC-bike_23670,JUMP DC-2705,2018-12-17 06:04:52-07,JumpDC,pedal-assist-bike,2018-12-17 06:05:00-07,-77.0164283333333,38.8919533333333
BirdDC-98GGU,98GGU,2018-12-17 06:04:45-07,BirdDC,electric-scooter,2018-12-17 06:05:00-07,-77.0075066666667,38.8265383333333
JumpDC-bike_23684,JUMP DC-2719,2018-12-17 06:04:52-07,JumpDC,pedal-assist-bike,2018-12-17 06:05:00-07,-76.9855666666667,38.8813066666667
JumpDC-bike_23476,JUMP DC-2611,2018-12-17 06:04:52-07,JumpDC,pedal-assist-bike,2018-12-17 06:05:00-07,-76.9853233333333,38.8809433333333
SkipDC-352897091431323,"",2018-12-17 06:05:10-07,SkipDC,electric-scooter,2018-12-17 06:05:00-07,-77.0351667,38.8852233
JumpDC-bike_23945,JUMP DC-2454,2018-12-17 06:04:52-07,JumpDC,pedal-assist-bike,2018-12-17 06:05:00-07,-77.0256283333333,38.8837516666667
JumpDC-bike_23637,JUMP DC-2672,2018-12-17 06:04:52-07,JumpDC,pedal-assist-bike,2018-12-17 06:05:00-07,-77.0041216666667,38.885105
JumpDC-bike_23628,JUMP DC-2663,2018-12-17 06:04:52-07,JumpDC,pedal-assist-bike,2018-12-17 06:05:00-07,-77.0019533333333,38.8867083333333
JumpDC-bike_23197,JUMP DC-2506,2018-12-17 06:04:52-07,JumpDC,pedal-assist-bike,2018-12-17 06:05:00-07,-76.995965,38.8842916666667
JumpDC-bike_23440,JUMP DC-2575,2018-12-17 06:04:52-07,JumpDC,pedal-assist-bike,2018-12-17 06:05:00-07,-76.9959783333333,38.8842616666667
JumpDC-bike_16634,JUMP DC-0226,2018-12-17 06:04:52-07,JumpDC,pedal-assist-bike,2018-12-17 06:05:00-07,-77.02373,38.8886766666667
SkipDC-352897091384506,"",2018-12-17 06:05:10-07,SkipDC,electric-scooter,2018-12-17 06:05:00-07,-77.0122933,38.887785
SkipDC-352897091457427,"",2018-12-17 06:05:10-07,SkipDC,electric-scooter,2018-12-17 06:05:00-07,-77.0120983,38.8892983
SkipDC-352897091384928,"",2018-12-17 06:05:10-07,SkipDC,electric-scooter,2018-12-17 06:05:00-07,-77.011745,38.890705
JumpDC-bike_18820,JUMP DC-0688,2018-12-17 06:04:52-07,JumpDC,pedal-assist-bike,2018-12-17 06:05:00-07,-77.0027216666667,38.890265
JumpDC-bike_18874,JUMP DC-0833,2018-12-17 06:04:52-07,JumpDC,pedal-assist-bike,2018-12-17 06:05:00-07,-76.9942683333333,38.88827
JumpDC-bike_16514,JUMP DC-0202,2018-12-17 06:04:52-07,JumpDC,pedal-assist-bike,2018-12-17 06:05:00-07,-76.99881,38.88973
JumpDC-bike_23682,JUMP DC-2717,2018-12-17 06:04:52-07,JumpDC,pedal-assist-bike,2018-12-17 06:05:00-07,-76.99162,38.8887916666667
JumpDC-bike_23445,JUMP DC-2580,2018-12-17 06:04:52-07,JumpDC,pedal-assist-bike,2018-12-17 06:05:00-07,-77.0637283333333,38.90047
BirdDC-23MRF,23MRF,2018-12-17 06:04:45-07,BirdDC,electric-scooter,2018-12-17 06:05:00-07,-77.0551916666667,38.8973466666667
BirdDC-8WQY4,8WQY4,2018-12-17 06:04:45-07,BirdDC,electric-scooter,2018-12-17 06:05:00-07,-77.0450283333333,38.8995583333333
BirdDC-VFILH,VFILH,2018-12-17 06:04:45-07,BirdDC,electric-scooter,2018-12-17 06:05:00-07,-77.0450433333333,38.8994866666667
BirdDC-HJAHS,HJAHS,2018-12-17 06:04:45-07,BirdDC,electric-scooter,2018-12-17 06:05:00-07,-77.0453566666667,38.8997033333333
JumpDC-bike_23215,JUMP DC-2524,2018-12-17 06:04:52-07,JumpDC,pedal-assist-bike,2018-12-17 06:05:00-07,-77.0299833333333,38.90049
BirdDC-TJYD9,TJYD9,2018-12-17 06:04:45-07,BirdDC,electric-scooter,2018-12-17 06:05:00-07,-77.0259166666667,38.90078
JumpDC-bike_23416,JUMP DC-2551,2018-12-17 06:04:52-07,JumpDC,pedal-assist-bike,2018-12-17 06:05:00-07,-77.027925,38.8982683333333
JumpDC-bike_23167,JUMP DC-2476,2018-12-17 06:04:52-07,JumpDC,pedal-assist-bike,2018-12-17 06:05:00-07,-77.027965,38.8981583333333
JumpDC-bike_18825,JUMP DC-0702,2018-12-17 06:04:52-07,JumpDC,pedal-assist-bike,2018-12-17 06:05:00-07,-77.023395,38.8974016666667
JumpDC-bike_23461,JUMP DC-2596,2018-12-17 06:04:52-07,JumpDC,pedal-assist-bike,2018-12-17 06:05:00-07,-77.0160683333333,38.8996183333333
JumpDC-bike_18870,JUMP DC-0829,2018-12-17 06:04:52-07,JumpDC,pedal-assist-bike,2018-12-17 06:05:00-07,-77.0170716666667,38.899045
BirdDC-XE7TM,XE7TM,2018-12-17 06:04:45-07,BirdDC,electric-scooter,2018-12-17 06:05:00-07,-77.03946,38.9049
BirdDC-8P7TK,8P7TK,2018-12-17 06:04:45-07,BirdDC,electric-scooter,2018-12-17 06:05:00-07,-77.0343166666667,38.90237
BirdDC-LKFF7,LKFF7,2018-12-17 06:04:45-07,BirdDC,electric-scooter,2018-12-17 06:05:00-07,-77.031945,38.90326
SkipDC-352897091294226,"",2018-12-17 06:05:10-07,SkipDC,electric-scooter,2018-12-17 06:05:00-07,-77.0261067,38.9045883
SkipDC-352897091457823,"",2018-12-17 06:05:10-07,SkipDC,electric-scooter,2018-12-17 06:05:00-07,-77.0259667,38.904785
JumpDC-bike_23214,JUMP DC-2523,2018-12-17 06:04:52-07,JumpDC,pedal-assist-bike,2018-12-17 06:05:00-07,-77.025895,38.9013583333333
JumpDC-bike_23699,JUMP DC-2734,2018-12-17 06:04:52-07,JumpDC,pedal-assist-bike,2018-12-17 06:05:00-07,-77.02474,38.9013733333333
BirdDC-CRQC1,CRQC1,2018-12-17 06:04:45-07,BirdDC,electric-scooter,2018-12-17 06:05:00-07,-77.0261533333333,38.90231
SkipDC-352897091381809,"",2018-12-17 06:05:10-07,SkipDC,electric-scooter,2018-12-17 06:05:00-07,-77.0206467,38.90191
JumpDC-bike_18871,JUMP DC-0830,2018-12-17 06:04:52-07,JumpDC,pedal-assist-bike,2018-12-17 06:05:00-07,-77.01768,38.9042
JumpDC-bike_23506,JUMP DC-2641,2018-12-17 06:04:52-07,JumpDC,pedal-assist-bike,2018-12-17 06:05:00-07,-77.0175733333333,38.9026033333333
JumpDC-bike_18878,JUMP DC-0837,2018-12-17 06:04:52-07,JumpDC,pedal-assist-bike,2018-12-17 06:05:00-07,-77.0175316666667,38.9038566666667
JumpDC-bike_16527,JUMP DC-0212,2018-12-17 06:04:52-07,JumpDC,pedal-assist-bike,2018-12-17 06:05:00-07,-77.0173766666667,38.9023383333333
JumpDC-bike_23228,JUMP DC-2537,2018-12-17 06:04:52-07,JumpDC,pedal-assist-bike,2018-12-17 06:05:00-07,-77.0175866666667,38.9026333333333
JumpDC-bike_18828,JUMP DC-0705,2018-12-17 06:04:52-07,JumpDC,pedal-assist-bike,2018-12-17 06:05:00-07,-77.0175183333333,38.9025383333333
JumpDC-bike_18826,JUMP DC-0703,2018-12-17 06:04:52-07,JumpDC,pedal-assist-bike,2018-12-17 06:05:00-07,-77.0174366666667,38.9023183333333
JumpDC-bike_23630,JUMP DC-2665,2018-12-17 06:04:52-07,JumpDC,pedal-assist-bike,2018-12-17 06:05:00-07,-77.0072633333333,38.903835
JumpDC-bike_18830,JUMP DC-0707,2018-12-17 06:04:52-07,JumpDC,pedal-assist-bike,2018-12-17 06:05:00-07,-77.0115,38.9025916666667
JumpDC-bike_23680,JUMP DC-2715,2018-12-17 06:04:52-07,JumpDC,pedal-assist-bike,2018-12-17 06:05:00-07,-76.997995,38.9047183333333
JumpDC-bike_18887,JUMP DC-0764,2018-12-17 06:04:52-07,JumpDC,pedal-assist-bike,2018-12-17 06:05:00-07,-76.99783,38.9036966666667
SkipDC-352897091275001,"",2018-12-17 06:05:10-07,SkipDC,electric-scooter,2018-12-17 06:05:00-07,-76.9968745,38.9043743
JumpDC-bike_23480,JUMP DC-2615,2018-12-17 06:04:52-07,JumpDC,pedal-assist-bike,2018-12-17 06:05:00-07,-77.073395,38.9099
JumpDC-bike_23713,JUMP DC-2748,2018-12-17 06:04:52-07,JumpDC,pedal-assist-bike,2018-12-17 06:05:00-07,-77.010065,38.9086533333333
JumpDC-bike_23509,JUMP DC-2644,2018-12-17 06:04:52-07,JumpDC,pedal-assist-bike,2018-12-17 06:05:00-07,-77.0059383333333,38.9065233333333
JumpDC-bike_23651,JUMP DC-2686,2018-12-17 06:04:52-07,JumpDC,pedal-assist-bike,2018-12-17 06:05:00-07,-77.00596,38.9063083333333
JumpDC-bike_18835,JUMP DC-0712,2018-12-17 06:04:52-07,JumpDC,pedal-assist-bike,2018-12-17 06:05:00-07,-77.005985,38.9074566666667
JumpDC-bike_23706,JUMP DC-2741,2018-12-17 06:04:52-07,JumpDC,pedal-assist-bike,2018-12-17 06:05:00-07,-77.0057133333333,38.9064516666667
JumpDC-bike_16501,JUMP DC-0188,2018-12-17 06:04:52-07,JumpDC,pedal-assist-bike,2018-12-17 06:05:00-07,-76.9979916666667,38.90848
JumpDC-bike_23642,JUMP DC-2677,2018-12-17 06:04:52-07,JumpDC,pedal-assist-bike,2018-12-17 06:05:00-07,-76.9525283333333,38.905965
SkipDC-352897091392301,"",2018-12-17 06:05:10-07,SkipDC,electric-scooter,2018-12-17 06:05:00-07,-77.07343,38.9109917
BirdDC-9FMJH,9FMJH,2018-12-17 06:04:45-07,BirdDC,electric-scooter,2018-12-17 06:05:00-07,-77.0537033333333,38.9107633333333
BirdDC-Y3MHK,Y3MHK,2018-12-17 06:04:45-07,BirdDC,electric-scooter,2018-12-17 06:05:00-07,-77.0487983333333,38.9129633333333
JumpDC-bike_23216,JUMP DC-2525,2018-12-17 06:04:52-07,JumpDC,pedal-assist-bike,2018-12-17 06:05:00-07,-77.0445383333333,38.9111266666667
JumpDC-bike_23648,JUMP DC-2683,2018-12-17 06:04:52-07,JumpDC,pedal-assist-bike,2018-12-17 06:05:00-07,-77.038405,38.9140866666667
BirdDC-ZAKEB,ZAKEB,2018-12-17 06:04:45-07,BirdDC,electric-scooter,2018-12-17 06:05:00-07,-77.0361483333333,38.91322
JumpDC-bike_23178,JUMP DC-2487,2018-12-17 06:04:52-07,JumpDC,pedal-assist-bike,2018-12-17 06:05:00-07,-77.0346633333333,38.913365
JumpDC-bike_18869,JUMP DC-0828,2018-12-17 06:04:52-07,JumpDC,pedal-assist-bike,2018-12-17 06:05:00-07,-77.031795,38.9100116666667
JumpDC-bike_23702,JUMP DC-2737,2018-12-17 06:04:52-07,JumpDC,pedal-assist-bike,2018-12-17 06:05:00-07,-77.0319916666667,38.9100933333333
BirdDC-WXJH7,WXJH7,2018-12-17 06:04:45-07,BirdDC,electric-scooter,2018-12-17 06:05:00-07,-77.0288166666667,38.912575
BirdDC-1CPUF,1CPUF,2018-12-17 06:04:45-07,BirdDC,electric-scooter,2018-12-17 06:05:00-07,-77.02436,38.9141266666667
SkipDC-352897091437825,"",2018-12-17 06:05:10-07,SkipDC,electric-scooter,2018-12-17 06:05:00-07,-77.0235883,38.9120483
JumpDC-bike_23433,JUMP DC-2568,2018-12-17 06:04:52-07,JumpDC,pedal-assist-bike,2018-12-17 06:05:00-07,-77.0204516666667,38.913675
SkipDC-352897091274764,"",2018-12-17 06:05:10-07,SkipDC,electric-scooter,2018-12-17 06:05:00-07,-77.0177333,38.9131267
JumpDC-bike_16615,JUMP DC-0250,2018-12-17 06:04:52-07,JumpDC,pedal-assist-bike,2018-12-17 06:05:00-07,-77.0225066666667,38.9127916666667
JumpDC-bike_23496,JUMP DC-2631,2018-12-17 06:04:52-07,JumpDC,pedal-assist-bike,2018-12-17 06:05:00-07,-77.0152166666667,38.9133633333333
JumpDC-bike_18909,JUMP DC-0788,2018-12-17 06:04:52-07,JumpDC,pedal-assist-bike,2018-12-17 06:05:00-07,-77.0122033333333,38.9127033333333
JumpDC-bike_23142,JUMP DC-2451,2018-12-17 06:04:52-07,JumpDC,pedal-assist-bike,2018-12-17 06:05:00-07,-77.0118866666667,38.9155683333333
JumpDC-bike_23619,JUMP DC-2654,2018-12-17 06:04:52-07,JumpDC,pedal-assist-bike,2018-12-17 06:05:00-07,-77.0125416666667,38.9155916666667
JumpDC-bike_18867,JUMP DC-0826,2018-12-17 06:04:52-07,JumpDC,pedal-assist-bike,2018-12-17 06:05:00-07,-77.0116533333333,38.91563
JumpDC-bike_23203,JUMP DC-2512,2018-12-17 06:04:52-07,JumpDC,pedal-assist-bike,2018-12-17 06:05:00-07,-77.0018933333333,38.9156183333333
JumpDC-bike_23660,JUMP DC-2695,2018-12-17 06:04:52-07,JumpDC,pedal-assist-bike,2018-12-17 06:05:00-07,-76.9836966666667,38.914975
JumpDC-bike_18850,JUMP DC-0690,2018-12-17 06:04:52-07,JumpDC,pedal-assist-bike,2018-12-17 06:05:00-07,-77.043455,38.9216116666667
BirdDC-N3HG5,N3HG5,2018-12-17 06:04:45-07,BirdDC,electric-scooter,2018-12-17 06:05:00-07,-77.043755,38.9223933333333
JumpDC-bike_18839,JUMP DC-0716,2018-12-17 06:04:52-07,JumpDC,pedal-assist-bike,2018-12-17 06:05:00-07,-77.043705,38.9219083333333
JumpDC-bike_23643,JUMP DC-2678,2018-12-17 06:04:52-07,JumpDC,pedal-assist-bike,2018-12-17 06:05:00-07,-77.04242,38.92272
JumpDC-bike_23415,JUMP DC-2550,2018-12-17 06:04:52-07,JumpDC,pedal-assist-bike,2018-12-17 06:05:00-07,-77.0425733333333,38.92236
JumpDC-bike_23420,JUMP DC-2555,2018-12-17 06:04:52-07,JumpDC,pedal-assist-bike,2018-12-17 06:05:00-07,-77.043555,38.9217116666667
JumpDC-bike_23479,JUMP DC-2614,2018-12-17 06:04:52-07,JumpDC,pedal-assist-bike,2018-12-17 06:05:00-07,-77.0426233333333,38.9229783333333
JumpDC-bike_23634,JUMP DC-2669,2018-12-17 06:04:52-07,JumpDC,pedal-assist-bike,2018-12-17 06:05:00-07,-77.043565,38.921725
JumpDC-bike_18827,JUMP DC-0704,2018-12-17 06:04:52-07,JumpDC,pedal-assist-bike,2018-12-17 06:05:00-07,-77.0365683333333,38.9213383333333
BirdDC-Y1TA5,Y1TA5,2018-12-17 06:04:45-07,BirdDC,electric-scooter,2018-12-17 06:05:00-07,-77.0393011,38.9189451
BirdDC-FWYI7,FWYI7,2018-12-17 06:04:45-07,BirdDC,electric-scooter,2018-12-17 06:05:00-07,-77.0392879,38.9189784
BirdDC-HXMRN,HXMRN,2018-12-17 06:04:45-07,BirdDC,electric-scooter,2018-12-17 06:05:00-07,-77.0369716666667,38.9203183333333
JumpDC-bike_18898,JUMP DC-0777,2018-12-17 06:04:52-07,JumpDC,pedal-assist-bike,2018-12-17 06:05:00-07,-77.01821,38.9205516666667
BirdDC-5IB4S,5IB4S,2018-12-17 06:04:45-07,BirdDC,electric-scooter,2018-12-17 06:05:00-07,-77.0169216666667,38.9205816666667
JumpDC-bike_18864,JUMP DC-0823,2018-12-17 06:04:52-07,JumpDC,pedal-assist-bike,2018-12-17 06:05:00-07,-76.9621533333333,38.9189333333333
JumpDC-bike_18866,JUMP DC-0825,2018-12-17 06:04:52-07,JumpDC,pedal-assist-bike,2018-12-17 06:05:00-07,-76.962095,38.9190416666667
JumpDC-bike_23482,JUMP DC-2617,2018-12-17 06:04:52-07,JumpDC,pedal-assist-bike,2018-12-17 06:05:00-07,-76.96213,38.919155
JumpDC-bike_23434,JUMP DC-2569,2018-12-17 06:04:52-07,JumpDC,pedal-assist-bike,2018-12-17 06:05:00-07,-76.9621966666667,38.9191433333333
JumpDC-bike_16496,JUMP DC-0183,2018-12-17 06:04:52-07,JumpDC,pedal-assist-bike,2018-12-17 06:05:00-07,-77.073145,38.92497
JumpDC-bike_18883,JUMP DC-0842,2018-12-17 06:04:52-07,JumpDC,pedal-assist-bike,2018-12-17 06:05:00-07,-77.0406083333333,38.9253483333333
JumpDC-bike_23710,JUMP DC-2745,2018-12-17 06:04:52-07,JumpDC,pedal-assist-bike,2018-12-17 06:05:00-07,-77.0358983333333,38.9276233333333
JumpDC-bike_18848,JUMP DC-0693,2018-12-17 06:04:52-07,JumpDC,pedal-assist-bike,2018-12-17 06:05:00-07,-77.03898,38.9239066666667
JumpDC-bike_23169,JUMP DC-2478,2018-12-17 06:04:52-07,JumpDC,pedal-assist-bike,2018-12-17 06:05:00-07,-77.033425,38.923605
JumpDC-bike_23617,JUMP DC-2652,2018-12-17 06:04:52-07,JumpDC,pedal-assist-bike,2018-12-17 06:05:00-07,-77.0314733333333,38.9248266666667
SkipDC-352897091157100,"",2018-12-17 06:05:10-07,SkipDC,electric-scooter,2018-12-17 06:05:00-07,-77.032825,38.927592
JumpDC-bike_23655,JUMP DC-2690,2018-12-17 06:04:52-07,JumpDC,pedal-assist-bike,2018-12-17 06:05:00-07,-77.026975,38.9257033333333
JumpDC-bike_23467,JUMP DC-2602,2018-12-17 06:04:52-07,JumpDC,pedal-assist-bike,2018-12-17 06:05:00-07,-77.1061816666667,38.9279483333333
SkipDC-352897091325905,"",2018-12-17 06:05:10-07,SkipDC,electric-scooter,2018-12-17 06:05:00-07,-77.0772635,38.9300609
JumpDC-bike_23179,JUMP DC-2488,2018-12-17 06:04:52-07,JumpDC,pedal-assist-bike,2018-12-17 06:05:00-07,-77.0319933333333,38.93067
JumpDC-bike_23497,JUMP DC-2632,2018-12-17 06:04:52-07,JumpDC,pedal-assist-bike,2018-12-17 06:05:00-07,-77.02833,38.9323616666667
SkipDC-352897091391808,"",2018-12-17 06:05:10-07,SkipDC,electric-scooter,2018-12-17 06:05:00-07,-77.0272633,38.9692933
JumpDC-bike_18845,JUMP DC-0722,2018-12-17 06:19:02-07,JumpDC,pedal-assist-bike,2018-12-17 06:20:00-07,-77.0010633333333,38.8218166666667
BirdDC-98GGU,98GGU,2018-12-17 06:19:45-07,BirdDC,electric-scooter,2018-12-17 06:20:00-07,-77.007095,38.8265533333333
JumpDC-bike_23210,JUMP DC-2519,2018-12-17 06:19:02-07,JumpDC,pedal-assist-bike,2018-12-17 06:20:00-07,-76.9838066666667,38.86888
JumpDC-bike_23428,JUMP DC-2563,2018-12-17 06:19:02-07,JumpDC,pedal-assist-bike,2018-12-17 06:20:00-07,-76.9736366666667,38.864955
BirdDC-WJK42,WJK42,2018-12-17 06:19:45-07,BirdDC,electric-scooter,2018-12-17 06:20:00-07,-77.0120933333333,38.87207
BirdDC-L25EJ,L25EJ,2018-12-17 06:19:45-07,BirdDC,electric-scooter,2018-12-17 06:20:00-07,-77.0116116666667,38.8725133333333
JumpDC-bike_23220,JUMP DC-2529,2018-12-17 06:04:52-07,JumpDC,pedal-assist-bike,2018-12-17 06:05:00-07,-76.9992433333333,38.89614
JumpDC-bike_23237,JUMP DC-2546,2018-12-17 06:04:52-07,JumpDC,pedal-assist-bike,2018-12-17 06:05:00-07,-76.9566066666667,38.89546
JumpDC-bike_16608,JUMP DC-0243,2018-12-17 06:04:52-07,JumpDC,pedal-assist-bike,2018-12-17 06:05:00-07,-76.95653,38.8942716666667
JumpDC-bike_18862,JUMP DC-0821,2018-12-17 06:04:52-07,JumpDC,pedal-assist-bike,2018-12-17 06:05:00-07,-77.0035633333333,38.89945
JumpDC-bike_23143,JUMP DC-2452,2018-12-17 06:04:52-07,JumpDC,pedal-assist-bike,2018-12-17 06:05:00-07,-77.0033866666667,38.8993583333333
JumpDC-bike_23633,JUMP DC-2668,2018-12-17 06:04:52-07,JumpDC,pedal-assist-bike,2018-12-17 06:05:00-07,-77.0025783333333,38.8971483333333
JumpDC-bike_23201,JUMP DC-2510,2018-12-17 06:04:52-07,JumpDC,pedal-assist-bike,2018-12-17 06:05:00-07,-77.00269,38.897045
JumpDC-bike_23165,JUMP DC-2474,2018-12-17 06:04:52-07,JumpDC,pedal-assist-bike,2018-12-17 06:05:00-07,-77.003535,38.8994166666667
BirdDC-K54CZ,K54CZ,2018-12-17 06:04:45-07,BirdDC,electric-scooter,2018-12-17 06:05:00-07,-76.9754374,38.8965989
JumpDC-bike_23674,JUMP DC-2709,2018-12-17 06:04:52-07,JumpDC,pedal-assist-bike,2018-12-17 06:05:00-07,-76.9315283333333,38.899855
JumpDC-bike_23665,JUMP DC-2700,2018-12-17 06:04:52-07,JumpDC,pedal-assist-bike,2018-12-17 06:05:00-07,-77.0637033333333,38.90284
JumpDC-bike_23478,JUMP DC-2613,2018-12-17 06:04:52-07,JumpDC,pedal-assist-bike,2018-12-17 06:05:00-07,-77.0617966666667,38.9034333333333
JumpDC-bike_23711,JUMP DC-2746,2018-12-17 06:04:52-07,JumpDC,pedal-assist-bike,2018-12-17 06:05:00-07,-77.06357,38.902395
BirdDC-L83Z8,L83Z8,2018-12-17 06:04:45-07,BirdDC,electric-scooter,2018-12-17 06:05:00-07,-77.0612183333333,38.902885
JumpDC-bike_23438,JUMP DC-2573,2018-12-17 06:04:52-07,JumpDC,pedal-assist-bike,2018-12-17 06:05:00-07,-77.0712066666667,38.906735
JumpDC-bike_16532,JUMP DC-0223,2018-12-17 06:04:52-07,JumpDC,pedal-assist-bike,2018-12-17 06:05:00-07,-77.071215,38.9067383333333
SkipDC-352897091276280,"",2018-12-17 06:05:10-07,SkipDC,electric-scooter,2018-12-17 06:05:00-07,-77.0678336,38.9097523
BirdDC-MXK9Q,MXK9Q,2018-12-17 06:04:45-07,BirdDC,electric-scooter,2018-12-17 06:05:00-07,-77.0632783333333,38.9074666666667
BirdDC-HRNFR,HRNFR,2018-12-17 06:04:45-07,BirdDC,electric-scooter,2018-12-17 06:05:00-07,-77.05481,38.9089583333333
SkipDC-352897091432800,"",2018-12-17 06:05:10-07,SkipDC,electric-scooter,2018-12-17 06:05:00-07,-77.04991,38.9072117
JumpDC-bike_16488,JUMP DC-0214,2018-12-17 06:04:52-07,JumpDC,pedal-assist-bike,2018-12-17 06:05:00-07,-77.041605,38.9098083333333
JumpDC-bike_23458,JUMP DC-2593,2018-12-17 06:04:52-07,JumpDC,pedal-assist-bike,2018-12-17 06:05:00-07,-77.0451033333333,38.9081683333333
JumpDC-bike_23672,JUMP DC-2707,2018-12-17 06:04:52-07,JumpDC,pedal-assist-bike,2018-12-17 06:05:00-07,-77.041695,38.90937
JumpDC-bike_23639,JUMP DC-2674,2018-12-17 06:04:52-07,JumpDC,pedal-assist-bike,2018-12-17 06:05:00-07,-77.0470316666667,38.9097333333333
JumpDC-bike_23166,JUMP DC-2475,2018-12-17 06:04:52-07,JumpDC,pedal-assist-bike,2018-12-17 06:05:00-07,-77.0394233333333,38.9063883333333
BirdDC-EZH3L,EZH3L,2018-12-17 06:04:45-07,BirdDC,electric-scooter,2018-12-17 06:05:00-07,-77.038505,38.9072533333333
JumpDC-bike_18879,JUMP DC-0838,2018-12-17 06:04:52-07,JumpDC,pedal-assist-bike,2018-12-17 06:05:00-07,-77.0365116666667,38.909635
JumpDC-bike_23176,JUMP DC-2485,2018-12-17 06:04:52-07,JumpDC,pedal-assist-bike,2018-12-17 06:05:00-07,-77.0327116666667,38.9096883333333
JumpDC-bike_23671,JUMP DC-2706,2018-12-17 06:04:52-07,JumpDC,pedal-assist-bike,2018-12-17 06:05:00-07,-77.0339,38.9097683333333
BirdDC-XDWQL,XDWQL,2018-12-17 06:04:45-07,BirdDC,electric-scooter,2018-12-17 06:05:00-07,-77.0307383333333,38.9075733333333
BirdDC-MUC2C,MUC2C,2018-12-17 06:04:45-07,BirdDC,electric-scooter,2018-12-17 06:05:00-07,-77.0330733333333,38.9073183333333
JumpDC-bike_23687,JUMP DC-2722,2018-12-17 06:04:52-07,JumpDC,pedal-assist-bike,2018-12-17 06:05:00-07,-77.0308966666667,38.907505
JumpDC-bike_23157,JUMP DC-2466,2018-12-17 06:04:52-07,JumpDC,pedal-assist-bike,2018-12-17 06:05:00-07,-77.033965,38.9097216666667
JumpDC-bike_23677,JUMP DC-2712,2018-12-17 06:04:52-07,JumpDC,pedal-assist-bike,2018-12-17 06:05:00-07,-77.0340716666667,38.90961
JumpDC-bike_18934,JUMP DC-0813,2018-12-17 06:04:52-07,JumpDC,pedal-assist-bike,2018-12-17 06:05:00-07,-77.03305,38.909695
BirdDC-U9ZLP,U9ZLP,2018-12-17 06:04:45-07,BirdDC,electric-scooter,2018-12-17 06:05:00-07,-77.0288905488663,38.9063251036976
JumpDC-bike_16607,JUMP DC-0242,2018-12-17 06:04:52-07,JumpDC,pedal-assist-bike,2018-12-17 06:05:00-07,-77.0228683333333,38.9089366666667
JumpDC-bike_23235,JUMP DC-2544,2018-12-17 06:04:52-07,JumpDC,pedal-assist-bike,2018-12-17 06:05:00-07,-77.0132383333333,38.9060316666667
BirdDC-FLAWV,FLAWV,2018-12-17 06:04:45-07,BirdDC,electric-scooter,2018-12-17 06:05:00-07,-77.015465,38.9096266666667
JumpDC-bike_23180,JUMP DC-2489,2018-12-17 06:04:52-07,JumpDC,pedal-assist-bike,2018-12-17 06:05:00-07,-77.01222,38.9127383333333
JumpDC-bike_18851,JUMP DC-0696 (Dummy Controller),2018-12-17 06:04:52-07,JumpDC,pedal-assist-bike,2018-12-17 06:05:00-07,-77.0112433333333,38.9110716666667
JumpDC-bike_23471,JUMP DC-2606,2018-12-17 06:04:52-07,JumpDC,pedal-assist-bike,2018-12-17 06:05:00-07,-77.0109366666667,38.9126183333333
JumpDC-bike_23488,JUMP DC-2623,2018-12-17 06:04:52-07,JumpDC,pedal-assist-bike,2018-12-17 06:05:00-07,-77.00827,38.9103833333333
JumpDC-bike_23431,JUMP DC-2566,2018-12-17 06:04:52-07,JumpDC,pedal-assist-bike,2018-12-17 06:05:00-07,-76.9892,38.9108266666667
BirdDC-QJZC5,QJZC5,2018-12-17 06:04:45-07,BirdDC,electric-scooter,2018-12-17 06:05:00-07,-77.0692833333333,38.91457
JumpDC-bike_23164,JUMP DC-2473,2018-12-17 06:04:52-07,JumpDC,pedal-assist-bike,2018-12-17 06:05:00-07,-77.0444183333333,38.9180383333333
JumpDC-bike_23652,JUMP DC-2687,2018-12-17 06:04:52-07,JumpDC,pedal-assist-bike,2018-12-17 06:05:00-07,-77.0445083333333,38.9186066666667
BirdDC-JXT2M,JXT2M,2018-12-17 06:04:45-07,BirdDC,electric-scooter,2018-12-17 06:05:00-07,-77.041275,38.9147533333333
BirdDC-XAJMV,XAJMV,2018-12-17 06:04:45-07,BirdDC,electric-scooter,2018-12-17 06:05:00-07,-77.0390083333333,38.918815
BirdDC-VP73,VP73,2018-12-17 06:04:45-07,BirdDC,electric-scooter,2018-12-17 06:05:00-07,-77.0391862,38.9188162
BirdDC-Q3ER7,Q3ER7,2018-12-17 06:04:45-07,BirdDC,electric-scooter,2018-12-17 06:05:00-07,-77.03902859671,38.9187476792492
BirdDC-ILV7T,ILV7T,2018-12-17 06:04:45-07,BirdDC,electric-scooter,2018-12-17 06:05:00-07,-77.0390644837409,38.9187548947374
BirdDC-XIJYE,XIJYE,2018-12-17 06:04:45-07,BirdDC,electric-scooter,2018-12-17 06:05:00-07,-77.0391671794493,38.9188313300783
JumpDC-bike_16498,JUMP DC-0185,2018-12-17 06:04:52-07,JumpDC,pedal-assist-bike,2018-12-17 06:05:00-07,-77.0402733333333,38.9187616666667
JumpDC-bike_23199,JUMP DC-2508,2018-12-17 06:04:52-07,JumpDC,pedal-assist-bike,2018-12-17 06:05:00-07,-77.0370616666667,38.918175
BirdDC-VSXD,VSXD,2018-12-17 06:04:45-07,BirdDC,electric-scooter,2018-12-17 06:05:00-07,-77.0392428339245,38.9187512174611
BirdDC-SQKPA,SQKPA,2018-12-17 06:04:45-07,BirdDC,electric-scooter,2018-12-17 06:05:00-07,-77.0391671794493,38.9188313300783
BirdDC-62I7A,62I7A,2018-12-17 06:04:45-07,BirdDC,electric-scooter,2018-12-17 06:05:00-07,-77.031945,38.9184616666667
JumpDC-bike_23694,JUMP DC-2729,2018-12-17 06:04:52-07,JumpDC,pedal-assist-bike,2018-12-17 06:05:00-07,-77.028925,38.916875
JumpDC-bike_23171,JUMP DC-2480,2018-12-17 06:04:52-07,JumpDC,pedal-assist-bike,2018-12-17 06:05:00-07,-77.0289183333333,38.916805
JumpDC-bike_18894,JUMP DC-0773,2018-12-17 06:04:52-07,JumpDC,pedal-assist-bike,2018-12-17 06:05:00-07,-77.0255483333333,38.91711
BirdDC-71II5,71II5,2018-12-17 06:04:45-07,BirdDC,electric-scooter,2018-12-17 06:05:00-07,-77.0245283333333,38.9169583333333
JumpDC-bike_23513,JUMP DC-2648,2018-12-17 06:04:52-07,JumpDC,pedal-assist-bike,2018-12-17 06:05:00-07,-77.028695,38.9169916666667
JumpDC-bike_16523,JUMP DC-0167,2018-12-17 06:04:52-07,JumpDC,pedal-assist-bike,2018-12-17 06:05:00-07,-77.0184366666667,38.915305
JumpDC-bike_23698,JUMP DC-2733,2018-12-17 06:04:52-07,JumpDC,pedal-assist-bike,2018-12-17 06:05:00-07,-77.0118766666667,38.9155266666667
JumpDC-bike_18928,JUMP DC-0807,2018-12-17 06:04:52-07,JumpDC,pedal-assist-bike,2018-12-17 06:05:00-07,-77.0283816666667,38.932305
JumpDC-bike_23443,JUMP DC-2578,2018-12-17 06:04:52-07,JumpDC,pedal-assist-bike,2018-12-17 06:05:00-07,-77.0559366666667,38.9370083333333
JumpDC-bike_23439,JUMP DC-2574,2018-12-17 06:04:52-07,JumpDC,pedal-assist-bike,2018-12-17 06:05:00-07,-77.04088,38.939295
JumpDC-bike_23229,JUMP DC-2538,2018-12-17 06:04:52-07,JumpDC,pedal-assist-bike,2018-12-17 06:05:00-07,-77.0251766666667,38.942595
JumpDC-bike_23638,JUMP DC-2673,2018-12-17 06:04:52-07,JumpDC,pedal-assist-bike,2018-12-17 06:05:00-07,-76.95918,38.941515
SkipDC-352897091273907,"",2018-12-17 06:19:46-07,SkipDC,electric-scooter,2018-12-17 06:20:00-07,-76.9968967,38.8568267
JumpDC-bike_23182,JUMP DC-2491,2018-12-17 06:19:02-07,JumpDC,pedal-assist-bike,2018-12-17 06:20:00-07,-76.9725533333333,38.8567333333333
JumpDC-bike_23189,JUMP DC-2498,2018-12-17 06:19:02-07,JumpDC,pedal-assist-bike,2018-12-17 06:20:00-07,-76.9950266666667,38.8623433333333
JumpDC-bike_23455,JUMP DC-2590,2018-12-17 06:19:02-07,JumpDC,pedal-assist-bike,2018-12-17 06:20:00-07,-77.026495,38.8811333333333
JumpDC-bike_23230,JUMP DC-2539,2018-12-17 06:19:02-07,JumpDC,pedal-assist-bike,2018-12-17 06:20:00-07,-77.0265233333333,38.8810783333333
JumpDC-bike_23450,JUMP DC-2585,2018-12-17 06:19:02-07,JumpDC,pedal-assist-bike,2018-12-17 06:20:00-07,-77.0147533333333,38.8815683333333
SkipDC-352897091319809,"",2018-12-17 06:19:46-07,SkipDC,electric-scooter,2018-12-17 06:20:00-07,-77.0146073,38.8794268
JumpDC-bike_23209,JUMP DC-2518,2018-12-17 06:19:02-07,JumpDC,pedal-assist-bike,2018-12-17 06:20:00-07,-77.0052416666667,38.8804666666667
JumpDC-bike_23147,JUMP DC-2456,2018-12-17 06:19:02-07,JumpDC,pedal-assist-bike,2018-12-17 06:20:00-07,-76.9901983333333,38.87967
JumpDC-bike_23684,JUMP DC-2719,2018-12-17 06:19:02-07,JumpDC,pedal-assist-bike,2018-12-17 06:20:00-07,-76.9855666666667,38.8813066666667
JumpDC-bike_23476,JUMP DC-2611,2018-12-17 06:19:02-07,JumpDC,pedal-assist-bike,2018-12-17 06:20:00-07,-76.9853233333333,38.8809433333333
SkipDC-352897091431323,"",2018-12-17 06:19:46-07,SkipDC,electric-scooter,2018-12-17 06:20:00-07,-77.0351667,38.8852233
JumpDC-bike_23945,JUMP DC-2454,2018-12-17 06:19:02-07,JumpDC,pedal-assist-bike,2018-12-17 06:20:00-07,-77.0256283333333,38.8837516666667
JumpDC-bike_18820,JUMP DC-0688,2018-12-17 06:19:02-07,JumpDC,pedal-assist-bike,2018-12-17 06:20:00-07,-77.0027216666667,38.890265
JumpDC-bike_18874,JUMP DC-0833,2018-12-17 06:19:02-07,JumpDC,pedal-assist-bike,2018-12-17 06:20:00-07,-76.9942683333333,38.88827
JumpDC-bike_16514,JUMP DC-0202,2018-12-17 06:19:02-07,JumpDC,pedal-assist-bike,2018-12-17 06:20:00-07,-76.99881,38.88973
JumpDC-bike_23682,JUMP DC-2717,2018-12-17 06:19:02-07,JumpDC,pedal-assist-bike,2018-12-17 06:20:00-07,-76.99162,38.8887916666667
JumpDC-bike_23153,JUMP DC-2462,2018-12-17 06:19:02-07,JumpDC,pedal-assist-bike,2018-12-17 06:20:00-07,-77.0503666666667,38.892805
JumpDC-bike_23656,JUMP DC-2691,2018-12-17 06:19:02-07,JumpDC,pedal-assist-bike,2018-12-17 06:20:00-07,-77.05033,38.8928283333333
SkipDC-352897091387145,"",2018-12-17 06:19:46-07,SkipDC,electric-scooter,2018-12-17 06:20:00-07,-77.03453,38.894755
JumpDC-bike_23700,JUMP DC-2735,2018-12-17 06:19:02-07,JumpDC,pedal-assist-bike,2018-12-17 06:20:00-07,-77.022,38.8936466666667
JumpDC-bike_23202,JUMP DC-2511,2018-12-17 06:19:02-07,JumpDC,pedal-assist-bike,2018-12-17 06:20:00-07,-77.021845,38.8941883333333
JumpDC-bike_23670,JUMP DC-2705,2018-12-17 06:19:02-07,JumpDC,pedal-assist-bike,2018-12-17 06:20:00-07,-77.0164283333333,38.8919533333333
SkipDC-352897091386923,"",2018-12-17 06:19:46-07,SkipDC,electric-scooter,2018-12-17 06:20:00-07,-77.0152017,38.8950667
JumpDC-bike_23220,JUMP DC-2529,2018-12-17 06:19:02-07,JumpDC,pedal-assist-bike,2018-12-17 06:20:00-07,-76.9992433333333,38.89614
JumpDC-bike_23237,JUMP DC-2546,2018-12-17 06:19:02-07,JumpDC,pedal-assist-bike,2018-12-17 06:20:00-07,-76.9566066666667,38.89546
JumpDC-bike_16608,JUMP DC-0243,2018-12-17 06:19:02-07,JumpDC,pedal-assist-bike,2018-12-17 06:20:00-07,-76.95653,38.8942716666667
JumpDC-bike_23445,JUMP DC-2580,2018-12-17 06:19:02-07,JumpDC,pedal-assist-bike,2018-12-17 06:20:00-07,-77.0637283333333,38.90047
BirdDC-23MRF,23MRF,2018-12-17 06:19:45-07,BirdDC,electric-scooter,2018-12-17 06:20:00-07,-77.0551983333333,38.8973583333333
BirdDC-VFILH,VFILH,2018-12-17 06:19:45-07,BirdDC,electric-scooter,2018-12-17 06:20:00-07,-77.04499,38.899665
BirdDC-HJAHS,HJAHS,2018-12-17 06:19:45-07,BirdDC,electric-scooter,2018-12-17 06:20:00-07,-77.045365,38.8997033333333
BirdDC-8WQY4,8WQY4,2018-12-17 06:19:45-07,BirdDC,electric-scooter,2018-12-17 06:20:00-07,-77.0450216666667,38.8997533333333
JumpDC-bike_23478,JUMP DC-2613,2018-12-17 06:19:02-07,JumpDC,pedal-assist-bike,2018-12-17 06:20:00-07,-77.0617966666667,38.9034333333333
JumpDC-bike_23665,JUMP DC-2700,2018-12-17 06:19:02-07,JumpDC,pedal-assist-bike,2018-12-17 06:20:00-07,-77.0637033333333,38.90284
JumpDC-bike_23711,JUMP DC-2746,2018-12-17 06:19:02-07,JumpDC,pedal-assist-bike,2018-12-17 06:20:00-07,-77.06357,38.902395
BirdDC-XE7TM,XE7TM,2018-12-17 06:19:45-07,BirdDC,electric-scooter,2018-12-17 06:20:00-07,-77.0394666666667,38.9048616666667
BirdDC-8P7TK,8P7TK,2018-12-17 06:19:45-07,BirdDC,electric-scooter,2018-12-17 06:20:00-07,-77.03482,38.902355
BirdDC-LKFF7,LKFF7,2018-12-17 06:19:45-07,BirdDC,electric-scooter,2018-12-17 06:20:00-07,-77.0319366666667,38.9032366666667
JumpDC-bike_23699,JUMP DC-2734,2018-12-17 06:19:02-07,JumpDC,pedal-assist-bike,2018-12-17 06:20:00-07,-77.02474,38.9013733333333
BirdDC-CRQC1,CRQC1,2018-12-17 06:19:45-07,BirdDC,electric-scooter,2018-12-17 06:20:00-07,-77.0262533333333,38.9023666666667
SkipDC-352897091294226,"",2018-12-17 06:19:46-07,SkipDC,electric-scooter,2018-12-17 06:20:00-07,-77.0260406,38.9037098
SkipDC-352897091457823,"",2018-12-17 06:19:46-07,SkipDC,electric-scooter,2018-12-17 06:20:00-07,-77.0259667,38.904785
JumpDC-bike_23214,JUMP DC-2523,2018-12-17 06:19:02-07,JumpDC,pedal-assist-bike,2018-12-17 06:20:00-07,-77.025895,38.9013583333333
SkipDC-352897091381809,"",2018-12-17 06:19:46-07,SkipDC,electric-scooter,2018-12-17 06:20:00-07,-77.0200467,38.9016093
JumpDC-bike_18871,JUMP DC-0830,2018-12-17 06:19:02-07,JumpDC,pedal-assist-bike,2018-12-17 06:20:00-07,-77.01768,38.9042
JumpDC-bike_16527,JUMP DC-0212,2018-12-17 06:19:02-07,JumpDC,pedal-assist-bike,2018-12-17 06:20:00-07,-77.0173766666667,38.9023383333333
JumpDC-bike_23228,JUMP DC-2537,2018-12-17 06:19:02-07,JumpDC,pedal-assist-bike,2018-12-17 06:20:00-07,-77.0175866666667,38.9026333333333
JumpDC-bike_18828,JUMP DC-0705,2018-12-17 06:19:02-07,JumpDC,pedal-assist-bike,2018-12-17 06:20:00-07,-77.0175183333333,38.9025383333333
JumpDC-bike_18826,JUMP DC-0703,2018-12-17 06:19:02-07,JumpDC,pedal-assist-bike,2018-12-17 06:20:00-07,-77.0174366666667,38.9023183333333
JumpDC-bike_23506,JUMP DC-2641,2018-12-17 06:19:02-07,JumpDC,pedal-assist-bike,2018-12-17 06:20:00-07,-77.0175733333333,38.9026033333333
JumpDC-bike_18878,JUMP DC-0837,2018-12-17 06:19:02-07,JumpDC,pedal-assist-bike,2018-12-17 06:20:00-07,-77.0175316666667,38.9038566666667
JumpDC-bike_23630,JUMP DC-2665,2018-12-17 06:19:02-07,JumpDC,pedal-assist-bike,2018-12-17 06:20:00-07,-77.0072633333333,38.903835
JumpDC-bike_18830,JUMP DC-0707,2018-12-17 06:19:02-07,JumpDC,pedal-assist-bike,2018-12-17 06:20:00-07,-77.0115,38.9025916666667
JumpDC-bike_23680,JUMP DC-2715,2018-12-17 06:19:02-07,JumpDC,pedal-assist-bike,2018-12-17 06:20:00-07,-76.997995,38.9047183333333
JumpDC-bike_18887,JUMP DC-0764,2018-12-17 06:19:02-07,JumpDC,pedal-assist-bike,2018-12-17 06:20:00-07,-76.99783,38.9036966666667
SkipDC-352897091275001,"",2018-12-17 06:19:46-07,SkipDC,electric-scooter,2018-12-17 06:20:00-07,-76.996782,38.9043862
JumpDC-bike_23438,JUMP DC-2573,2018-12-17 06:19:02-07,JumpDC,pedal-assist-bike,2018-12-17 06:20:00-07,-77.0712066666667,38.906735
JumpDC-bike_16532,JUMP DC-0223,2018-12-17 06:19:02-07,JumpDC,pedal-assist-bike,2018-12-17 06:20:00-07,-77.071215,38.9067383333333
JumpDC-bike_23480,JUMP DC-2615,2018-12-17 06:19:02-07,JumpDC,pedal-assist-bike,2018-12-17 06:20:00-07,-77.073395,38.9099
SkipDC-352897091276280,"",2018-12-17 06:19:46-07,SkipDC,electric-scooter,2018-12-17 06:20:00-07,-77.0678509,38.9097739
BirdDC-MXK9Q,MXK9Q,2018-12-17 06:19:45-07,BirdDC,electric-scooter,2018-12-17 06:20:00-07,-77.0633083333333,38.90746
BirdDC-HRNFR,HRNFR,2018-12-17 06:19:45-07,BirdDC,electric-scooter,2018-12-17 06:20:00-07,-77.0548016666667,38.90895
SkipDC-352897091432800,"",2018-12-17 06:19:46-07,SkipDC,electric-scooter,2018-12-17 06:20:00-07,-77.04991,38.9072117
JumpDC-bike_16488,JUMP DC-0214,2018-12-17 06:19:02-07,JumpDC,pedal-assist-bike,2018-12-17 06:20:00-07,-77.041605,38.9098083333333
JumpDC-bike_18844,JUMP DC-0721,2018-12-17 06:19:02-07,JumpDC,pedal-assist-bike,2018-12-17 06:20:00-07,-77.0448133333333,38.90805
JumpDC-bike_23458,JUMP DC-2593,2018-12-17 06:19:02-07,JumpDC,pedal-assist-bike,2018-12-17 06:20:00-07,-77.0451033333333,38.9081683333333
JumpDC-bike_23672,JUMP DC-2707,2018-12-17 06:19:02-07,JumpDC,pedal-assist-bike,2018-12-17 06:20:00-07,-77.041695,38.90937
JumpDC-bike_23639,JUMP DC-2674,2018-12-17 06:19:02-07,JumpDC,pedal-assist-bike,2018-12-17 06:20:00-07,-77.0470316666667,38.9097333333333
JumpDC-bike_23166,JUMP DC-2475,2018-12-17 06:19:02-07,JumpDC,pedal-assist-bike,2018-12-17 06:20:00-07,-77.0394233333333,38.9063883333333
BirdDC-EZH3L,EZH3L,2018-12-17 06:19:45-07,BirdDC,electric-scooter,2018-12-17 06:20:00-07,-77.0385366666667,38.90725
JumpDC-bike_18879,JUMP DC-0838,2018-12-17 06:19:02-07,JumpDC,pedal-assist-bike,2018-12-17 06:20:00-07,-77.0365116666667,38.909635
JumpDC-bike_23216,JUMP DC-2525,2018-12-17 06:19:02-07,JumpDC,pedal-assist-bike,2018-12-17 06:20:00-07,-77.0445383333333,38.9111266666667
JumpDC-bike_18853,JUMP DC-0695,2018-12-17 06:19:02-07,JumpDC,pedal-assist-bike,2018-12-17 06:20:00-07,-77.0445683333333,38.9109216666667
JumpDC-bike_18857,JUMP DC-0766,2018-12-17 06:19:02-07,JumpDC,pedal-assist-bike,2018-12-17 06:20:00-07,-77.0437283333333,38.9111633333333
JumpDC-bike_23466,JUMP DC-2601,2018-12-17 06:19:02-07,JumpDC,pedal-assist-bike,2018-12-17 06:20:00-07,-77.0439583333333,38.9108816666667
JumpDC-bike_23648,JUMP DC-2683,2018-12-17 06:19:02-07,JumpDC,pedal-assist-bike,2018-12-17 06:20:00-07,-77.038405,38.9140866666667
BirdDC-ZAKEB,ZAKEB,2018-12-17 06:19:45-07,BirdDC,electric-scooter,2018-12-17 06:20:00-07,-77.0361483333333,38.91322
JumpDC-bike_23178,JUMP DC-2487,2018-12-17 06:19:02-07,JumpDC,pedal-assist-bike,2018-12-17 06:20:00-07,-77.0346633333333,38.913365
JumpDC-bike_18869,JUMP DC-0828,2018-12-17 06:19:02-07,JumpDC,pedal-assist-bike,2018-12-17 06:20:00-07,-77.031795,38.9100116666667
JumpDC-bike_23702,JUMP DC-2737,2018-12-17 06:19:02-07,JumpDC,pedal-assist-bike,2018-12-17 06:20:00-07,-77.0319916666667,38.9100933333333
BirdDC-WXJH7,WXJH7,2018-12-17 06:19:45-07,BirdDC,electric-scooter,2018-12-17 06:20:00-07,-77.0288166666667,38.912575
BirdDC-1CPUF,1CPUF,2018-12-17 06:19:45-07,BirdDC,electric-scooter,2018-12-17 06:20:00-07,-77.02436,38.9141166666667
JumpDC-bike_23433,JUMP DC-2568,2018-12-17 06:19:02-07,JumpDC,pedal-assist-bike,2018-12-17 06:20:00-07,-77.0204516666667,38.913675
SkipDC-352897091437825,"",2018-12-17 06:19:46-07,SkipDC,electric-scooter,2018-12-17 06:20:00-07,-77.023495,38.9119967
SkipDC-352897091274764,"",2018-12-17 06:19:46-07,SkipDC,electric-scooter,2018-12-17 06:20:00-07,-77.0177333,38.9131267
JumpDC-bike_16615,JUMP DC-0250,2018-12-17 06:19:02-07,JumpDC,pedal-assist-bike,2018-12-17 06:20:00-07,-77.0225066666667,38.9127916666667
JumpDC-bike_23496,JUMP DC-2631,2018-12-17 06:19:02-07,JumpDC,pedal-assist-bike,2018-12-17 06:20:00-07,-77.0152166666667,38.9133633333333
JumpDC-bike_18909,JUMP DC-0788,2018-12-17 06:19:02-07,JumpDC,pedal-assist-bike,2018-12-17 06:20:00-07,-77.0122033333333,38.9127033333333
JumpDC-bike_23180,JUMP DC-2489,2018-12-17 06:19:02-07,JumpDC,pedal-assist-bike,2018-12-17 06:20:00-07,-77.01222,38.9127383333333
JumpDC-bike_23488,JUMP DC-2623,2018-12-17 06:19:02-07,JumpDC,pedal-assist-bike,2018-12-17 06:20:00-07,-77.00827,38.9103833333333
JumpDC-bike_18851,JUMP DC-0696 (Dummy Controller),2018-12-17 06:19:02-07,JumpDC,pedal-assist-bike,2018-12-17 06:20:00-07,-77.0112433333333,38.9110716666667
JumpDC-bike_23471,JUMP DC-2606,2018-12-17 06:19:02-07,JumpDC,pedal-assist-bike,2018-12-17 06:20:00-07,-77.0109366666667,38.9126183333333
JumpDC-bike_23431,JUMP DC-2566,2018-12-17 06:19:02-07,JumpDC,pedal-assist-bike,2018-12-17 06:20:00-07,-76.9892,38.9108266666667
BirdDC-QJZC5,QJZC5,2018-12-17 06:19:45-07,BirdDC,electric-scooter,2018-12-17 06:20:00-07,-77.069275,38.9145733333333
JumpDC-bike_23652,JUMP DC-2687,2018-12-17 06:19:02-07,JumpDC,pedal-assist-bike,2018-12-17 06:20:00-07,-77.0445083333333,38.9186066666667
JumpDC-bike_23683,JUMP DC-2718,2018-12-17 06:19:02-07,JumpDC,pedal-assist-bike,2018-12-17 06:20:00-07,-77.04176,38.918155
BirdDC-JXT2M,JXT2M,2018-12-17 06:19:45-07,BirdDC,electric-scooter,2018-12-17 06:20:00-07,-77.041275,38.9147833333333
JumpDC-bike_18839,JUMP DC-0716,2018-12-17 06:19:02-07,JumpDC,pedal-assist-bike,2018-12-17 06:20:00-07,-77.043705,38.9219083333333
JumpDC-bike_23217,JUMP DC-2526,2018-12-17 06:19:02-07,JumpDC,pedal-assist-bike,2018-12-17 06:20:00-07,-77.0416966666667,38.9199583333333
JumpDC-bike_23479,JUMP DC-2614,2018-12-17 06:19:02-07,JumpDC,pedal-assist-bike,2018-12-17 06:20:00-07,-77.0426233333333,38.9229783333333
JumpDC-bike_18850,JUMP DC-0690,2018-12-17 06:19:02-07,JumpDC,pedal-assist-bike,2018-12-17 06:20:00-07,-77.043455,38.9216116666667
JumpDC-bike_18831,JUMP DC-0708,2018-12-17 06:19:02-07,JumpDC,pedal-assist-bike,2018-12-17 06:20:00-07,-77.041835,38.92041
JumpDC-bike_23643,JUMP DC-2678,2018-12-17 06:19:02-07,JumpDC,pedal-assist-bike,2018-12-17 06:20:00-07,-77.04242,38.92272
JumpDC-bike_23420,JUMP DC-2555,2018-12-17 06:19:02-07,JumpDC,pedal-assist-bike,2018-12-17 06:20:00-07,-77.043555,38.9217116666667
JumpDC-bike_23415,JUMP DC-2550,2018-12-17 06:19:02-07,JumpDC,pedal-assist-bike,2018-12-17 06:20:00-07,-77.0425733333333,38.92236
JumpDC-bike_23634,JUMP DC-2669,2018-12-17 06:19:02-07,JumpDC,pedal-assist-bike,2018-12-17 06:20:00-07,-77.043565,38.921725
BirdDC-N3HG5,N3HG5,2018-12-17 06:19:45-07,BirdDC,electric-scooter,2018-12-17 06:20:00-07,-77.0437466666667,38.9223783333333
JumpDC-bike_18827,JUMP DC-0704,2018-12-17 06:19:02-07,JumpDC,pedal-assist-bike,2018-12-17 06:20:00-07,-77.0365683333333,38.9213383333333
BirdDC-Y1TA5,Y1TA5,2018-12-17 06:19:45-07,BirdDC,electric-scooter,2018-12-17 06:20:00-07,-77.0393011,38.9189451
BirdDC-FWYI7,FWYI7,2018-12-17 06:19:45-07,BirdDC,electric-scooter,2018-12-17 06:20:00-07,-77.0392879,38.9189784
BirdDC-HXMRN,HXMRN,2018-12-17 06:19:45-07,BirdDC,electric-scooter,2018-12-17 06:20:00-07,-77.0369566666667,38.9203183333333
JumpDC-bike_18898,JUMP DC-0777,2018-12-17 06:19:02-07,JumpDC,pedal-assist-bike,2018-12-17 06:20:00-07,-77.01821,38.9205516666667
BirdDC-5IB4S,5IB4S,2018-12-17 06:19:45-07,BirdDC,electric-scooter,2018-12-17 06:20:00-07,-77.016945,38.9206166666667
JumpDC-bike_23482,JUMP DC-2617,2018-12-17 06:19:02-07,JumpDC,pedal-assist-bike,2018-12-17 06:20:00-07,-76.96213,38.919155
JumpDC-bike_23434,JUMP DC-2569,2018-12-17 06:19:02-07,JumpDC,pedal-assist-bike,2018-12-17 06:20:00-07,-76.9621966666667,38.9191433333333
JumpDC-bike_18866,JUMP DC-0825,2018-12-17 06:19:02-07,JumpDC,pedal-assist-bike,2018-12-17 06:20:00-07,-76.962095,38.9190416666667
JumpDC-bike_18864,JUMP DC-0823,2018-12-17 06:19:02-07,JumpDC,pedal-assist-bike,2018-12-17 06:20:00-07,-76.9621533333333,38.9189333333333
JumpDC-bike_16496,JUMP DC-0183,2018-12-17 06:19:02-07,JumpDC,pedal-assist-bike,2018-12-17 06:20:00-07,-77.073145,38.92497
JumpDC-bike_18883,JUMP DC-0842,2018-12-17 06:19:02-07,JumpDC,pedal-assist-bike,2018-12-17 06:20:00-07,-77.0406083333333,38.9253483333333
JumpDC-bike_23710,JUMP DC-2745,2018-12-17 06:19:02-07,JumpDC,pedal-assist-bike,2018-12-17 06:20:00-07,-77.0358983333333,38.9276233333333
JumpDC-bike_18848,JUMP DC-0693,2018-12-17 06:19:02-07,JumpDC,pedal-assist-bike,2018-12-17 06:20:00-07,-77.03898,38.9239066666667
JumpDC-bike_23169,JUMP DC-2478,2018-12-17 06:19:02-07,JumpDC,pedal-assist-bike,2018-12-17 06:20:00-07,-77.033425,38.923605
JumpDC-bike_23617,JUMP DC-2652,2018-12-17 06:19:02-07,JumpDC,pedal-assist-bike,2018-12-17 06:20:00-07,-77.0314733333333,38.9248266666667
SkipDC-352897091157100,"",2018-12-17 06:19:46-07,SkipDC,electric-scooter,2018-12-17 06:20:00-07,-77.032825,38.927592
JumpDC-bike_23467,JUMP DC-2602,2018-12-17 06:19:02-07,JumpDC,pedal-assist-bike,2018-12-17 06:20:00-07,-77.1061816666667,38.9279483333333
SkipDC-352897091325905,"",2018-12-17 06:19:46-07,SkipDC,electric-scooter,2018-12-17 06:20:00-07,-77.0772664,38.9300615
JumpDC-bike_23667,JUMP DC-2702,2018-12-17 06:19:02-07,JumpDC,pedal-assist-bike,2018-12-17 06:20:00-07,-77.0433416666667,38.9285683333333
JumpDC-bike_23179,JUMP DC-2488,2018-12-17 06:19:02-07,JumpDC,pedal-assist-bike,2018-12-17 06:20:00-07,-77.0319933333333,38.93067
JumpDC-bike_23497,JUMP DC-2632,2018-12-17 06:19:02-07,JumpDC,pedal-assist-bike,2018-12-17 06:20:00-07,-77.02833,38.9323616666667
JumpDC-bike_18928,JUMP DC-0807,2018-12-17 06:19:02-07,JumpDC,pedal-assist-bike,2018-12-17 06:20:00-07,-77.0283816666667,38.932305
SkipDC-352897091391808,"",2018-12-17 06:19:46-07,SkipDC,electric-scooter,2018-12-17 06:20:00-07,-77.0272617,38.969275
JumpDC-bike_18845,JUMP DC-0722,2018-12-17 06:34:24-07,JumpDC,pedal-assist-bike,2018-12-17 06:35:00-07,-77.0010633333333,38.8218166666667
BirdDC-98GGU,98GGU,2018-12-17 06:34:57-07,BirdDC,electric-scooter,2018-12-17 06:35:00-07,-77.007035,38.8265
JumpDC-bike_23210,JUMP DC-2519,2018-12-17 06:34:24-07,JumpDC,pedal-assist-bike,2018-12-17 06:35:00-07,-76.9838066666667,38.86888
JumpDC-bike_23428,JUMP DC-2563,2018-12-17 06:34:24-07,JumpDC,pedal-assist-bike,2018-12-17 06:35:00-07,-76.9736366666667,38.864955
BirdDC-WJK42,WJK42,2018-12-17 06:34:57-07,BirdDC,electric-scooter,2018-12-17 06:35:00-07,-77.012085,38.872085
BirdDC-L25EJ,L25EJ,2018-12-17 06:34:57-07,BirdDC,electric-scooter,2018-12-17 06:35:00-07,-77.01162,38.8725283333333
JumpDC-bike_16623,JUMP DC-0231,2018-12-17 06:34:24-07,JumpDC,pedal-assist-bike,2018-12-17 06:35:00-07,-77.0156166666667,38.875095
JumpDC-bike_18908,JUMP DC-0787,2018-12-17 06:34:24-07,JumpDC,pedal-assist-bike,2018-12-17 06:35:00-07,-77.0081933333333,38.8749916666667
JumpDC-bike_23676,JUMP DC-2711,2018-12-17 06:34:24-07,JumpDC,pedal-assist-bike,2018-12-17 06:35:00-07,-77.0027466666667,38.8768333333333
JumpDC-bike_23449,JUMP DC-2584,2018-12-17 06:34:24-07,JumpDC,pedal-assist-bike,2018-12-17 06:35:00-07,-77.00377,38.876335
JumpDC-bike_23637,JUMP DC-2672,2018-12-17 06:34:24-07,JumpDC,pedal-assist-bike,2018-12-17 06:35:00-07,-77.0041216666667,38.885105
JumpDC-bike_23628,JUMP DC-2663,2018-12-17 06:34:24-07,JumpDC,pedal-assist-bike,2018-12-17 06:35:00-07,-77.0019533333333,38.8867083333333
JumpDC-bike_23197,JUMP DC-2506,2018-12-17 06:34:24-07,JumpDC,pedal-assist-bike,2018-12-17 06:35:00-07,-76.995965,38.8842916666667
JumpDC-bike_23440,JUMP DC-2575,2018-12-17 06:34:24-07,JumpDC,pedal-assist-bike,2018-12-17 06:35:00-07,-76.9959783333333,38.8842616666667
JumpDC-bike_16634,JUMP DC-0226,2018-12-17 06:34:24-07,JumpDC,pedal-assist-bike,2018-12-17 06:35:00-07,-77.02373,38.8886766666667
SkipDC-352897091384506,"",2018-12-17 06:34:53-07,SkipDC,electric-scooter,2018-12-17 06:35:00-07,-77.0122933,38.887785
SkipDC-352897091457427,"",2018-12-17 06:34:53-07,SkipDC,electric-scooter,2018-12-17 06:35:00-07,-77.0120983,38.8892983
SkipDC-352897091384928,"",2018-12-17 06:34:53-07,SkipDC,electric-scooter,2018-12-17 06:35:00-07,-77.0117817,38.890695
JumpDC-bike_18820,JUMP DC-0688,2018-12-17 06:34:24-07,JumpDC,pedal-assist-bike,2018-12-17 06:35:00-07,-77.0027216666667,38.890265
JumpDC-bike_18874,JUMP DC-0833,2018-12-17 06:34:24-07,JumpDC,pedal-assist-bike,2018-12-17 06:35:00-07,-76.9942683333333,38.88827
JumpDC-bike_16514,JUMP DC-0202,2018-12-17 06:34:24-07,JumpDC,pedal-assist-bike,2018-12-17 06:35:00-07,-76.99881,38.88973
JumpDC-bike_23682,JUMP DC-2717,2018-12-17 06:34:24-07,JumpDC,pedal-assist-bike,2018-12-17 06:35:00-07,-76.99162,38.8887916666667
JumpDC-bike_23153,JUMP DC-2462,2018-12-17 06:34:24-07,JumpDC,pedal-assist-bike,2018-12-17 06:35:00-07,-77.0503666666667,38.892805
JumpDC-bike_23656,JUMP DC-2691,2018-12-17 06:34:24-07,JumpDC,pedal-assist-bike,2018-12-17 06:35:00-07,-77.05033,38.8928283333333
SkipDC-352897091387145,"",2018-12-17 06:34:53-07,SkipDC,electric-scooter,2018-12-17 06:35:00-07,-77.0345167,38.8946667
JumpDC-bike_23202,JUMP DC-2511,2018-12-17 06:34:24-07,JumpDC,pedal-assist-bike,2018-12-17 06:35:00-07,-77.021845,38.8941883333333
JumpDC-bike_23700,JUMP DC-2735,2018-12-17 06:34:24-07,JumpDC,pedal-assist-bike,2018-12-17 06:35:00-07,-77.022,38.8936466666667
SkipDC-352897091386923,"",2018-12-17 06:34:53-07,SkipDC,electric-scooter,2018-12-17 06:35:00-07,-77.0152017,38.8950667
JumpDC-bike_23416,JUMP DC-2551,2018-12-17 06:34:24-07,JumpDC,pedal-assist-bike,2018-12-17 06:35:00-07,-77.027925,38.8982683333333
JumpDC-bike_23167,JUMP DC-2476,2018-12-17 06:34:24-07,JumpDC,pedal-assist-bike,2018-12-17 06:35:00-07,-77.027965,38.8981583333333
JumpDC-bike_18825,JUMP DC-0702,2018-12-17 06:34:24-07,JumpDC,pedal-assist-bike,2018-12-17 06:35:00-07,-77.023395,38.8974016666667
JumpDC-bike_23461,JUMP DC-2596,2018-12-17 06:34:24-07,JumpDC,pedal-assist-bike,2018-12-17 06:35:00-07,-77.0160683333333,38.8996183333333
JumpDC-bike_18870,JUMP DC-0829,2018-12-17 06:34:24-07,JumpDC,pedal-assist-bike,2018-12-17 06:35:00-07,-77.0170716666667,38.899045
JumpDC-bike_23201,JUMP DC-2510,2018-12-17 06:34:24-07,JumpDC,pedal-assist-bike,2018-12-17 06:35:00-07,-77.00269,38.897045
JumpDC-bike_18862,JUMP DC-0821,2018-12-17 06:34:24-07,JumpDC,pedal-assist-bike,2018-12-17 06:35:00-07,-77.0035633333333,38.89945
JumpDC-bike_23143,JUMP DC-2452,2018-12-17 06:34:24-07,JumpDC,pedal-assist-bike,2018-12-17 06:35:00-07,-77.0033866666667,38.8993583333333
JumpDC-bike_23165,JUMP DC-2474,2018-12-17 06:34:24-07,JumpDC,pedal-assist-bike,2018-12-17 06:35:00-07,-77.003535,38.8994166666667
JumpDC-bike_23633,JUMP DC-2668,2018-12-17 06:34:24-07,JumpDC,pedal-assist-bike,2018-12-17 06:35:00-07,-77.0025783333333,38.8971483333333
BirdDC-K54CZ,K54CZ,2018-12-17 06:34:57-07,BirdDC,electric-scooter,2018-12-17 06:35:00-07,-76.9754374,38.8965989
JumpDC-bike_23674,JUMP DC-2709,2018-12-17 06:34:24-07,JumpDC,pedal-assist-bike,2018-12-17 06:35:00-07,-76.9315283333333,38.899855
JumpDC-bike_23711,JUMP DC-2746,2018-12-17 06:34:24-07,JumpDC,pedal-assist-bike,2018-12-17 06:35:00-07,-77.06357,38.902395
JumpDC-bike_23665,JUMP DC-2700,2018-12-17 06:34:24-07,JumpDC,pedal-assist-bike,2018-12-17 06:35:00-07,-77.0637033333333,38.90284
JumpDC-bike_23228,JUMP DC-2537,2018-12-17 06:34:24-07,JumpDC,pedal-assist-bike,2018-12-17 06:35:00-07,-77.0175866666667,38.9026333333333
JumpDC-bike_18828,JUMP DC-0705,2018-12-17 06:34:24-07,JumpDC,pedal-assist-bike,2018-12-17 06:35:00-07,-77.0175183333333,38.9025383333333
JumpDC-bike_23630,JUMP DC-2665,2018-12-17 06:34:24-07,JumpDC,pedal-assist-bike,2018-12-17 06:35:00-07,-77.0072633333333,38.903835
JumpDC-bike_18830,JUMP DC-0707,2018-12-17 06:34:24-07,JumpDC,pedal-assist-bike,2018-12-17 06:35:00-07,-77.0115,38.9025916666667
JumpDC-bike_23680,JUMP DC-2715,2018-12-17 06:34:24-07,JumpDC,pedal-assist-bike,2018-12-17 06:35:00-07,-76.997995,38.9047183333333
JumpDC-bike_18887,JUMP DC-0764,2018-12-17 06:34:24-07,JumpDC,pedal-assist-bike,2018-12-17 06:35:00-07,-76.99783,38.9036966666667
SkipDC-352897091275001,"",2018-12-17 06:34:53-07,SkipDC,electric-scooter,2018-12-17 06:35:00-07,-76.9968589,38.9043752
JumpDC-bike_23480,JUMP DC-2615,2018-12-17 06:34:24-07,JumpDC,pedal-assist-bike,2018-12-17 06:35:00-07,-77.073395,38.9099
JumpDC-bike_23438,JUMP DC-2573,2018-12-17 06:34:24-07,JumpDC,pedal-assist-bike,2018-12-17 06:35:00-07,-77.0712066666667,38.906735
JumpDC-bike_16532,JUMP DC-0223,2018-12-17 06:34:24-07,JumpDC,pedal-assist-bike,2018-12-17 06:35:00-07,-77.071215,38.9067383333333
SkipDC-352897091276280,"",2018-12-17 06:34:53-07,SkipDC,electric-scooter,2018-12-17 06:35:00-07,-77.0678589,38.9097954
BirdDC-MXK9Q,MXK9Q,2018-12-17 06:34:57-07,BirdDC,electric-scooter,2018-12-17 06:35:00-07,-77.0633016666667,38.907455
BirdDC-HRNFR,HRNFR,2018-12-17 06:34:57-07,BirdDC,electric-scooter,2018-12-17 06:35:00-07,-77.0548016666667,38.9089466666667
SkipDC-352897091432800,"",2018-12-17 06:34:53-07,SkipDC,electric-scooter,2018-12-17 06:35:00-07,-77.0499167,38.9072117
JumpDC-bike_16488,JUMP DC-0214,2018-12-17 06:34:24-07,JumpDC,pedal-assist-bike,2018-12-17 06:35:00-07,-77.041605,38.9098083333333
JumpDC-bike_18844,JUMP DC-0721,2018-12-17 06:34:24-07,JumpDC,pedal-assist-bike,2018-12-17 06:35:00-07,-77.0448133333333,38.90805
JumpDC-bike_23458,JUMP DC-2593,2018-12-17 06:34:24-07,JumpDC,pedal-assist-bike,2018-12-17 06:35:00-07,-77.0451033333333,38.9081683333333
JumpDC-bike_23672,JUMP DC-2707,2018-12-17 06:34:24-07,JumpDC,pedal-assist-bike,2018-12-17 06:35:00-07,-77.041695,38.90937
JumpDC-bike_23639,JUMP DC-2674,2018-12-17 06:34:24-07,JumpDC,pedal-assist-bike,2018-12-17 06:35:00-07,-77.0470316666667,38.9097333333333
BirdDC-EZH3L,EZH3L,2018-12-17 06:34:57-07,BirdDC,electric-scooter,2018-12-17 06:35:00-07,-77.038575,38.9072383333333
JumpDC-bike_23166,JUMP DC-2475,2018-12-17 06:34:24-07,JumpDC,pedal-assist-bike,2018-12-17 06:35:00-07,-77.0394233333333,38.9063883333333
JumpDC-bike_18879,JUMP DC-0838,2018-12-17 06:34:24-07,JumpDC,pedal-assist-bike,2018-12-17 06:35:00-07,-77.0365116666667,38.909635
JumpDC-bike_23176,JUMP DC-2485,2018-12-17 06:34:24-07,JumpDC,pedal-assist-bike,2018-12-17 06:35:00-07,-77.0327116666667,38.9096883333333
JumpDC-bike_23671,JUMP DC-2706,2018-12-17 06:34:24-07,JumpDC,pedal-assist-bike,2018-12-17 06:35:00-07,-77.0339,38.9097683333333
JumpDC-bike_18934,JUMP DC-0813,2018-12-17 06:34:24-07,JumpDC,pedal-assist-bike,2018-12-17 06:35:00-07,-77.03305,38.909695
JumpDC-bike_23687,JUMP DC-2722,2018-12-17 06:34:24-07,JumpDC,pedal-assist-bike,2018-12-17 06:35:00-07,-77.0308966666667,38.907505
JumpDC-bike_23677,JUMP DC-2712,2018-12-17 06:34:24-07,JumpDC,pedal-assist-bike,2018-12-17 06:35:00-07,-77.0340716666667,38.90961
BirdDC-XDWQL,XDWQL,2018-12-17 06:34:57-07,BirdDC,electric-scooter,2018-12-17 06:35:00-07,-77.0307916666667,38.9076533333333
BirdDC-MUC2C,MUC2C,2018-12-17 06:34:57-07,BirdDC,electric-scooter,2018-12-17 06:35:00-07,-77.03302,38.90728
JumpDC-bike_23157,JUMP DC-2466,2018-12-17 06:34:24-07,JumpDC,pedal-assist-bike,2018-12-17 06:35:00-07,-77.033965,38.9097216666667
BirdDC-U9ZLP,U9ZLP,2018-12-17 06:34:57-07,BirdDC,electric-scooter,2018-12-17 06:35:00-07,-77.0288905488663,38.9063251036976
JumpDC-bike_16607,JUMP DC-0242,2018-12-17 06:34:24-07,JumpDC,pedal-assist-bike,2018-12-17 06:35:00-07,-77.0228683333333,38.9089366666667
JumpDC-bike_23235,JUMP DC-2544,2018-12-17 06:34:24-07,JumpDC,pedal-assist-bike,2018-12-17 06:35:00-07,-77.0132383333333,38.9060316666667
BirdDC-FLAWV,FLAWV,2018-12-17 06:34:57-07,BirdDC,electric-scooter,2018-12-17 06:35:00-07,-77.01548,38.9096266666667
JumpDC-bike_18835,JUMP DC-0712,2018-12-17 06:34:24-07,JumpDC,pedal-assist-bike,2018-12-17 06:35:00-07,-77.005985,38.9074566666667
JumpDC-bike_23713,JUMP DC-2748,2018-12-17 06:34:24-07,JumpDC,pedal-assist-bike,2018-12-17 06:35:00-07,-77.010065,38.9086533333333
JumpDC-bike_23509,JUMP DC-2644,2018-12-17 06:34:24-07,JumpDC,pedal-assist-bike,2018-12-17 06:35:00-07,-77.0059383333333,38.9065233333333
JumpDC-bike_23651,JUMP DC-2686,2018-12-17 06:34:24-07,JumpDC,pedal-assist-bike,2018-12-17 06:35:00-07,-77.00596,38.9063083333333
JumpDC-bike_23706,JUMP DC-2741,2018-12-17 06:34:24-07,JumpDC,pedal-assist-bike,2018-12-17 06:35:00-07,-77.0057133333333,38.9064516666667
JumpDC-bike_16501,JUMP DC-0188,2018-12-17 06:34:24-07,JumpDC,pedal-assist-bike,2018-12-17 06:35:00-07,-76.9979916666667,38.90848
JumpDC-bike_23642,JUMP DC-2677,2018-12-17 06:34:24-07,JumpDC,pedal-assist-bike,2018-12-17 06:35:00-07,-76.9525283333333,38.905965
SkipDC-352897091392301,"",2018-12-17 06:34:53-07,SkipDC,electric-scooter,2018-12-17 06:35:00-07,-77.0734733,38.91105
BirdDC-9FMJH,9FMJH,2018-12-17 06:34:57-07,BirdDC,electric-scooter,2018-12-17 06:35:00-07,-77.0536583333333,38.910755
BirdDC-Y3MHK,Y3MHK,2018-12-17 06:34:57-07,BirdDC,electric-scooter,2018-12-17 06:35:00-07,-77.0487983333333,38.9129633333333
JumpDC-bike_23216,JUMP DC-2525,2018-12-17 06:34:24-07,JumpDC,pedal-assist-bike,2018-12-17 06:35:00-07,-77.0445383333333,38.9111266666667
JumpDC-bike_23487,JUMP DC-2622,2018-12-17 06:34:24-07,JumpDC,pedal-assist-bike,2018-12-17 06:35:00-07,-77.04439,38.91081
JumpDC-bike_23149,JUMP DC-2458,2018-12-17 06:34:24-07,JumpDC,pedal-assist-bike,2018-12-17 06:35:00-07,-77.0443583333333,38.9109833333333
JumpDC-bike_18853,JUMP DC-0695,2018-12-17 06:34:24-07,JumpDC,pedal-assist-bike,2018-12-17 06:35:00-07,-77.0445683333333,38.9109216666667
JumpDC-bike_18857,JUMP DC-0766,2018-12-17 06:34:24-07,JumpDC,pedal-assist-bike,2018-12-17 06:35:00-07,-77.0437283333333,38.9111633333333
JumpDC-bike_23466,JUMP DC-2601,2018-12-17 06:34:24-07,JumpDC,pedal-assist-bike,2018-12-17 06:35:00-07,-77.0439583333333,38.9108816666667
JumpDC-bike_23648,JUMP DC-2683,2018-12-17 06:34:24-07,JumpDC,pedal-assist-bike,2018-12-17 06:35:00-07,-77.038405,38.9140866666667
BirdDC-ZAKEB,ZAKEB,2018-12-17 06:34:57-07,BirdDC,electric-scooter,2018-12-17 06:35:00-07,-77.0361483333333,38.91322
JumpDC-bike_23175,JUMP DC-2484,2018-12-17 06:34:24-07,JumpDC,pedal-assist-bike,2018-12-17 06:35:00-07,-77.04103,38.9177716666667
JumpDC-bike_23199,JUMP DC-2508,2018-12-17 06:34:24-07,JumpDC,pedal-assist-bike,2018-12-17 06:35:00-07,-77.0370616666667,38.918175
JumpDC-bike_18924,JUMP DC-0803,2018-12-17 06:34:24-07,JumpDC,pedal-assist-bike,2018-12-17 06:35:00-07,-77.0408233333333,38.9178916666667
BirdDC-VSXD,VSXD,2018-12-17 06:34:57-07,BirdDC,electric-scooter,2018-12-17 06:35:00-07,-77.0392428339245,38.9187512174611
BirdDC-XAJMV,XAJMV,2018-12-17 06:34:57-07,BirdDC,electric-scooter,2018-12-17 06:35:00-07,-77.0390083333333,38.918815
BirdDC-XIJYE,XIJYE,2018-12-17 06:34:57-07,BirdDC,electric-scooter,2018-12-17 06:35:00-07,-77.0391671794493,38.9188313300783
JumpDC-bike_23186,JUMP DC-2495,2018-12-17 06:34:24-07,JumpDC,pedal-assist-bike,2018-12-17 06:35:00-07,-77.041095,38.917825
JumpDC-bike_16498,JUMP DC-0185,2018-12-17 06:34:24-07,JumpDC,pedal-assist-bike,2018-12-17 06:35:00-07,-77.0402733333333,38.9187616666667
JumpDC-bike_23162,JUMP DC-2471,2018-12-17 06:34:24-07,JumpDC,pedal-assist-bike,2018-12-17 06:35:00-07,-77.032875,38.9170716666667
BirdDC-62I7A,62I7A,2018-12-17 06:34:57-07,BirdDC,electric-scooter,2018-12-17 06:35:00-07,-77.0319516666667,38.91853
JumpDC-bike_23694,JUMP DC-2729,2018-12-17 06:34:24-07,JumpDC,pedal-assist-bike,2018-12-17 06:35:00-07,-77.028925,38.916875
JumpDC-bike_23513,JUMP DC-2648,2018-12-17 06:34:24-07,JumpDC,pedal-assist-bike,2018-12-17 06:35:00-07,-77.028695,38.9169916666667
JumpDC-bike_18894,JUMP DC-0773,2018-12-17 06:34:24-07,JumpDC,pedal-assist-bike,2018-12-17 06:35:00-07,-77.0255483333333,38.91711
JumpDC-bike_23171,JUMP DC-2480,2018-12-17 06:34:24-07,JumpDC,pedal-assist-bike,2018-12-17 06:35:00-07,-77.0289183333333,38.916805
BirdDC-71II5,71II5,2018-12-17 06:34:57-07,BirdDC,electric-scooter,2018-12-17 06:35:00-07,-77.0245516666667,38.9169766666667
JumpDC-bike_16523,JUMP DC-0167,2018-12-17 06:34:24-07,JumpDC,pedal-assist-bike,2018-12-17 06:35:00-07,-77.0184366666667,38.915305
JumpDC-bike_23142,JUMP DC-2451,2018-12-17 06:34:24-07,JumpDC,pedal-assist-bike,2018-12-17 06:35:00-07,-77.0118866666667,38.9155683333333
JumpDC-bike_23619,JUMP DC-2654,2018-12-17 06:34:24-07,JumpDC,pedal-assist-bike,2018-12-17 06:35:00-07,-77.0125416666667,38.9155916666667
JumpDC-bike_23698,JUMP DC-2733,2018-12-17 06:34:24-07,JumpDC,pedal-assist-bike,2018-12-17 06:35:00-07,-77.0118766666667,38.9155266666667
JumpDC-bike_18867,JUMP DC-0826,2018-12-17 06:34:24-07,JumpDC,pedal-assist-bike,2018-12-17 06:35:00-07,-77.0116533333333,38.91563
JumpDC-bike_23203,JUMP DC-2512,2018-12-17 06:34:24-07,JumpDC,pedal-assist-bike,2018-12-17 06:35:00-07,-77.0018933333333,38.9156183333333
JumpDC-bike_23660,JUMP DC-2695,2018-12-17 06:34:24-07,JumpDC,pedal-assist-bike,2018-12-17 06:35:00-07,-76.9836966666667,38.914975
JumpDC-bike_23710,JUMP DC-2745,2018-12-17 06:34:24-07,JumpDC,pedal-assist-bike,2018-12-17 06:35:00-07,-77.0358983333333,38.9276233333333
JumpDC-bike_23655,JUMP DC-2690,2018-12-17 06:34:24-07,JumpDC,pedal-assist-bike,2018-12-17 06:35:00-07,-77.0354666666667,38.9241733333333
JumpDC-bike_18848,JUMP DC-0693,2018-12-17 06:34:24-07,JumpDC,pedal-assist-bike,2018-12-17 06:35:00-07,-77.03898,38.9239066666667
SkipDC-352897091157100,"",2018-12-17 06:34:53-07,SkipDC,electric-scooter,2018-12-17 06:35:00-07,-77.032825,38.927592
JumpDC-bike_23169,JUMP DC-2478,2018-12-17 06:34:24-07,JumpDC,pedal-assist-bike,2018-12-17 06:35:00-07,-77.033425,38.923605
JumpDC-bike_23617,JUMP DC-2652,2018-12-17 06:34:24-07,JumpDC,pedal-assist-bike,2018-12-17 06:35:00-07,-77.0314733333333,38.9248266666667
JumpDC-bike_23467,JUMP DC-2602,2018-12-17 06:34:24-07,JumpDC,pedal-assist-bike,2018-12-17 06:35:00-07,-77.1061816666667,38.9279483333333
SkipDC-352897091325905,"",2018-12-17 06:34:53-07,SkipDC,electric-scooter,2018-12-17 06:35:00-07,-77.0773232,38.9300401
JumpDC-bike_23667,JUMP DC-2702,2018-12-17 06:34:24-07,JumpDC,pedal-assist-bike,2018-12-17 06:35:00-07,-77.0433416666667,38.9285683333333
JumpDC-bike_23179,JUMP DC-2488,2018-12-17 06:34:24-07,JumpDC,pedal-assist-bike,2018-12-17 06:35:00-07,-77.0319933333333,38.93067
JumpDC-bike_18928,JUMP DC-0807,2018-12-17 06:34:24-07,JumpDC,pedal-assist-bike,2018-12-17 06:35:00-07,-77.0283816666667,38.932305
JumpDC-bike_23497,JUMP DC-2632,2018-12-17 06:34:24-07,JumpDC,pedal-assist-bike,2018-12-17 06:35:00-07,-77.02833,38.9323616666667
SkipDC-352897091391808,"",2018-12-17 06:34:53-07,SkipDC,electric-scooter,2018-12-17 06:35:00-07,-77.0271317,38.9693017
SkipDC-352897091273907,"",2018-12-17 06:49:56-07,SkipDC,electric-scooter,2018-12-17 06:50:00-07,-76.9968967,38.8568267
JumpDC-bike_23182,JUMP DC-2491,2018-12-17 06:49:00-07,JumpDC,pedal-assist-bike,2018-12-17 06:50:00-07,-76.9725533333333,38.8567333333333
JumpDC-bike_23419,JUMP DC-2554,2018-12-17 06:49:00-07,JumpDC,pedal-assist-bike,2018-12-17 06:50:00-07,-76.9946283333333,38.8622433333333
JumpDC-bike_18834,JUMP DC-0711,2018-12-17 06:49:00-07,JumpDC,pedal-assist-bike,2018-12-17 06:50:00-07,-76.9947866666667,38.86236
JumpDC-bike_23189,JUMP DC-2498,2018-12-17 06:49:00-07,JumpDC,pedal-assist-bike,2018-12-17 06:50:00-07,-76.9950266666667,38.8623433333333
JumpDC-bike_23210,JUMP DC-2519,2018-12-17 06:49:00-07,JumpDC,pedal-assist-bike,2018-12-17 06:50:00-07,-76.9838066666667,38.86888
JumpDC-bike_23455,JUMP DC-2590,2018-12-17 06:49:00-07,JumpDC,pedal-assist-bike,2018-12-17 06:50:00-07,-77.026495,38.8811333333333
JumpDC-bike_23230,JUMP DC-2539,2018-12-17 06:49:00-07,JumpDC,pedal-assist-bike,2018-12-17 06:50:00-07,-77.0265233333333,38.8810783333333
SkipDC-352897091319809,"",2018-12-17 06:49:56-07,SkipDC,electric-scooter,2018-12-17 06:50:00-07,-77.0145067,38.87953
JumpDC-bike_23450,JUMP DC-2585,2018-12-17 06:49:00-07,JumpDC,pedal-assist-bike,2018-12-17 06:50:00-07,-77.0147533333333,38.8815683333333
JumpDC-bike_23209,JUMP DC-2518,2018-12-17 06:49:00-07,JumpDC,pedal-assist-bike,2018-12-17 06:50:00-07,-77.0052416666667,38.8804666666667
JumpDC-bike_23147,JUMP DC-2456,2018-12-17 06:49:00-07,JumpDC,pedal-assist-bike,2018-12-17 06:50:00-07,-76.9901983333333,38.87967
JumpDC-bike_23476,JUMP DC-2611,2018-12-17 06:49:00-07,JumpDC,pedal-assist-bike,2018-12-17 06:50:00-07,-76.9853233333333,38.8809433333333
JumpDC-bike_23684,JUMP DC-2719,2018-12-17 06:49:00-07,JumpDC,pedal-assist-bike,2018-12-17 06:50:00-07,-76.9855666666667,38.8813066666667
SkipDC-352897091431323,"",2018-12-17 06:49:56-07,SkipDC,electric-scooter,2018-12-17 06:50:00-07,-77.03511,38.8853033
JumpDC-bike_23945,JUMP DC-2454,2018-12-17 06:49:00-07,JumpDC,pedal-assist-bike,2018-12-17 06:50:00-07,-77.0256283333333,38.8837516666667
JumpDC-bike_23220,JUMP DC-2529,2018-12-17 06:49:00-07,JumpDC,pedal-assist-bike,2018-12-17 06:50:00-07,-76.9992433333333,38.89614
JumpDC-bike_16608,JUMP DC-0243,2018-12-17 06:49:00-07,JumpDC,pedal-assist-bike,2018-12-17 06:50:00-07,-76.95653,38.8942716666667
JumpDC-bike_23237,JUMP DC-2546,2018-12-17 06:49:00-07,JumpDC,pedal-assist-bike,2018-12-17 06:50:00-07,-76.9566066666667,38.89546
JumpDC-bike_23445,JUMP DC-2580,2018-12-17 06:49:00-07,JumpDC,pedal-assist-bike,2018-12-17 06:50:00-07,-77.0637283333333,38.90047
BirdDC-23MRF,23MRF,2018-12-17 06:49:44-07,BirdDC,electric-scooter,2018-12-17 06:50:00-07,-77.0552066666667,38.89737
BirdDC-VFILH,VFILH,2018-12-17 06:49:44-07,BirdDC,electric-scooter,2018-12-17 06:50:00-07,-77.044975,38.8995966666667
BirdDC-8WQY4,8WQY4,2018-12-17 06:49:44-07,BirdDC,electric-scooter,2018-12-17 06:50:00-07,-77.0450133333333,38.8997233333333
BirdDC-HJAHS,HJAHS,2018-12-17 06:49:44-07,BirdDC,electric-scooter,2018-12-17 06:50:00-07,-77.0450966666667,38.8995366666667
JumpDC-bike_23215,JUMP DC-2524,2018-12-17 06:49:00-07,JumpDC,pedal-assist-bike,2018-12-17 06:50:00-07,-77.0299833333333,38.90049
JumpDC-bike_16601,JUMP DC-0235,2018-12-17 06:49:00-07,JumpDC,pedal-assist-bike,2018-12-17 06:50:00-07,-77.0278116666667,38.89839
JumpDC-bike_23416,JUMP DC-2551,2018-12-17 06:49:00-07,JumpDC,pedal-assist-bike,2018-12-17 06:50:00-07,-77.027925,38.8982683333333
JumpDC-bike_23167,JUMP DC-2476,2018-12-17 06:49:00-07,JumpDC,pedal-assist-bike,2018-12-17 06:50:00-07,-77.027965,38.8981583333333
JumpDC-bike_23711,JUMP DC-2746,2018-12-17 06:49:00-07,JumpDC,pedal-assist-bike,2018-12-17 06:50:00-07,-77.06357,38.902395
BirdDC-XE7TM,XE7TM,2018-12-17 06:49:44-07,BirdDC,electric-scooter,2018-12-17 06:50:00-07,-77.0394666666667,38.9047733333333
BirdDC-LKFF7,LKFF7,2018-12-17 06:49:44-07,BirdDC,electric-scooter,2018-12-17 06:50:00-07,-77.0316383333333,38.9033883333333
BirdDC-8P7TK,8P7TK,2018-12-17 06:49:44-07,BirdDC,electric-scooter,2018-12-17 06:50:00-07,-77.0346,38.902325
BirdDC-CRQC1,CRQC1,2018-12-17 06:49:44-07,BirdDC,electric-scooter,2018-12-17 06:50:00-07,-77.0260766666667,38.902535
SkipDC-352897091294226,"",2018-12-17 06:49:56-07,SkipDC,electric-scooter,2018-12-17 06:50:00-07,-77.0260406,38.9037098
SkipDC-352897091457823,"",2018-12-17 06:49:56-07,SkipDC,electric-scooter,2018-12-17 06:50:00-07,-77.0260033,38.90476
JumpDC-bike_23214,JUMP DC-2523,2018-12-17 06:49:00-07,JumpDC,pedal-assist-bike,2018-12-17 06:50:00-07,-77.025895,38.9013583333333
JumpDC-bike_23699,JUMP DC-2734,2018-12-17 06:49:00-07,JumpDC,pedal-assist-bike,2018-12-17 06:50:00-07,-77.02474,38.9013733333333
BirdDC-TJYD9,TJYD9,2018-12-17 06:49:44-07,BirdDC,electric-scooter,2018-12-17 06:50:00-07,-77.0258633333333,38.9010816666667
JumpDC-bike_18871,JUMP DC-0830,2018-12-17 06:49:00-07,JumpDC,pedal-assist-bike,2018-12-17 06:50:00-07,-77.01768,38.9042
JumpDC-bike_16527,JUMP DC-0212,2018-12-17 06:49:00-07,JumpDC,pedal-assist-bike,2018-12-17 06:50:00-07,-77.0173766666667,38.9023383333333
JumpDC-bike_18826,JUMP DC-0703,2018-12-17 06:49:00-07,JumpDC,pedal-assist-bike,2018-12-17 06:50:00-07,-77.0174366666667,38.9023183333333
JumpDC-bike_23228,JUMP DC-2537,2018-12-17 06:49:00-07,JumpDC,pedal-assist-bike,2018-12-17 06:50:00-07,-77.0175866666667,38.9026333333333
JumpDC-bike_18828,JUMP DC-0705,2018-12-17 06:49:00-07,JumpDC,pedal-assist-bike,2018-12-17 06:50:00-07,-77.0175183333333,38.9025383333333
JumpDC-bike_23506,JUMP DC-2641,2018-12-17 06:49:00-07,JumpDC,pedal-assist-bike,2018-12-17 06:50:00-07,-77.0175733333333,38.9026033333333
BirdDC-MUC2C,MUC2C,2018-12-17 06:49:44-07,BirdDC,electric-scooter,2018-12-17 06:50:00-07,-77.03299,38.9072833333333
JumpDC-bike_23687,JUMP DC-2722,2018-12-17 06:49:00-07,JumpDC,pedal-assist-bike,2018-12-17 06:50:00-07,-77.0308966666667,38.907505
JumpDC-bike_23157,JUMP DC-2466,2018-12-17 06:49:00-07,JumpDC,pedal-assist-bike,2018-12-17 06:50:00-07,-77.033965,38.9097216666667
JumpDC-bike_23176,JUMP DC-2485,2018-12-17 06:49:00-07,JumpDC,pedal-assist-bike,2018-12-17 06:50:00-07,-77.0327116666667,38.9096883333333
BirdDC-U9ZLP,U9ZLP,2018-12-17 06:49:44-07,BirdDC,electric-scooter,2018-12-17 06:50:00-07,-77.0288905488663,38.9063251036976
JumpDC-bike_16607,JUMP DC-0242,2018-12-17 06:49:00-07,JumpDC,pedal-assist-bike,2018-12-17 06:50:00-07,-77.0228683333333,38.9089366666667
JumpDC-bike_23235,JUMP DC-2544,2018-12-17 06:49:00-07,JumpDC,pedal-assist-bike,2018-12-17 06:50:00-07,-77.0132383333333,38.9060316666667
BirdDC-FLAWV,FLAWV,2018-12-17 06:49:44-07,BirdDC,electric-scooter,2018-12-17 06:50:00-07,-77.01548,38.9096333333333
JumpDC-bike_18835,JUMP DC-0712,2018-12-17 06:49:00-07,JumpDC,pedal-assist-bike,2018-12-17 06:50:00-07,-77.005985,38.9074566666667
JumpDC-bike_23713,JUMP DC-2748,2018-12-17 06:49:00-07,JumpDC,pedal-assist-bike,2018-12-17 06:50:00-07,-77.010065,38.9086533333333
JumpDC-bike_23509,JUMP DC-2644,2018-12-17 06:49:00-07,JumpDC,pedal-assist-bike,2018-12-17 06:50:00-07,-77.0059383333333,38.9065233333333
JumpDC-bike_23651,JUMP DC-2686,2018-12-17 06:49:00-07,JumpDC,pedal-assist-bike,2018-12-17 06:50:00-07,-77.00596,38.9063083333333
JumpDC-bike_23706,JUMP DC-2741,2018-12-17 06:49:00-07,JumpDC,pedal-assist-bike,2018-12-17 06:50:00-07,-77.0057133333333,38.9064516666667
JumpDC-bike_16501,JUMP DC-0188,2018-12-17 06:49:00-07,JumpDC,pedal-assist-bike,2018-12-17 06:50:00-07,-76.9979916666667,38.90848
JumpDC-bike_23642,JUMP DC-2677,2018-12-17 06:49:00-07,JumpDC,pedal-assist-bike,2018-12-17 06:50:00-07,-76.9525283333333,38.905965
SkipDC-352897091392301,"",2018-12-17 06:49:56-07,SkipDC,electric-scooter,2018-12-17 06:50:00-07,-77.0735404,38.9110768
BirdDC-9FMJH,9FMJH,2018-12-17 06:49:44-07,BirdDC,electric-scooter,2018-12-17 06:50:00-07,-77.05365,38.9107516666667
BirdDC-Y3MHK,Y3MHK,2018-12-17 06:49:44-07,BirdDC,electric-scooter,2018-12-17 06:50:00-07,-77.048805,38.9129683333333
JumpDC-bike_23466,JUMP DC-2601,2018-12-17 06:49:00-07,JumpDC,pedal-assist-bike,2018-12-17 06:50:00-07,-77.0439583333333,38.9108816666667
JumpDC-bike_23487,JUMP DC-2622,2018-12-17 06:49:00-07,JumpDC,pedal-assist-bike,2018-12-17 06:50:00-07,-77.04439,38.91081
JumpDC-bike_23149,JUMP DC-2458,2018-12-17 06:49:00-07,JumpDC,pedal-assist-bike,2018-12-17 06:50:00-07,-77.0443583333333,38.9109833333333
JumpDC-bike_23216,JUMP DC-2525,2018-12-17 06:49:00-07,JumpDC,pedal-assist-bike,2018-12-17 06:50:00-07,-77.0445383333333,38.9111266666667
JumpDC-bike_18853,JUMP DC-0695,2018-12-17 06:49:00-07,JumpDC,pedal-assist-bike,2018-12-17 06:50:00-07,-77.0445683333333,38.9109216666667
JumpDC-bike_18857,JUMP DC-0766,2018-12-17 06:49:00-07,JumpDC,pedal-assist-bike,2018-12-17 06:50:00-07,-77.0437283333333,38.9111633333333
JumpDC-bike_23648,JUMP DC-2683,2018-12-17 06:49:00-07,JumpDC,pedal-assist-bike,2018-12-17 06:50:00-07,-77.038405,38.9140866666667
JumpDC-bike_18831,JUMP DC-0708,2018-12-17 06:49:00-07,JumpDC,pedal-assist-bike,2018-12-17 06:50:00-07,-77.041835,38.92041
JumpDC-bike_23479,JUMP DC-2614,2018-12-17 06:49:00-07,JumpDC,pedal-assist-bike,2018-12-17 06:50:00-07,-77.0426233333333,38.9229783333333
BirdDC-N3HG5,N3HG5,2018-12-17 06:49:44-07,BirdDC,electric-scooter,2018-12-17 06:50:00-07,-77.0437233333333,38.92236
JumpDC-bike_18839,JUMP DC-0716,2018-12-17 06:49:00-07,JumpDC,pedal-assist-bike,2018-12-17 06:50:00-07,-77.043705,38.9219083333333
JumpDC-bike_23217,JUMP DC-2526,2018-12-17 06:49:00-07,JumpDC,pedal-assist-bike,2018-12-17 06:50:00-07,-77.0416966666667,38.9199583333333
JumpDC-bike_23643,JUMP DC-2678,2018-12-17 06:49:00-07,JumpDC,pedal-assist-bike,2018-12-17 06:50:00-07,-77.04242,38.92272
JumpDC-bike_18850,JUMP DC-0690,2018-12-17 06:49:00-07,JumpDC,pedal-assist-bike,2018-12-17 06:50:00-07,-77.043455,38.9216116666667
JumpDC-bike_23415,JUMP DC-2550,2018-12-17 06:49:00-07,JumpDC,pedal-assist-bike,2018-12-17 06:50:00-07,-77.0425733333333,38.92236
JumpDC-bike_23420,JUMP DC-2555,2018-12-17 06:49:00-07,JumpDC,pedal-assist-bike,2018-12-17 06:50:00-07,-77.043555,38.9217116666667
JumpDC-bike_23634,JUMP DC-2669,2018-12-17 06:49:00-07,JumpDC,pedal-assist-bike,2018-12-17 06:50:00-07,-77.043565,38.921725
JumpDC-bike_18827,JUMP DC-0704,2018-12-17 06:49:00-07,JumpDC,pedal-assist-bike,2018-12-17 06:50:00-07,-77.0365683333333,38.9213383333333
BirdDC-Y1TA5,Y1TA5,2018-12-17 06:49:44-07,BirdDC,electric-scooter,2018-12-17 06:50:00-07,-77.0393011,38.9189451
BirdDC-FWYI7,FWYI7,2018-12-17 06:49:44-07,BirdDC,electric-scooter,2018-12-17 06:50:00-07,-77.0392879,38.9189784
BirdDC-HXMRN,HXMRN,2018-12-17 06:49:44-07,BirdDC,electric-scooter,2018-12-17 06:50:00-07,-77.03698,38.92033
JumpDC-bike_18898,JUMP DC-0777,2018-12-17 06:49:00-07,JumpDC,pedal-assist-bike,2018-12-17 06:50:00-07,-77.01821,38.9205516666667
BirdDC-5IB4S,5IB4S,2018-12-17 06:49:44-07,BirdDC,electric-scooter,2018-12-17 06:50:00-07,-77.01696,38.9206383333333
JumpDC-bike_18868,JUMP DC-0827,2018-12-17 06:49:00-07,JumpDC,pedal-assist-bike,2018-12-17 06:50:00-07,-76.9621416666667,38.9191033333333
JumpDC-bike_18866,JUMP DC-0825,2018-12-17 06:49:00-07,JumpDC,pedal-assist-bike,2018-12-17 06:50:00-07,-76.962095,38.9190416666667
JumpDC-bike_23482,JUMP DC-2617,2018-12-17 06:49:00-07,JumpDC,pedal-assist-bike,2018-12-17 06:50:00-07,-76.96213,38.919155
JumpDC-bike_23434,JUMP DC-2569,2018-12-17 06:49:00-07,JumpDC,pedal-assist-bike,2018-12-17 06:50:00-07,-76.9621966666667,38.9191433333333
JumpDC-bike_23460,JUMP DC-2595,2018-12-17 06:49:00-07,JumpDC,pedal-assist-bike,2018-12-17 06:50:00-07,-76.9621683333333,38.9191366666667
JumpDC-bike_16496,JUMP DC-0183,2018-12-17 06:49:00-07,JumpDC,pedal-assist-bike,2018-12-17 06:50:00-07,-77.073145,38.92497
JumpDC-bike_23710,JUMP DC-2745,2018-12-17 06:49:00-07,JumpDC,pedal-assist-bike,2018-12-17 06:50:00-07,-77.0358983333333,38.9276233333333
JumpDC-bike_23655,JUMP DC-2690,2018-12-17 06:49:00-07,JumpDC,pedal-assist-bike,2018-12-17 06:50:00-07,-77.0354666666667,38.9241733333333
JumpDC-bike_18848,JUMP DC-0693,2018-12-17 06:49:00-07,JumpDC,pedal-assist-bike,2018-12-17 06:50:00-07,-77.03898,38.9239066666667
JumpDC-bike_16623,JUMP DC-0231,2018-12-17 06:19:02-07,JumpDC,pedal-assist-bike,2018-12-17 06:20:00-07,-77.0156166666667,38.875095
JumpDC-bike_18908,JUMP DC-0787,2018-12-17 06:19:02-07,JumpDC,pedal-assist-bike,2018-12-17 06:20:00-07,-77.0081933333333,38.8749916666667
JumpDC-bike_23449,JUMP DC-2584,2018-12-17 06:19:02-07,JumpDC,pedal-assist-bike,2018-12-17 06:20:00-07,-77.00377,38.876335
JumpDC-bike_23676,JUMP DC-2711,2018-12-17 06:19:02-07,JumpDC,pedal-assist-bike,2018-12-17 06:20:00-07,-77.0027466666667,38.8768333333333
JumpDC-bike_23637,JUMP DC-2672,2018-12-17 06:19:02-07,JumpDC,pedal-assist-bike,2018-12-17 06:20:00-07,-77.0041216666667,38.885105
JumpDC-bike_23628,JUMP DC-2663,2018-12-17 06:19:02-07,JumpDC,pedal-assist-bike,2018-12-17 06:20:00-07,-77.0019533333333,38.8867083333333
JumpDC-bike_23197,JUMP DC-2506,2018-12-17 06:19:02-07,JumpDC,pedal-assist-bike,2018-12-17 06:20:00-07,-76.995965,38.8842916666667
JumpDC-bike_23440,JUMP DC-2575,2018-12-17 06:19:02-07,JumpDC,pedal-assist-bike,2018-12-17 06:20:00-07,-76.9959783333333,38.8842616666667
JumpDC-bike_16634,JUMP DC-0226,2018-12-17 06:19:02-07,JumpDC,pedal-assist-bike,2018-12-17 06:20:00-07,-77.02373,38.8886766666667
SkipDC-352897091457427,"",2018-12-17 06:19:46-07,SkipDC,electric-scooter,2018-12-17 06:20:00-07,-77.0120983,38.8892983
SkipDC-352897091384506,"",2018-12-17 06:19:46-07,SkipDC,electric-scooter,2018-12-17 06:20:00-07,-77.0122933,38.887785
SkipDC-352897091384928,"",2018-12-17 06:19:46-07,SkipDC,electric-scooter,2018-12-17 06:20:00-07,-77.011745,38.890705
JumpDC-bike_23215,JUMP DC-2524,2018-12-17 06:19:02-07,JumpDC,pedal-assist-bike,2018-12-17 06:20:00-07,-77.0299833333333,38.90049
JumpDC-bike_23416,JUMP DC-2551,2018-12-17 06:19:02-07,JumpDC,pedal-assist-bike,2018-12-17 06:20:00-07,-77.027925,38.8982683333333
JumpDC-bike_23167,JUMP DC-2476,2018-12-17 06:19:02-07,JumpDC,pedal-assist-bike,2018-12-17 06:20:00-07,-77.027965,38.8981583333333
BirdDC-TJYD9,TJYD9,2018-12-17 06:19:45-07,BirdDC,electric-scooter,2018-12-17 06:20:00-07,-77.025825,38.900845
JumpDC-bike_18825,JUMP DC-0702,2018-12-17 06:19:02-07,JumpDC,pedal-assist-bike,2018-12-17 06:20:00-07,-77.023395,38.8974016666667
JumpDC-bike_23461,JUMP DC-2596,2018-12-17 06:19:02-07,JumpDC,pedal-assist-bike,2018-12-17 06:20:00-07,-77.0160683333333,38.8996183333333
JumpDC-bike_18870,JUMP DC-0829,2018-12-17 06:19:02-07,JumpDC,pedal-assist-bike,2018-12-17 06:20:00-07,-77.0170716666667,38.899045
JumpDC-bike_18862,JUMP DC-0821,2018-12-17 06:19:02-07,JumpDC,pedal-assist-bike,2018-12-17 06:20:00-07,-77.0035633333333,38.89945
JumpDC-bike_23143,JUMP DC-2452,2018-12-17 06:19:02-07,JumpDC,pedal-assist-bike,2018-12-17 06:20:00-07,-77.0033866666667,38.8993583333333
JumpDC-bike_23201,JUMP DC-2510,2018-12-17 06:19:02-07,JumpDC,pedal-assist-bike,2018-12-17 06:20:00-07,-77.00269,38.897045
JumpDC-bike_23165,JUMP DC-2474,2018-12-17 06:19:02-07,JumpDC,pedal-assist-bike,2018-12-17 06:20:00-07,-77.003535,38.8994166666667
JumpDC-bike_23633,JUMP DC-2668,2018-12-17 06:19:02-07,JumpDC,pedal-assist-bike,2018-12-17 06:20:00-07,-77.0025783333333,38.8971483333333
BirdDC-K54CZ,K54CZ,2018-12-17 06:19:45-07,BirdDC,electric-scooter,2018-12-17 06:20:00-07,-76.9754374,38.8965989
JumpDC-bike_23674,JUMP DC-2709,2018-12-17 06:19:02-07,JumpDC,pedal-assist-bike,2018-12-17 06:20:00-07,-76.9315283333333,38.899855
JumpDC-bike_18934,JUMP DC-0813,2018-12-17 06:19:02-07,JumpDC,pedal-assist-bike,2018-12-17 06:20:00-07,-77.03305,38.909695
BirdDC-XDWQL,XDWQL,2018-12-17 06:19:45-07,BirdDC,electric-scooter,2018-12-17 06:20:00-07,-77.0307,38.90757
JumpDC-bike_23687,JUMP DC-2722,2018-12-17 06:19:02-07,JumpDC,pedal-assist-bike,2018-12-17 06:20:00-07,-77.0308966666667,38.907505
JumpDC-bike_23157,JUMP DC-2466,2018-12-17 06:19:02-07,JumpDC,pedal-assist-bike,2018-12-17 06:20:00-07,-77.033965,38.9097216666667
JumpDC-bike_23176,JUMP DC-2485,2018-12-17 06:19:02-07,JumpDC,pedal-assist-bike,2018-12-17 06:20:00-07,-77.0327116666667,38.9096883333333
JumpDC-bike_23671,JUMP DC-2706,2018-12-17 06:19:02-07,JumpDC,pedal-assist-bike,2018-12-17 06:20:00-07,-77.0339,38.9097683333333
JumpDC-bike_23677,JUMP DC-2712,2018-12-17 06:19:02-07,JumpDC,pedal-assist-bike,2018-12-17 06:20:00-07,-77.0340716666667,38.90961
BirdDC-MUC2C,MUC2C,2018-12-17 06:19:45-07,BirdDC,electric-scooter,2018-12-17 06:20:00-07,-77.0330433333333,38.90728
BirdDC-U9ZLP,U9ZLP,2018-12-17 06:19:45-07,BirdDC,electric-scooter,2018-12-17 06:20:00-07,-77.0288905488663,38.9063251036976
JumpDC-bike_16607,JUMP DC-0242,2018-12-17 06:19:02-07,JumpDC,pedal-assist-bike,2018-12-17 06:20:00-07,-77.0228683333333,38.9089366666667
JumpDC-bike_23235,JUMP DC-2544,2018-12-17 06:19:02-07,JumpDC,pedal-assist-bike,2018-12-17 06:20:00-07,-77.0132383333333,38.9060316666667
BirdDC-FLAWV,FLAWV,2018-12-17 06:19:45-07,BirdDC,electric-scooter,2018-12-17 06:20:00-07,-77.0154716666667,38.9096266666667
JumpDC-bike_23713,JUMP DC-2748,2018-12-17 06:19:02-07,JumpDC,pedal-assist-bike,2018-12-17 06:20:00-07,-77.010065,38.9086533333333
JumpDC-bike_18835,JUMP DC-0712,2018-12-17 06:19:02-07,JumpDC,pedal-assist-bike,2018-12-17 06:20:00-07,-77.005985,38.9074566666667
JumpDC-bike_23509,JUMP DC-2644,2018-12-17 06:19:02-07,JumpDC,pedal-assist-bike,2018-12-17 06:20:00-07,-77.0059383333333,38.9065233333333
JumpDC-bike_23651,JUMP DC-2686,2018-12-17 06:19:02-07,JumpDC,pedal-assist-bike,2018-12-17 06:20:00-07,-77.00596,38.9063083333333
JumpDC-bike_23706,JUMP DC-2741,2018-12-17 06:19:02-07,JumpDC,pedal-assist-bike,2018-12-17 06:20:00-07,-77.0057133333333,38.9064516666667
JumpDC-bike_16501,JUMP DC-0188,2018-12-17 06:19:02-07,JumpDC,pedal-assist-bike,2018-12-17 06:20:00-07,-76.9979916666667,38.90848
JumpDC-bike_23642,JUMP DC-2677,2018-12-17 06:19:02-07,JumpDC,pedal-assist-bike,2018-12-17 06:20:00-07,-76.9525283333333,38.905965
SkipDC-352897091392301,"",2018-12-17 06:19:46-07,SkipDC,electric-scooter,2018-12-17 06:20:00-07,-77.0735273,38.9110588
BirdDC-9FMJH,9FMJH,2018-12-17 06:19:45-07,BirdDC,electric-scooter,2018-12-17 06:20:00-07,-77.0536733333333,38.910775
BirdDC-Y3MHK,Y3MHK,2018-12-17 06:19:45-07,BirdDC,electric-scooter,2018-12-17 06:20:00-07,-77.048805,38.9129633333333
JumpDC-bike_23149,JUMP DC-2458,2018-12-17 06:19:02-07,JumpDC,pedal-assist-bike,2018-12-17 06:20:00-07,-77.0443583333333,38.9109833333333
JumpDC-bike_23487,JUMP DC-2622,2018-12-17 06:19:02-07,JumpDC,pedal-assist-bike,2018-12-17 06:20:00-07,-77.04439,38.91081
JumpDC-bike_23164,JUMP DC-2473,2018-12-17 06:19:02-07,JumpDC,pedal-assist-bike,2018-12-17 06:20:00-07,-77.0444183333333,38.9180383333333
BirdDC-ILV7T,ILV7T,2018-12-17 06:19:45-07,BirdDC,electric-scooter,2018-12-17 06:20:00-07,-77.0390644837409,38.9187548947374
BirdDC-SQKPA,SQKPA,2018-12-17 06:19:45-07,BirdDC,electric-scooter,2018-12-17 06:20:00-07,-77.0391671794493,38.9188313300783
BirdDC-XAJMV,XAJMV,2018-12-17 06:19:45-07,BirdDC,electric-scooter,2018-12-17 06:20:00-07,-77.0390083333333,38.918815
JumpDC-bike_23175,JUMP DC-2484,2018-12-17 06:19:02-07,JumpDC,pedal-assist-bike,2018-12-17 06:20:00-07,-77.04103,38.9177716666667
JumpDC-bike_16498,JUMP DC-0185,2018-12-17 06:19:02-07,JumpDC,pedal-assist-bike,2018-12-17 06:20:00-07,-77.0402733333333,38.9187616666667
JumpDC-bike_23199,JUMP DC-2508,2018-12-17 06:19:02-07,JumpDC,pedal-assist-bike,2018-12-17 06:20:00-07,-77.0370616666667,38.918175
BirdDC-VSXD,VSXD,2018-12-17 06:19:45-07,BirdDC,electric-scooter,2018-12-17 06:20:00-07,-77.0392428339245,38.9187512174611
BirdDC-VP73,VP73,2018-12-17 06:19:45-07,BirdDC,electric-scooter,2018-12-17 06:20:00-07,-77.0391862,38.9188162
BirdDC-XIJYE,XIJYE,2018-12-17 06:19:45-07,BirdDC,electric-scooter,2018-12-17 06:20:00-07,-77.0391671794493,38.9188313300783
BirdDC-Q3ER7,Q3ER7,2018-12-17 06:19:45-07,BirdDC,electric-scooter,2018-12-17 06:20:00-07,-77.03902859671,38.9187476792492
JumpDC-bike_23186,JUMP DC-2495,2018-12-17 06:19:02-07,JumpDC,pedal-assist-bike,2018-12-17 06:20:00-07,-77.041095,38.917825
BirdDC-62I7A,62I7A,2018-12-17 06:19:45-07,BirdDC,electric-scooter,2018-12-17 06:20:00-07,-77.0319216666667,38.9185366666667
JumpDC-bike_23694,JUMP DC-2729,2018-12-17 06:19:02-07,JumpDC,pedal-assist-bike,2018-12-17 06:20:00-07,-77.028925,38.916875
JumpDC-bike_23513,JUMP DC-2648,2018-12-17 06:19:02-07,JumpDC,pedal-assist-bike,2018-12-17 06:20:00-07,-77.028695,38.9169916666667
JumpDC-bike_23171,JUMP DC-2480,2018-12-17 06:19:02-07,JumpDC,pedal-assist-bike,2018-12-17 06:20:00-07,-77.0289183333333,38.916805
JumpDC-bike_18894,JUMP DC-0773,2018-12-17 06:19:02-07,JumpDC,pedal-assist-bike,2018-12-17 06:20:00-07,-77.0255483333333,38.91711
BirdDC-71II5,71II5,2018-12-17 06:19:45-07,BirdDC,electric-scooter,2018-12-17 06:20:00-07,-77.0245516666667,38.916985
JumpDC-bike_16523,JUMP DC-0167,2018-12-17 06:19:02-07,JumpDC,pedal-assist-bike,2018-12-17 06:20:00-07,-77.0184366666667,38.915305
JumpDC-bike_23619,JUMP DC-2654,2018-12-17 06:19:02-07,JumpDC,pedal-assist-bike,2018-12-17 06:20:00-07,-77.0125416666667,38.9155916666667
JumpDC-bike_23698,JUMP DC-2733,2018-12-17 06:19:02-07,JumpDC,pedal-assist-bike,2018-12-17 06:20:00-07,-77.0118766666667,38.9155266666667
JumpDC-bike_23142,JUMP DC-2451,2018-12-17 06:19:02-07,JumpDC,pedal-assist-bike,2018-12-17 06:20:00-07,-77.0118866666667,38.9155683333333
JumpDC-bike_18867,JUMP DC-0826,2018-12-17 06:19:02-07,JumpDC,pedal-assist-bike,2018-12-17 06:20:00-07,-77.0116533333333,38.91563
JumpDC-bike_23203,JUMP DC-2512,2018-12-17 06:19:02-07,JumpDC,pedal-assist-bike,2018-12-17 06:20:00-07,-77.0018933333333,38.9156183333333
JumpDC-bike_23660,JUMP DC-2695,2018-12-17 06:19:02-07,JumpDC,pedal-assist-bike,2018-12-17 06:20:00-07,-76.9836966666667,38.914975
JumpDC-bike_23443,JUMP DC-2578,2018-12-17 06:19:02-07,JumpDC,pedal-assist-bike,2018-12-17 06:20:00-07,-77.0559366666667,38.9370083333333
JumpDC-bike_23439,JUMP DC-2574,2018-12-17 06:19:02-07,JumpDC,pedal-assist-bike,2018-12-17 06:20:00-07,-77.04088,38.939295
JumpDC-bike_23229,JUMP DC-2538,2018-12-17 06:19:02-07,JumpDC,pedal-assist-bike,2018-12-17 06:20:00-07,-77.0251766666667,38.942595
JumpDC-bike_23638,JUMP DC-2673,2018-12-17 06:19:02-07,JumpDC,pedal-assist-bike,2018-12-17 06:20:00-07,-76.95918,38.941515
JumpDC-bike_23641,JUMP DC-2676,2018-12-17 06:19:02-07,JumpDC,pedal-assist-bike,2018-12-17 06:20:00-07,-76.9935616666667,38.9473433333333
SkipDC-352897091273907,"",2018-12-17 06:34:53-07,SkipDC,electric-scooter,2018-12-17 06:35:00-07,-76.9968967,38.8568267
JumpDC-bike_23182,JUMP DC-2491,2018-12-17 06:34:24-07,JumpDC,pedal-assist-bike,2018-12-17 06:35:00-07,-76.9725533333333,38.8567333333333
JumpDC-bike_23419,JUMP DC-2554,2018-12-17 06:34:24-07,JumpDC,pedal-assist-bike,2018-12-17 06:35:00-07,-76.9946283333333,38.8622433333333
JumpDC-bike_18834,JUMP DC-0711,2018-12-17 06:34:24-07,JumpDC,pedal-assist-bike,2018-12-17 06:35:00-07,-76.9947866666667,38.86236
JumpDC-bike_23189,JUMP DC-2498,2018-12-17 06:34:24-07,JumpDC,pedal-assist-bike,2018-12-17 06:35:00-07,-76.9950266666667,38.8623433333333
JumpDC-bike_23455,JUMP DC-2590,2018-12-17 06:34:24-07,JumpDC,pedal-assist-bike,2018-12-17 06:35:00-07,-77.026495,38.8811333333333
JumpDC-bike_23230,JUMP DC-2539,2018-12-17 06:34:24-07,JumpDC,pedal-assist-bike,2018-12-17 06:35:00-07,-77.0265233333333,38.8810783333333
JumpDC-bike_23450,JUMP DC-2585,2018-12-17 06:34:24-07,JumpDC,pedal-assist-bike,2018-12-17 06:35:00-07,-77.0147533333333,38.8815683333333
SkipDC-352897091319809,"",2018-12-17 06:34:53-07,SkipDC,electric-scooter,2018-12-17 06:35:00-07,-77.0147297,38.8793854
JumpDC-bike_23209,JUMP DC-2518,2018-12-17 06:34:24-07,JumpDC,pedal-assist-bike,2018-12-17 06:35:00-07,-77.0052416666667,38.8804666666667
JumpDC-bike_23147,JUMP DC-2456,2018-12-17 06:34:24-07,JumpDC,pedal-assist-bike,2018-12-17 06:35:00-07,-76.9901983333333,38.87967
JumpDC-bike_23684,JUMP DC-2719,2018-12-17 06:34:24-07,JumpDC,pedal-assist-bike,2018-12-17 06:35:00-07,-76.9855666666667,38.8813066666667
JumpDC-bike_23476,JUMP DC-2611,2018-12-17 06:34:24-07,JumpDC,pedal-assist-bike,2018-12-17 06:35:00-07,-76.9853233333333,38.8809433333333
SkipDC-352897091431323,"",2018-12-17 06:34:53-07,SkipDC,electric-scooter,2018-12-17 06:35:00-07,-77.03511,38.8853033
JumpDC-bike_23945,JUMP DC-2454,2018-12-17 06:34:24-07,JumpDC,pedal-assist-bike,2018-12-17 06:35:00-07,-77.0256283333333,38.8837516666667
JumpDC-bike_23670,JUMP DC-2705,2018-12-17 06:34:24-07,JumpDC,pedal-assist-bike,2018-12-17 06:35:00-07,-77.0164283333333,38.8919533333333
JumpDC-bike_23220,JUMP DC-2529,2018-12-17 06:34:24-07,JumpDC,pedal-assist-bike,2018-12-17 06:35:00-07,-76.9992433333333,38.89614
JumpDC-bike_23237,JUMP DC-2546,2018-12-17 06:34:24-07,JumpDC,pedal-assist-bike,2018-12-17 06:35:00-07,-76.9566066666667,38.89546
JumpDC-bike_16608,JUMP DC-0243,2018-12-17 06:34:24-07,JumpDC,pedal-assist-bike,2018-12-17 06:35:00-07,-76.95653,38.8942716666667
JumpDC-bike_23445,JUMP DC-2580,2018-12-17 06:34:24-07,JumpDC,pedal-assist-bike,2018-12-17 06:35:00-07,-77.0637283333333,38.90047
BirdDC-23MRF,23MRF,2018-12-17 06:34:57-07,BirdDC,electric-scooter,2018-12-17 06:35:00-07,-77.0552066666667,38.8973616666667
BirdDC-VFILH,VFILH,2018-12-17 06:34:57-07,BirdDC,electric-scooter,2018-12-17 06:35:00-07,-77.044975,38.89967
BirdDC-HJAHS,HJAHS,2018-12-17 06:34:57-07,BirdDC,electric-scooter,2018-12-17 06:35:00-07,-77.045365,38.8997
BirdDC-8WQY4,8WQY4,2018-12-17 06:34:57-07,BirdDC,electric-scooter,2018-12-17 06:35:00-07,-77.0450216666667,38.89975
JumpDC-bike_23215,JUMP DC-2524,2018-12-17 06:34:24-07,JumpDC,pedal-assist-bike,2018-12-17 06:35:00-07,-77.0299833333333,38.90049
JumpDC-bike_23478,JUMP DC-2613,2018-12-17 06:34:24-07,JumpDC,pedal-assist-bike,2018-12-17 06:35:00-07,-77.0617966666667,38.9034333333333
BirdDC-XE7TM,XE7TM,2018-12-17 06:34:57-07,BirdDC,electric-scooter,2018-12-17 06:35:00-07,-77.0394433333333,38.904655
BirdDC-8P7TK,8P7TK,2018-12-17 06:34:57-07,BirdDC,electric-scooter,2018-12-17 06:35:00-07,-77.0346,38.9022983333333
BirdDC-LKFF7,LKFF7,2018-12-17 06:34:57-07,BirdDC,electric-scooter,2018-12-17 06:35:00-07,-77.0318833333333,38.9032633333333
BirdDC-CRQC1,CRQC1,2018-12-17 06:34:57-07,BirdDC,electric-scooter,2018-12-17 06:35:00-07,-77.0261833333333,38.9024166666667
SkipDC-352897091294226,"",2018-12-17 06:34:53-07,SkipDC,electric-scooter,2018-12-17 06:35:00-07,-77.0260406,38.9037098
SkipDC-352897091457823,"",2018-12-17 06:34:53-07,SkipDC,electric-scooter,2018-12-17 06:35:00-07,-77.025915,38.9047017
JumpDC-bike_23214,JUMP DC-2523,2018-12-17 06:34:24-07,JumpDC,pedal-assist-bike,2018-12-17 06:35:00-07,-77.025895,38.9013583333333
JumpDC-bike_23699,JUMP DC-2734,2018-12-17 06:34:24-07,JumpDC,pedal-assist-bike,2018-12-17 06:35:00-07,-77.02474,38.9013733333333
BirdDC-TJYD9,TJYD9,2018-12-17 06:34:57-07,BirdDC,electric-scooter,2018-12-17 06:35:00-07,-77.0258716666667,38.9009483333333
JumpDC-bike_18871,JUMP DC-0830,2018-12-17 06:34:24-07,JumpDC,pedal-assist-bike,2018-12-17 06:35:00-07,-77.01768,38.9042
JumpDC-bike_18826,JUMP DC-0703,2018-12-17 06:34:24-07,JumpDC,pedal-assist-bike,2018-12-17 06:35:00-07,-77.0174366666667,38.9023183333333
JumpDC-bike_23506,JUMP DC-2641,2018-12-17 06:34:24-07,JumpDC,pedal-assist-bike,2018-12-17 06:35:00-07,-77.0175733333333,38.9026033333333
JumpDC-bike_18878,JUMP DC-0837,2018-12-17 06:34:24-07,JumpDC,pedal-assist-bike,2018-12-17 06:35:00-07,-77.0175316666667,38.9038566666667
JumpDC-bike_16527,JUMP DC-0212,2018-12-17 06:34:24-07,JumpDC,pedal-assist-bike,2018-12-17 06:35:00-07,-77.0173766666667,38.9023383333333
JumpDC-bike_23178,JUMP DC-2487,2018-12-17 06:34:24-07,JumpDC,pedal-assist-bike,2018-12-17 06:35:00-07,-77.0346633333333,38.913365
JumpDC-bike_18869,JUMP DC-0828,2018-12-17 06:34:24-07,JumpDC,pedal-assist-bike,2018-12-17 06:35:00-07,-77.031795,38.9100116666667
JumpDC-bike_23702,JUMP DC-2737,2018-12-17 06:34:24-07,JumpDC,pedal-assist-bike,2018-12-17 06:35:00-07,-77.0319916666667,38.9100933333333
BirdDC-WXJH7,WXJH7,2018-12-17 06:34:57-07,BirdDC,electric-scooter,2018-12-17 06:35:00-07,-77.0288166666667,38.912575
BirdDC-1CPUF,1CPUF,2018-12-17 06:34:57-07,BirdDC,electric-scooter,2018-12-17 06:35:00-07,-77.02436,38.914105
SkipDC-352897091274764,"",2018-12-17 06:34:53-07,SkipDC,electric-scooter,2018-12-17 06:35:00-07,-77.0177433,38.9130317
JumpDC-bike_16615,JUMP DC-0250,2018-12-17 06:34:24-07,JumpDC,pedal-assist-bike,2018-12-17 06:35:00-07,-77.0225066666667,38.9127916666667
JumpDC-bike_23433,JUMP DC-2568,2018-12-17 06:34:24-07,JumpDC,pedal-assist-bike,2018-12-17 06:35:00-07,-77.0204516666667,38.913675
SkipDC-352897091437825,"",2018-12-17 06:34:53-07,SkipDC,electric-scooter,2018-12-17 06:35:00-07,-77.023495,38.9119967
JumpDC-bike_23496,JUMP DC-2631,2018-12-17 06:34:24-07,JumpDC,pedal-assist-bike,2018-12-17 06:35:00-07,-77.0152166666667,38.9133633333333
JumpDC-bike_18909,JUMP DC-0788,2018-12-17 06:34:24-07,JumpDC,pedal-assist-bike,2018-12-17 06:35:00-07,-77.0122033333333,38.9127033333333
JumpDC-bike_23180,JUMP DC-2489,2018-12-17 06:34:24-07,JumpDC,pedal-assist-bike,2018-12-17 06:35:00-07,-77.01222,38.9127383333333
JumpDC-bike_23488,JUMP DC-2623,2018-12-17 06:34:24-07,JumpDC,pedal-assist-bike,2018-12-17 06:35:00-07,-77.00827,38.9103833333333
JumpDC-bike_18851,JUMP DC-0696 (Dummy Controller),2018-12-17 06:34:24-07,JumpDC,pedal-assist-bike,2018-12-17 06:35:00-07,-77.0112433333333,38.9110716666667
JumpDC-bike_23471,JUMP DC-2606,2018-12-17 06:34:24-07,JumpDC,pedal-assist-bike,2018-12-17 06:35:00-07,-77.0109366666667,38.9126183333333
JumpDC-bike_23431,JUMP DC-2566,2018-12-17 06:34:24-07,JumpDC,pedal-assist-bike,2018-12-17 06:35:00-07,-76.9892,38.9108266666667
BirdDC-QJZC5,QJZC5,2018-12-17 06:34:57-07,BirdDC,electric-scooter,2018-12-17 06:35:00-07,-77.069275,38.9145766666667
JumpDC-bike_23164,JUMP DC-2473,2018-12-17 06:34:24-07,JumpDC,pedal-assist-bike,2018-12-17 06:35:00-07,-77.0444183333333,38.9180383333333
JumpDC-bike_23652,JUMP DC-2687,2018-12-17 06:34:24-07,JumpDC,pedal-assist-bike,2018-12-17 06:35:00-07,-77.0445083333333,38.9186066666667
JumpDC-bike_23683,JUMP DC-2718,2018-12-17 06:34:24-07,JumpDC,pedal-assist-bike,2018-12-17 06:35:00-07,-77.04176,38.918155
BirdDC-JXT2M,JXT2M,2018-12-17 06:34:57-07,BirdDC,electric-scooter,2018-12-17 06:35:00-07,-77.041275,38.9147866666667
JumpDC-bike_23160,JUMP DC-2469,2018-12-17 06:34:24-07,JumpDC,pedal-assist-bike,2018-12-17 06:35:00-07,-77.040505,38.9177816666667
BirdDC-VP73,VP73,2018-12-17 06:34:57-07,BirdDC,electric-scooter,2018-12-17 06:35:00-07,-77.0391862,38.9188162
BirdDC-SQKPA,SQKPA,2018-12-17 06:34:57-07,BirdDC,electric-scooter,2018-12-17 06:35:00-07,-77.0391671794493,38.9188313300783
BirdDC-ILV7T,ILV7T,2018-12-17 06:34:57-07,BirdDC,electric-scooter,2018-12-17 06:35:00-07,-77.0390644837409,38.9187548947374
BirdDC-Q3ER7,Q3ER7,2018-12-17 06:34:57-07,BirdDC,electric-scooter,2018-12-17 06:35:00-07,-77.03902859671,38.9187476792492
JumpDC-bike_23420,JUMP DC-2555,2018-12-17 06:34:24-07,JumpDC,pedal-assist-bike,2018-12-17 06:35:00-07,-77.043555,38.9217116666667
JumpDC-bike_23634,JUMP DC-2669,2018-12-17 06:34:24-07,JumpDC,pedal-assist-bike,2018-12-17 06:35:00-07,-77.043565,38.921725
JumpDC-bike_18839,JUMP DC-0716,2018-12-17 06:34:24-07,JumpDC,pedal-assist-bike,2018-12-17 06:35:00-07,-77.043705,38.9219083333333
JumpDC-bike_23217,JUMP DC-2526,2018-12-17 06:34:24-07,JumpDC,pedal-assist-bike,2018-12-17 06:35:00-07,-77.0416966666667,38.9199583333333
JumpDC-bike_18850,JUMP DC-0690,2018-12-17 06:34:24-07,JumpDC,pedal-assist-bike,2018-12-17 06:35:00-07,-77.043455,38.9216116666667
JumpDC-bike_18831,JUMP DC-0708,2018-12-17 06:34:24-07,JumpDC,pedal-assist-bike,2018-12-17 06:35:00-07,-77.041835,38.92041
JumpDC-bike_23415,JUMP DC-2550,2018-12-17 06:34:24-07,JumpDC,pedal-assist-bike,2018-12-17 06:35:00-07,-77.0425733333333,38.92236
JumpDC-bike_23643,JUMP DC-2678,2018-12-17 06:34:24-07,JumpDC,pedal-assist-bike,2018-12-17 06:35:00-07,-77.04242,38.92272
JumpDC-bike_23479,JUMP DC-2614,2018-12-17 06:34:24-07,JumpDC,pedal-assist-bike,2018-12-17 06:35:00-07,-77.0426233333333,38.9229783333333
BirdDC-N3HG5,N3HG5,2018-12-17 06:34:57-07,BirdDC,electric-scooter,2018-12-17 06:35:00-07,-77.0437466666667,38.922375
JumpDC-bike_18827,JUMP DC-0704,2018-12-17 06:34:24-07,JumpDC,pedal-assist-bike,2018-12-17 06:35:00-07,-77.0365683333333,38.9213383333333
BirdDC-Y1TA5,Y1TA5,2018-12-17 06:34:57-07,BirdDC,electric-scooter,2018-12-17 06:35:00-07,-77.0393011,38.9189451
BirdDC-FWYI7,FWYI7,2018-12-17 06:34:57-07,BirdDC,electric-scooter,2018-12-17 06:35:00-07,-77.0392879,38.9189784
BirdDC-HXMRN,HXMRN,2018-12-17 06:34:57-07,BirdDC,electric-scooter,2018-12-17 06:35:00-07,-77.03698,38.9203216666667
JumpDC-bike_18898,JUMP DC-0777,2018-12-17 06:34:24-07,JumpDC,pedal-assist-bike,2018-12-17 06:35:00-07,-77.01821,38.9205516666667
BirdDC-5IB4S,5IB4S,2018-12-17 06:34:57-07,BirdDC,electric-scooter,2018-12-17 06:35:00-07,-77.0169533333333,38.9206283333333
JumpDC-bike_18868,JUMP DC-0827,2018-12-17 06:34:24-07,JumpDC,pedal-assist-bike,2018-12-17 06:35:00-07,-76.9621416666667,38.9191033333333
JumpDC-bike_18866,JUMP DC-0825,2018-12-17 06:34:24-07,JumpDC,pedal-assist-bike,2018-12-17 06:35:00-07,-76.962095,38.9190416666667
JumpDC-bike_18855,JUMP DC-0691,2018-12-17 06:34:24-07,JumpDC,pedal-assist-bike,2018-12-17 06:35:00-07,-76.9621566666667,38.9191566666667
JumpDC-bike_23462,JUMP DC-2597,2018-12-17 06:34:24-07,JumpDC,pedal-assist-bike,2018-12-17 06:35:00-07,-76.9621183333333,38.9191016666667
JumpDC-bike_23482,JUMP DC-2617,2018-12-17 06:34:24-07,JumpDC,pedal-assist-bike,2018-12-17 06:35:00-07,-76.96213,38.919155
JumpDC-bike_23434,JUMP DC-2569,2018-12-17 06:34:24-07,JumpDC,pedal-assist-bike,2018-12-17 06:35:00-07,-76.9621966666667,38.9191433333333
JumpDC-bike_23460,JUMP DC-2595,2018-12-17 06:34:24-07,JumpDC,pedal-assist-bike,2018-12-17 06:35:00-07,-76.9621683333333,38.9191366666667
JumpDC-bike_16496,JUMP DC-0183,2018-12-17 06:34:24-07,JumpDC,pedal-assist-bike,2018-12-17 06:35:00-07,-77.073145,38.92497
JumpDC-bike_18883,JUMP DC-0842,2018-12-17 06:34:24-07,JumpDC,pedal-assist-bike,2018-12-17 06:35:00-07,-77.0406083333333,38.9253483333333
JumpDC-bike_23443,JUMP DC-2578,2018-12-17 06:34:24-07,JumpDC,pedal-assist-bike,2018-12-17 06:35:00-07,-77.0559366666667,38.9370083333333
JumpDC-bike_23439,JUMP DC-2574,2018-12-17 06:34:24-07,JumpDC,pedal-assist-bike,2018-12-17 06:35:00-07,-77.04088,38.939295
JumpDC-bike_23229,JUMP DC-2538,2018-12-17 06:34:24-07,JumpDC,pedal-assist-bike,2018-12-17 06:35:00-07,-77.0251766666667,38.942595
JumpDC-bike_23638,JUMP DC-2673,2018-12-17 06:34:24-07,JumpDC,pedal-assist-bike,2018-12-17 06:35:00-07,-76.95918,38.941515
JumpDC-bike_23641,JUMP DC-2676,2018-12-17 06:34:24-07,JumpDC,pedal-assist-bike,2018-12-17 06:35:00-07,-76.9935616666667,38.9473433333333
JumpDC-bike_18845,JUMP DC-0722,2018-12-17 06:49:00-07,JumpDC,pedal-assist-bike,2018-12-17 06:50:00-07,-77.0010633333333,38.8218166666667
BirdDC-98GGU,98GGU,2018-12-17 06:49:44-07,BirdDC,electric-scooter,2018-12-17 06:50:00-07,-77.00708,38.826565
JumpDC-bike_23428,JUMP DC-2563,2018-12-17 06:49:00-07,JumpDC,pedal-assist-bike,2018-12-17 06:50:00-07,-76.9736366666667,38.864955
BirdDC-WJK42,WJK42,2018-12-17 06:49:44-07,BirdDC,electric-scooter,2018-12-17 06:50:00-07,-77.0120933333333,38.8720666666667
BirdDC-L25EJ,L25EJ,2018-12-17 06:49:44-07,BirdDC,electric-scooter,2018-12-17 06:50:00-07,-77.01162,38.8725433333333
JumpDC-bike_16623,JUMP DC-0231,2018-12-17 06:49:00-07,JumpDC,pedal-assist-bike,2018-12-17 06:50:00-07,-77.0156166666667,38.875095
JumpDC-bike_18908,JUMP DC-0787,2018-12-17 06:49:00-07,JumpDC,pedal-assist-bike,2018-12-17 06:50:00-07,-77.0081933333333,38.8749916666667
JumpDC-bike_23449,JUMP DC-2584,2018-12-17 06:49:00-07,JumpDC,pedal-assist-bike,2018-12-17 06:50:00-07,-77.00377,38.876335
JumpDC-bike_23676,JUMP DC-2711,2018-12-17 06:49:00-07,JumpDC,pedal-assist-bike,2018-12-17 06:50:00-07,-77.0027466666667,38.8768333333333
JumpDC-bike_23637,JUMP DC-2672,2018-12-17 06:49:00-07,JumpDC,pedal-assist-bike,2018-12-17 06:50:00-07,-77.0041216666667,38.885105
JumpDC-bike_23628,JUMP DC-2663,2018-12-17 06:49:00-07,JumpDC,pedal-assist-bike,2018-12-17 06:50:00-07,-77.0019533333333,38.8867083333333
JumpDC-bike_23197,JUMP DC-2506,2018-12-17 06:49:00-07,JumpDC,pedal-assist-bike,2018-12-17 06:50:00-07,-76.995965,38.8842916666667
JumpDC-bike_23440,JUMP DC-2575,2018-12-17 06:49:00-07,JumpDC,pedal-assist-bike,2018-12-17 06:50:00-07,-76.9959783333333,38.8842616666667
JumpDC-bike_16634,JUMP DC-0226,2018-12-17 06:49:00-07,JumpDC,pedal-assist-bike,2018-12-17 06:50:00-07,-77.02373,38.8886766666667
SkipDC-352897091384506,"",2018-12-17 06:49:56-07,SkipDC,electric-scooter,2018-12-17 06:50:00-07,-77.0125483,38.8882687
SkipDC-352897091457427,"",2018-12-17 06:49:56-07,SkipDC,electric-scooter,2018-12-17 06:50:00-07,-77.0120983,38.8892983
SkipDC-352897091384928,"",2018-12-17 06:49:56-07,SkipDC,electric-scooter,2018-12-17 06:50:00-07,-77.0117817,38.890695
JumpDC-bike_18820,JUMP DC-0688,2018-12-17 06:49:00-07,JumpDC,pedal-assist-bike,2018-12-17 06:50:00-07,-77.0027216666667,38.890265
JumpDC-bike_18874,JUMP DC-0833,2018-12-17 06:49:00-07,JumpDC,pedal-assist-bike,2018-12-17 06:50:00-07,-76.9942683333333,38.88827
JumpDC-bike_16514,JUMP DC-0202,2018-12-17 06:49:00-07,JumpDC,pedal-assist-bike,2018-12-17 06:50:00-07,-76.99881,38.88973
JumpDC-bike_23153,JUMP DC-2462,2018-12-17 06:49:00-07,JumpDC,pedal-assist-bike,2018-12-17 06:50:00-07,-77.0503666666667,38.892805
JumpDC-bike_23656,JUMP DC-2691,2018-12-17 06:49:00-07,JumpDC,pedal-assist-bike,2018-12-17 06:50:00-07,-77.05033,38.8928283333333
SkipDC-352897091387145,"",2018-12-17 06:49:56-07,SkipDC,electric-scooter,2018-12-17 06:50:00-07,-77.03457,38.89468
JumpDC-bike_23202,JUMP DC-2511,2018-12-17 06:49:00-07,JumpDC,pedal-assist-bike,2018-12-17 06:50:00-07,-77.021845,38.8941883333333
JumpDC-bike_23700,JUMP DC-2735,2018-12-17 06:49:00-07,JumpDC,pedal-assist-bike,2018-12-17 06:50:00-07,-77.022,38.8936466666667
SkipDC-352897091386923,"",2018-12-17 06:49:56-07,SkipDC,electric-scooter,2018-12-17 06:50:00-07,-77.0152708,38.8950891
JumpDC-bike_23670,JUMP DC-2705,2018-12-17 06:49:00-07,JumpDC,pedal-assist-bike,2018-12-17 06:50:00-07,-77.0164283333333,38.8919533333333
JumpDC-bike_18825,JUMP DC-0702,2018-12-17 06:49:00-07,JumpDC,pedal-assist-bike,2018-12-17 06:50:00-07,-77.023395,38.8974016666667
JumpDC-bike_23461,JUMP DC-2596,2018-12-17 06:49:00-07,JumpDC,pedal-assist-bike,2018-12-17 06:50:00-07,-77.0160683333333,38.8996183333333
JumpDC-bike_18870,JUMP DC-0829,2018-12-17 06:49:00-07,JumpDC,pedal-assist-bike,2018-12-17 06:50:00-07,-77.0170716666667,38.899045
JumpDC-bike_23143,JUMP DC-2452,2018-12-17 06:49:00-07,JumpDC,pedal-assist-bike,2018-12-17 06:50:00-07,-77.0033866666667,38.8993583333333
JumpDC-bike_23201,JUMP DC-2510,2018-12-17 06:49:00-07,JumpDC,pedal-assist-bike,2018-12-17 06:50:00-07,-77.00269,38.897045
JumpDC-bike_23165,JUMP DC-2474,2018-12-17 06:49:00-07,JumpDC,pedal-assist-bike,2018-12-17 06:50:00-07,-77.003535,38.8994166666667
JumpDC-bike_23633,JUMP DC-2668,2018-12-17 06:49:00-07,JumpDC,pedal-assist-bike,2018-12-17 06:50:00-07,-77.0025783333333,38.8971483333333
JumpDC-bike_18862,JUMP DC-0821,2018-12-17 06:49:00-07,JumpDC,pedal-assist-bike,2018-12-17 06:50:00-07,-77.0035633333333,38.89945
BirdDC-K54CZ,K54CZ,2018-12-17 06:49:44-07,BirdDC,electric-scooter,2018-12-17 06:50:00-07,-76.9754374,38.8965989
JumpDC-bike_18927,JUMP DC-0806,2018-12-17 06:49:00-07,JumpDC,pedal-assist-bike,2018-12-17 06:50:00-07,-76.9464533333333,38.8989366666667
JumpDC-bike_23674,JUMP DC-2709,2018-12-17 06:49:00-07,JumpDC,pedal-assist-bike,2018-12-17 06:50:00-07,-76.9315283333333,38.899855
JumpDC-bike_23478,JUMP DC-2613,2018-12-17 06:49:00-07,JumpDC,pedal-assist-bike,2018-12-17 06:50:00-07,-77.0617966666667,38.9034333333333
JumpDC-bike_23665,JUMP DC-2700,2018-12-17 06:49:00-07,JumpDC,pedal-assist-bike,2018-12-17 06:50:00-07,-77.0637033333333,38.90284
JumpDC-bike_18878,JUMP DC-0837,2018-12-17 06:49:00-07,JumpDC,pedal-assist-bike,2018-12-17 06:50:00-07,-77.0175316666667,38.9038566666667
JumpDC-bike_23630,JUMP DC-2665,2018-12-17 06:49:00-07,JumpDC,pedal-assist-bike,2018-12-17 06:50:00-07,-77.0072633333333,38.903835
JumpDC-bike_18830,JUMP DC-0707,2018-12-17 06:49:00-07,JumpDC,pedal-assist-bike,2018-12-17 06:50:00-07,-77.0115,38.9025916666667
SkipDC-352897091275001,"",2018-12-17 06:49:56-07,SkipDC,electric-scooter,2018-12-17 06:50:00-07,-76.9968827,38.9043837
JumpDC-bike_23680,JUMP DC-2715,2018-12-17 06:49:00-07,JumpDC,pedal-assist-bike,2018-12-17 06:50:00-07,-76.997995,38.9047183333333
JumpDC-bike_18887,JUMP DC-0764,2018-12-17 06:49:00-07,JumpDC,pedal-assist-bike,2018-12-17 06:50:00-07,-76.99783,38.9036966666667
JumpDC-bike_16532,JUMP DC-0223,2018-12-17 06:49:00-07,JumpDC,pedal-assist-bike,2018-12-17 06:50:00-07,-77.071215,38.9067383333333
JumpDC-bike_23438,JUMP DC-2573,2018-12-17 06:49:00-07,JumpDC,pedal-assist-bike,2018-12-17 06:50:00-07,-77.0712066666667,38.906735
JumpDC-bike_23480,JUMP DC-2615,2018-12-17 06:49:00-07,JumpDC,pedal-assist-bike,2018-12-17 06:50:00-07,-77.073395,38.9099
SkipDC-352897091276280,"",2018-12-17 06:49:56-07,SkipDC,electric-scooter,2018-12-17 06:50:00-07,-77.0678486,38.9097851
BirdDC-MXK9Q,MXK9Q,2018-12-17 06:49:44-07,BirdDC,electric-scooter,2018-12-17 06:50:00-07,-77.063415,38.9074333333333
BirdDC-HRNFR,HRNFR,2018-12-17 06:49:44-07,BirdDC,electric-scooter,2018-12-17 06:50:00-07,-77.054825,38.9089133333333
SkipDC-352897091432800,"",2018-12-17 06:49:56-07,SkipDC,electric-scooter,2018-12-17 06:50:00-07,-77.04992,38.907255
JumpDC-bike_16488,JUMP DC-0214,2018-12-17 06:49:00-07,JumpDC,pedal-assist-bike,2018-12-17 06:50:00-07,-77.041605,38.9098083333333
JumpDC-bike_18844,JUMP DC-0721,2018-12-17 06:49:00-07,JumpDC,pedal-assist-bike,2018-12-17 06:50:00-07,-77.0448133333333,38.90805
JumpDC-bike_23458,JUMP DC-2593,2018-12-17 06:49:00-07,JumpDC,pedal-assist-bike,2018-12-17 06:50:00-07,-77.0451033333333,38.9081683333333
JumpDC-bike_23672,JUMP DC-2707,2018-12-17 06:49:00-07,JumpDC,pedal-assist-bike,2018-12-17 06:50:00-07,-77.041695,38.90937
JumpDC-bike_23639,JUMP DC-2674,2018-12-17 06:49:00-07,JumpDC,pedal-assist-bike,2018-12-17 06:50:00-07,-77.0470316666667,38.9097333333333
BirdDC-EZH3L,EZH3L,2018-12-17 06:49:44-07,BirdDC,electric-scooter,2018-12-17 06:50:00-07,-77.0385816666667,38.907215
JumpDC-bike_23166,JUMP DC-2475,2018-12-17 06:49:00-07,JumpDC,pedal-assist-bike,2018-12-17 06:50:00-07,-77.0394233333333,38.9063883333333
JumpDC-bike_18879,JUMP DC-0838,2018-12-17 06:49:00-07,JumpDC,pedal-assist-bike,2018-12-17 06:50:00-07,-77.0365116666667,38.909635
BirdDC-XDWQL,XDWQL,2018-12-17 06:49:44-07,BirdDC,electric-scooter,2018-12-17 06:50:00-07,-77.0308,38.9076533333333
JumpDC-bike_18934,JUMP DC-0813,2018-12-17 06:49:00-07,JumpDC,pedal-assist-bike,2018-12-17 06:50:00-07,-77.03305,38.909695
JumpDC-bike_23677,JUMP DC-2712,2018-12-17 06:49:00-07,JumpDC,pedal-assist-bike,2018-12-17 06:50:00-07,-77.0340716666667,38.90961
JumpDC-bike_23671,JUMP DC-2706,2018-12-17 06:49:00-07,JumpDC,pedal-assist-bike,2018-12-17 06:50:00-07,-77.0339,38.9097683333333
JumpDC-bike_23702,JUMP DC-2737,2018-12-17 06:49:00-07,JumpDC,pedal-assist-bike,2018-12-17 06:50:00-07,-77.0319916666667,38.9100933333333
JumpDC-bike_23178,JUMP DC-2487,2018-12-17 06:49:00-07,JumpDC,pedal-assist-bike,2018-12-17 06:50:00-07,-77.0346633333333,38.913365
JumpDC-bike_18869,JUMP DC-0828,2018-12-17 06:49:00-07,JumpDC,pedal-assist-bike,2018-12-17 06:50:00-07,-77.031795,38.9100116666667
BirdDC-WXJH7,WXJH7,2018-12-17 06:49:44-07,BirdDC,electric-scooter,2018-12-17 06:50:00-07,-77.0288166666667,38.912575
BirdDC-1CPUF,1CPUF,2018-12-17 06:49:44-07,BirdDC,electric-scooter,2018-12-17 06:50:00-07,-77.024345,38.9140733333333
JumpDC-bike_16615,JUMP DC-0250,2018-12-17 06:49:00-07,JumpDC,pedal-assist-bike,2018-12-17 06:50:00-07,-77.0225066666667,38.9127916666667
JumpDC-bike_23433,JUMP DC-2568,2018-12-17 06:49:00-07,JumpDC,pedal-assist-bike,2018-12-17 06:50:00-07,-77.0204516666667,38.913675
SkipDC-352897091437825,"",2018-12-17 06:49:56-07,SkipDC,electric-scooter,2018-12-17 06:50:00-07,-77.023503,38.9118491
SkipDC-352897091274764,"",2018-12-17 06:49:56-07,SkipDC,electric-scooter,2018-12-17 06:50:00-07,-77.0177483,38.9131317
JumpDC-bike_23496,JUMP DC-2631,2018-12-17 06:49:00-07,JumpDC,pedal-assist-bike,2018-12-17 06:50:00-07,-77.0152166666667,38.9133633333333
JumpDC-bike_18909,JUMP DC-0788,2018-12-17 06:49:00-07,JumpDC,pedal-assist-bike,2018-12-17 06:50:00-07,-77.0122033333333,38.9127033333333
JumpDC-bike_23180,JUMP DC-2489,2018-12-17 06:49:00-07,JumpDC,pedal-assist-bike,2018-12-17 06:50:00-07,-77.01222,38.9127383333333
JumpDC-bike_18851,JUMP DC-0696 (Dummy Controller),2018-12-17 06:49:00-07,JumpDC,pedal-assist-bike,2018-12-17 06:50:00-07,-77.0112433333333,38.9110716666667
JumpDC-bike_23471,JUMP DC-2606,2018-12-17 06:49:00-07,JumpDC,pedal-assist-bike,2018-12-17 06:50:00-07,-77.0109366666667,38.9126183333333
JumpDC-bike_23488,JUMP DC-2623,2018-12-17 06:49:00-07,JumpDC,pedal-assist-bike,2018-12-17 06:50:00-07,-77.00827,38.9103833333333
JumpDC-bike_23431,JUMP DC-2566,2018-12-17 06:49:00-07,JumpDC,pedal-assist-bike,2018-12-17 06:50:00-07,-76.9892,38.9108266666667
BirdDC-QJZC5,QJZC5,2018-12-17 06:49:44-07,BirdDC,electric-scooter,2018-12-17 06:50:00-07,-77.0692666666667,38.9145816666667
JumpDC-bike_23164,JUMP DC-2473,2018-12-17 06:49:00-07,JumpDC,pedal-assist-bike,2018-12-17 06:50:00-07,-77.0444183333333,38.9180383333333
JumpDC-bike_23652,JUMP DC-2687,2018-12-17 06:49:00-07,JumpDC,pedal-assist-bike,2018-12-17 06:50:00-07,-77.0445083333333,38.9186066666667
JumpDC-bike_23683,JUMP DC-2718,2018-12-17 06:49:00-07,JumpDC,pedal-assist-bike,2018-12-17 06:50:00-07,-77.04176,38.918155
BirdDC-JXT2M,JXT2M,2018-12-17 06:49:44-07,BirdDC,electric-scooter,2018-12-17 06:50:00-07,-77.041275,38.914795
JumpDC-bike_23186,JUMP DC-2495,2018-12-17 06:49:00-07,JumpDC,pedal-assist-bike,2018-12-17 06:50:00-07,-77.041095,38.917825
JumpDC-bike_23175,JUMP DC-2484,2018-12-17 06:49:00-07,JumpDC,pedal-assist-bike,2018-12-17 06:50:00-07,-77.04103,38.9177716666667
JumpDC-bike_16498,JUMP DC-0185,2018-12-17 06:49:00-07,JumpDC,pedal-assist-bike,2018-12-17 06:50:00-07,-77.0402733333333,38.9187616666667
BirdDC-XAJMV,XAJMV,2018-12-17 06:49:44-07,BirdDC,electric-scooter,2018-12-17 06:50:00-07,-77.0390083333333,38.918815
BirdDC-ILV7T,ILV7T,2018-12-17 06:49:44-07,BirdDC,electric-scooter,2018-12-17 06:50:00-07,-77.0390644837409,38.9187548947374
JumpDC-bike_18924,JUMP DC-0803,2018-12-17 06:49:00-07,JumpDC,pedal-assist-bike,2018-12-17 06:50:00-07,-77.0408233333333,38.9178916666667
JumpDC-bike_23199,JUMP DC-2508,2018-12-17 06:49:00-07,JumpDC,pedal-assist-bike,2018-12-17 06:50:00-07,-77.0370616666667,38.918175
BirdDC-VSXD,VSXD,2018-12-17 06:49:44-07,BirdDC,electric-scooter,2018-12-17 06:50:00-07,-77.0392428339245,38.9187512174611
JumpDC-bike_23160,JUMP DC-2469,2018-12-17 06:49:00-07,JumpDC,pedal-assist-bike,2018-12-17 06:50:00-07,-77.040505,38.9177816666667
BirdDC-SQKPA,SQKPA,2018-12-17 06:49:44-07,BirdDC,electric-scooter,2018-12-17 06:50:00-07,-77.0391671794493,38.9188313300783
BirdDC-Q3ER7,Q3ER7,2018-12-17 06:49:44-07,BirdDC,electric-scooter,2018-12-17 06:50:00-07,-77.03902859671,38.9187476792492
BirdDC-XIJYE,XIJYE,2018-12-17 06:49:44-07,BirdDC,electric-scooter,2018-12-17 06:50:00-07,-77.0391671794493,38.9188313300783
BirdDC-VP73,VP73,2018-12-17 06:49:44-07,BirdDC,electric-scooter,2018-12-17 06:50:00-07,-77.0391862,38.9188162
JumpDC-bike_23162,JUMP DC-2471,2018-12-17 06:49:00-07,JumpDC,pedal-assist-bike,2018-12-17 06:50:00-07,-77.032875,38.9170716666667
BirdDC-62I7A,62I7A,2018-12-17 06:49:44-07,BirdDC,electric-scooter,2018-12-17 06:50:00-07,-77.0318916666667,38.9184066666667
JumpDC-bike_23513,JUMP DC-2648,2018-12-17 06:49:00-07,JumpDC,pedal-assist-bike,2018-12-17 06:50:00-07,-77.028695,38.9169916666667
JumpDC-bike_23694,JUMP DC-2729,2018-12-17 06:49:00-07,JumpDC,pedal-assist-bike,2018-12-17 06:50:00-07,-77.028925,38.916875
JumpDC-bike_18894,JUMP DC-0773,2018-12-17 06:49:00-07,JumpDC,pedal-assist-bike,2018-12-17 06:50:00-07,-77.0255483333333,38.91711
JumpDC-bike_23171,JUMP DC-2480,2018-12-17 06:49:00-07,JumpDC,pedal-assist-bike,2018-12-17 06:50:00-07,-77.0289183333333,38.916805
BirdDC-71II5,71II5,2018-12-17 06:49:44-07,BirdDC,electric-scooter,2018-12-17 06:50:00-07,-77.0245366666667,38.916965
JumpDC-bike_16523,JUMP DC-0167,2018-12-17 06:49:00-07,JumpDC,pedal-assist-bike,2018-12-17 06:50:00-07,-77.0184366666667,38.915305
JumpDC-bike_23142,JUMP DC-2451,2018-12-17 06:49:00-07,JumpDC,pedal-assist-bike,2018-12-17 06:50:00-07,-77.0118866666667,38.9155683333333
JumpDC-bike_23619,JUMP DC-2654,2018-12-17 06:49:00-07,JumpDC,pedal-assist-bike,2018-12-17 06:50:00-07,-77.0125416666667,38.9155916666667
JumpDC-bike_23698,JUMP DC-2733,2018-12-17 06:49:00-07,JumpDC,pedal-assist-bike,2018-12-17 06:50:00-07,-77.0118766666667,38.9155266666667
JumpDC-bike_18867,JUMP DC-0826,2018-12-17 06:49:00-07,JumpDC,pedal-assist-bike,2018-12-17 06:50:00-07,-77.0116533333333,38.91563
JumpDC-bike_23203,JUMP DC-2512,2018-12-17 06:49:00-07,JumpDC,pedal-assist-bike,2018-12-17 06:50:00-07,-77.0018933333333,38.9156183333333
JumpDC-bike_23660,JUMP DC-2695,2018-12-17 06:49:00-07,JumpDC,pedal-assist-bike,2018-12-17 06:50:00-07,-76.9836966666667,38.914975
JumpDC-bike_18883,JUMP DC-0842,2018-12-17 06:49:00-07,JumpDC,pedal-assist-bike,2018-12-17 06:50:00-07,-77.0406083333333,38.9253483333333
JumpDC-bike_23169,JUMP DC-2478,2018-12-17 06:49:00-07,JumpDC,pedal-assist-bike,2018-12-17 06:50:00-07,-77.033425,38.923605
JumpDC-bike_23617,JUMP DC-2652,2018-12-17 06:49:00-07,JumpDC,pedal-assist-bike,2018-12-17 06:50:00-07,-77.0314733333333,38.9248266666667
SkipDC-352897091157100,"",2018-12-17 06:49:56-07,SkipDC,electric-scooter,2018-12-17 06:50:00-07,-77.032825,38.927592
JumpDC-bike_23467,JUMP DC-2602,2018-12-17 06:49:00-07,JumpDC,pedal-assist-bike,2018-12-17 06:50:00-07,-77.1061816666667,38.9279483333333
SkipDC-352897091325905,"",2018-12-17 06:49:56-07,SkipDC,electric-scooter,2018-12-17 06:50:00-07,-77.0773033,38.9300429
JumpDC-bike_23667,JUMP DC-2702,2018-12-17 06:49:00-07,JumpDC,pedal-assist-bike,2018-12-17 06:50:00-07,-77.0433416666667,38.9285683333333
JumpDC-bike_23179,JUMP DC-2488,2018-12-17 06:49:00-07,JumpDC,pedal-assist-bike,2018-12-17 06:50:00-07,-77.0319933333333,38.93067
JumpDC-bike_18928,JUMP DC-0807,2018-12-17 06:49:00-07,JumpDC,pedal-assist-bike,2018-12-17 06:50:00-07,-77.0283816666667,38.932305
JumpDC-bike_23497,JUMP DC-2632,2018-12-17 06:49:00-07,JumpDC,pedal-assist-bike,2018-12-17 06:50:00-07,-77.02833,38.9323616666667
JumpDC-bike_23443,JUMP DC-2578,2018-12-17 06:49:00-07,JumpDC,pedal-assist-bike,2018-12-17 06:50:00-07,-77.0559366666667,38.9370083333333
JumpDC-bike_23439,JUMP DC-2574,2018-12-17 06:49:00-07,JumpDC,pedal-assist-bike,2018-12-17 06:50:00-07,-77.04088,38.939295
JumpDC-bike_23229,JUMP DC-2538,2018-12-17 06:49:00-07,JumpDC,pedal-assist-bike,2018-12-17 06:50:00-07,-77.0251766666667,38.942595
JumpDC-bike_23638,JUMP DC-2673,2018-12-17 06:49:00-07,JumpDC,pedal-assist-bike,2018-12-17 06:50:00-07,-76.95918,38.941515
SkipDC-352897091391808,"",2018-12-17 06:49:56-07,SkipDC,electric-scooter,2018-12-17 06:50:00-07,-77.0271317,38.9693017
JumpDC-bike_23182,JUMP DC-2491,2018-12-17 06:04:52-07,JumpDC,pedal-assist-bike,2018-12-17 06:05:00-07,-76.9725533333333,38.8567333333333
JumpDC-bike_23210,JUMP DC-2519,2018-12-17 06:04:52-07,JumpDC,pedal-assist-bike,2018-12-17 06:05:00-07,-76.9838066666667,38.86888
JumpDC-bike_23428,JUMP DC-2563,2018-12-17 06:04:52-07,JumpDC,pedal-assist-bike,2018-12-17 06:05:00-07,-76.9736366666667,38.864955
BirdDC-WJK42,WJK42,2018-12-17 06:04:45-07,BirdDC,electric-scooter,2018-12-17 06:05:00-07,-77.0121,38.8720783333333
BirdDC-L25EJ,L25EJ,2018-12-17 06:04:45-07,BirdDC,electric-scooter,2018-12-17 06:05:00-07,-77.01162,38.8725433333333
SkipDC-352897091272982,"",2018-12-24 06:05:22-07,SkipDC,electric-scooter,2018-12-24 06:05:00-07,-77.0047962,38.8804708
BirdDC-H78F8,H78F8,2018-12-24 06:05:17-07,BirdDC,electric-scooter,2018-12-24 06:05:00-07,-76.9651566666667,38.85831
JumpDC-bike_18836,JUMP DC-0713,2018-12-24 06:04:33-07,JumpDC,pedal-assist-bike,2018-12-24 06:05:00-07,-77.01457,38.86449
JumpDC-bike_23186,JUMP DC-2495,2018-12-24 06:04:33-07,JumpDC,pedal-assist-bike,2018-12-24 06:05:00-07,-76.9955316666667,38.8623616666667
BirdDC-SHN8V,SHN8V,2018-12-24 06:05:17-07,BirdDC,electric-scooter,2018-12-24 06:05:00-07,-76.9738868725059,38.8645364298613
SkipDC-352897091387020,"",2018-12-24 06:05:22-07,SkipDC,electric-scooter,2018-12-24 06:05:00-07,-77.0393367,38.8905083
JumpDC-bike_23467,JUMP DC-2602,2018-12-24 06:04:33-07,JumpDC,pedal-assist-bike,2018-12-24 06:05:00-07,-76.9852216666667,38.8554716666667
JumpDC-bike_23172,JUMP DC-2481,2018-12-24 06:04:33-07,JumpDC,pedal-assist-bike,2018-12-24 06:05:00-07,-77.0175166666667,38.8780833333333
JumpDC-bike_23171,JUMP DC-2480,2018-12-24 06:04:33-07,JumpDC,pedal-assist-bike,2018-12-24 06:05:00-07,-77.017605,38.878085
JumpDC-bike_16498,JUMP DC-0185,2018-12-24 06:04:33-07,JumpDC,pedal-assist-bike,2018-12-24 06:05:00-07,-77.0175066666667,38.87831
JumpDC-bike_23152,JUMP DC-2461,2018-12-24 06:04:33-07,JumpDC,pedal-assist-bike,2018-12-24 06:05:00-07,-77.0073016666667,38.876665
JumpDC-bike_23153,JUMP DC-2462,2018-12-24 06:04:33-07,JumpDC,pedal-assist-bike,2018-12-24 06:05:00-07,-77.000435,38.87491
JumpDC-bike_23433,JUMP DC-2568,2018-12-24 06:04:33-07,JumpDC,pedal-assist-bike,2018-12-24 06:05:00-07,-77.00514,38.875915
JumpDC-bike_23660,JUMP DC-2695,2018-12-24 06:04:33-07,JumpDC,pedal-assist-bike,2018-12-24 06:05:00-07,-77.0006033333333,38.8746183333333
JumpDC-bike_23705,JUMP DC-2740,2018-12-24 06:04:33-07,JumpDC,pedal-assist-bike,2018-12-24 06:05:00-07,-77.000645,38.875595
JumpDC-bike_23167,JUMP DC-2476,2018-12-24 06:04:33-07,JumpDC,pedal-assist-bike,2018-12-24 06:05:00-07,-76.997355,38.8766716666667
JumpDC-bike_23424,JUMP DC-2559,2018-12-24 06:04:33-07,JumpDC,pedal-assist-bike,2018-12-24 06:05:00-07,-77.0228033333333,38.8784933333333
JumpDC-bike_18823,JUMP DC-0700,2018-12-24 06:04:33-07,JumpDC,pedal-assist-bike,2018-12-24 06:05:00-07,-77.023015,38.8786233333333
JumpDC-bike_23699,JUMP DC-2734,2018-12-24 06:04:33-07,JumpDC,pedal-assist-bike,2018-12-24 06:05:00-07,-77.02309,38.8788516666667
JumpDC-bike_23666,JUMP DC-2701,2018-12-24 06:04:33-07,JumpDC,pedal-assist-bike,2018-12-24 06:05:00-07,-77.02283,38.8784933333333
JumpDC-bike_18820,JUMP DC-0688,2018-12-24 06:04:33-07,JumpDC,pedal-assist-bike,2018-12-24 06:05:00-07,-77.0182583333333,38.8792183333333
JumpDC-bike_16532,JUMP DC-0223,2018-12-24 06:04:33-07,JumpDC,pedal-assist-bike,2018-12-24 06:05:00-07,-77.01671,38.8815466666667
JumpDC-bike_23652,JUMP DC-2687,2018-12-24 06:04:33-07,JumpDC,pedal-assist-bike,2018-12-24 06:05:00-07,-77.01427,38.8797583333333
JumpDC-bike_18879,JUMP DC-0838,2018-12-24 06:04:33-07,JumpDC,pedal-assist-bike,2018-12-24 06:05:00-07,-77.0269766666667,38.89482
BirdDC-D45VC,D45VC,2018-12-24 06:05:17-07,BirdDC,electric-scooter,2018-12-24 06:05:00-07,-76.9563833333333,38.8938183333333
BirdDC-I4ZBY,I4ZBY,2018-12-24 06:05:17-07,BirdDC,electric-scooter,2018-12-24 06:05:00-07,-77.055275,38.8974383333333
SkipDC-352897091273428,"",2018-12-24 06:05:22-07,SkipDC,electric-scooter,2018-12-24 06:05:00-07,-77.0219217,38.8980533
JumpDC-bike_16624,JUMP DC-0229,2018-12-24 06:04:33-07,JumpDC,pedal-assist-bike,2018-12-24 06:05:00-07,-77.0174,38.9004433333333
SkipDC-352897091274863,"",2018-12-24 06:05:22-07,SkipDC,electric-scooter,2018-12-24 06:05:00-07,-77.01175,38.9004667
JumpDC-bike_18841,JUMP DC-0718,2018-12-24 06:04:33-07,JumpDC,pedal-assist-bike,2018-12-24 06:05:00-07,-77.0049583333333,38.8968566666667
JumpDC-bike_23672,JUMP DC-2707,2018-12-24 06:04:33-07,JumpDC,pedal-assist-bike,2018-12-24 06:05:00-07,-77.0050983333333,38.8967883333333
JumpDC-bike_18845,JUMP DC-0722,2018-12-24 06:04:33-07,JumpDC,pedal-assist-bike,2018-12-24 06:05:00-07,-77.0041916666667,38.89932
JumpDC-bike_23180,JUMP DC-2489,2018-12-24 06:04:33-07,JumpDC,pedal-assist-bike,2018-12-24 06:05:00-07,-77.004995,38.8968366666667
BirdDC-N8EAL,N8EAL,2018-12-24 06:05:17-07,BirdDC,electric-scooter,2018-12-24 06:05:00-07,-77.033325,38.8903266666667
JumpDC-bike_23201,JUMP DC-2510,2018-12-24 06:04:33-07,JumpDC,pedal-assist-bike,2018-12-24 06:05:00-07,-76.9895333333333,38.89035
JumpDC-bike_18868,JUMP DC-0827,2018-12-24 06:04:33-07,JumpDC,pedal-assist-bike,2018-12-24 06:05:00-07,-76.9898,38.890355
JumpDC-bike_23641,JUMP DC-2676,2018-12-24 06:04:33-07,JumpDC,pedal-assist-bike,2018-12-24 06:05:00-07,-76.9846116666667,38.88992
JumpDC-bike_18870,JUMP DC-0829,2018-12-24 06:04:33-07,JumpDC,pedal-assist-bike,2018-12-24 06:05:00-07,-76.9847333333333,38.8898683333333
JumpDC-bike_18901,JUMP DC-0780,2018-12-24 06:04:33-07,JumpDC,pedal-assist-bike,2018-12-24 06:05:00-07,-76.9808433333333,38.8910866666667
JumpDC-bike_18824,JUMP DC-0701,2018-12-24 06:04:33-07,JumpDC,pedal-assist-bike,2018-12-24 06:05:00-07,-76.9808066666667,38.89107
JumpDC-bike_18884,JUMP DC-0843,2018-12-24 06:04:33-07,JumpDC,pedal-assist-bike,2018-12-24 06:05:00-07,-76.9788133333333,38.8878616666667
BirdDC-96LFD,96LFD,2018-12-24 06:05:17-07,BirdDC,electric-scooter,2018-12-24 06:05:00-07,-76.956345,38.8878166666667
BirdDC-NDGPG,NDGPG,2018-12-24 06:05:17-07,BirdDC,electric-scooter,2018-12-24 06:05:00-07,-76.9563289,38.8880774
JumpDC-bike_18835,JUMP DC-0712,2018-12-24 06:04:33-07,JumpDC,pedal-assist-bike,2018-12-24 06:05:00-07,-76.9261283333333,38.8902716666667
JumpDC-bike_23157,JUMP DC-2466,2018-12-24 06:04:33-07,JumpDC,pedal-assist-bike,2018-12-24 06:05:00-07,-76.996465,38.9001916666667
JumpDC-bike_23697,JUMP DC-2732,2018-12-24 06:04:33-07,JumpDC,pedal-assist-bike,2018-12-24 06:05:00-07,-76.98504,38.898015
JumpDC-bike_23164,JUMP DC-2473,2018-12-24 06:04:33-07,JumpDC,pedal-assist-bike,2018-12-24 06:05:00-07,-76.9863483333333,38.8996383333333
JumpDC-bike_23181,JUMP DC-2490,2018-12-24 06:04:33-07,JumpDC,pedal-assist-bike,2018-12-24 06:05:00-07,-76.9831116666667,38.89963
JumpDC-bike_23229,JUMP DC-2538,2018-12-24 06:04:33-07,JumpDC,pedal-assist-bike,2018-12-24 06:05:00-07,-76.9830816666667,38.8996283333333
JumpDC-bike_18867,JUMP DC-0826,2018-12-24 06:04:33-07,JumpDC,pedal-assist-bike,2018-12-24 06:05:00-07,-76.9466516666667,38.898735
JumpDC-bike_23231,JUMP DC-2540,2018-12-24 06:04:33-07,JumpDC,pedal-assist-bike,2018-12-24 06:05:00-07,-77.0501366666667,38.9053166666667
BirdDC-BXMEM,BXMEM,2018-12-24 06:05:17-07,BirdDC,electric-scooter,2018-12-24 06:05:00-07,-77.0515133333333,38.9037633333333
JumpDC-bike_23636,JUMP DC-2671,2018-12-24 06:04:33-07,JumpDC,pedal-assist-bike,2018-12-24 06:05:00-07,-77.0505033333333,38.9050266666667
JumpDC-bike_23655,JUMP DC-2690,2018-12-24 06:04:33-07,JumpDC,pedal-assist-bike,2018-12-24 06:05:00-07,-77.05019,38.9053683333333
JumpDC-bike_18918,JUMP DC-0797,2018-12-24 06:04:33-07,JumpDC,pedal-assist-bike,2018-12-24 06:05:00-07,-77.0418783333333,38.905215
JumpDC-bike_23237,JUMP DC-2546,2018-12-24 06:04:33-07,JumpDC,pedal-assist-bike,2018-12-24 06:05:00-07,-77.0415816666667,38.9051866666667
SkipDC-352897091294861,"",2018-12-24 06:05:22-07,SkipDC,electric-scooter,2018-12-24 06:05:00-07,-77.044619,38.9022071
BirdDC-XUVW9,XUVW9,2018-12-24 06:05:17-07,BirdDC,electric-scooter,2018-12-24 06:05:00-07,-77.0368416666667,38.90255
BirdDC-ILPCW,ILPCW,2018-12-24 06:05:17-07,BirdDC,electric-scooter,2018-12-24 06:05:00-07,-77.0319469508822,38.9009357850576
BirdDC-9AU1F,9AU1F,2018-12-24 06:05:17-07,BirdDC,electric-scooter,2018-12-24 06:05:00-07,-77.0295528,38.9015261
BirdDC-QQVBH,QQVBH,2018-12-24 06:05:17-07,BirdDC,electric-scooter,2018-12-24 06:05:00-07,-77.0168983333333,38.901985
BirdDC-3CNBJ,3CNBJ,2018-12-24 06:05:17-07,BirdDC,electric-scooter,2018-12-24 06:05:00-07,-77.0170366666667,38.902485
JumpDC-bike_18878,JUMP DC-0837,2018-12-24 06:04:33-07,JumpDC,pedal-assist-bike,2018-12-24 06:05:00-07,-77.00729,38.9048983333333
JumpDC-bike_23513,JUMP DC-2648,2018-12-24 06:04:33-07,JumpDC,pedal-assist-bike,2018-12-24 06:05:00-07,-77.0060533333333,38.90465
JumpDC-bike_23654,JUMP DC-2689,2018-12-24 06:04:33-07,JumpDC,pedal-assist-bike,2018-12-24 06:05:00-07,-77.0020916666667,38.9017883333333
JumpDC-bike_23458,JUMP DC-2593,2018-12-24 06:04:33-07,JumpDC,pedal-assist-bike,2018-12-24 06:05:00-07,-76.9927816666667,38.9042466666667
JumpDC-bike_23508,JUMP DC-2643,2018-12-24 06:04:33-07,JumpDC,pedal-assist-bike,2018-12-24 06:05:00-07,-76.9840633333333,38.9038533333333
BirdDC-BY1K8,BY1K8,2018-12-24 06:05:17-07,BirdDC,electric-scooter,2018-12-24 06:05:00-07,-77.0529633333333,38.90961
BirdDC-L9PW4,L9PW4,2018-12-24 06:05:17-07,BirdDC,electric-scooter,2018-12-24 06:05:00-07,-77.0513683333333,38.906315
SkipDC-352897091387343,"",2018-12-24 06:05:22-07,SkipDC,electric-scooter,2018-12-24 06:05:00-07,-77.0480633,38.9073467
SkipDC-352897091311087,"",2018-12-24 06:05:22-07,SkipDC,electric-scooter,2018-12-24 06:05:00-07,-77.04707,38.90732
JumpDC-bike_23432,JUMP DC-2567,2018-12-24 06:04:33-07,JumpDC,pedal-assist-bike,2018-12-24 06:05:00-07,-77.0454,38.9076016666667
JumpDC-bike_23509,JUMP DC-2644,2018-12-24 06:04:33-07,JumpDC,pedal-assist-bike,2018-12-24 06:05:00-07,-77.04335,38.9078783333333
JumpDC-bike_16530,JUMP DC-0207,2018-12-24 06:04:33-07,JumpDC,pedal-assist-bike,2018-12-24 06:05:00-07,-77.0429883333333,38.90847
JumpDC-bike_23629,JUMP DC-2664,2018-12-24 06:04:33-07,JumpDC,pedal-assist-bike,2018-12-24 06:05:00-07,-77.0449033333333,38.90814
BirdDC-1JVLQ,1JVLQ,2018-12-24 06:05:17-07,BirdDC,electric-scooter,2018-12-24 06:05:00-07,-77.043145,38.908245
BirdDC-PNXU6,PNXU6,2018-12-24 06:05:17-07,BirdDC,electric-scooter,2018-12-24 06:05:00-07,-77.0423816666667,38.9072683333333
BirdDC-1SQ1P,1SQ1P,2018-12-24 06:05:17-07,BirdDC,electric-scooter,2018-12-24 06:05:00-07,-77.0398183333333,38.9056433333333
JumpDC-bike_23197,JUMP DC-2506,2018-12-24 06:04:33-07,JumpDC,pedal-assist-bike,2018-12-24 06:05:00-07,-77.05099,38.9118683333333
BirdDC-PGP1B,PGP1B,2018-12-24 06:05:17-07,BirdDC,electric-scooter,2018-12-24 06:05:00-07,-77.0354466666667,38.9131616666667
BirdDC-SEYZ7,SEYZ7,2018-12-24 06:05:17-07,BirdDC,electric-scooter,2018-12-24 06:05:00-07,-77.0360483333333,38.91285
JumpDC-bike_23210,JUMP DC-2519,2018-12-24 06:04:33-07,JumpDC,pedal-assist-bike,2018-12-24 06:05:00-07,-77.03462,38.9133233333333
JumpDC-bike_23634,JUMP DC-2669,2018-12-24 06:04:33-07,JumpDC,pedal-assist-bike,2018-12-24 06:05:00-07,-77.033305,38.9127433333333
JumpDC-bike_23207,JUMP DC-2516,2018-12-24 06:04:33-07,JumpDC,pedal-assist-bike,2018-12-24 06:05:00-07,-77.0320233333333,38.913295
BirdDC-8G2LQ,8G2LQ,2018-12-24 06:05:17-07,BirdDC,electric-scooter,2018-12-24 06:05:00-07,-77.0345383333333,38.91203
JumpDC-bike_23144,JUMP DC-2453,2018-12-24 06:04:33-07,JumpDC,pedal-assist-bike,2018-12-24 06:05:00-07,-77.0322933333333,38.913375
BirdDC-CZHX4,CZHX4,2018-12-24 06:05:17-07,BirdDC,electric-scooter,2018-12-24 06:05:00-07,-77.0261233333333,38.91264
BirdDC-RKVAU,RKVAU,2018-12-24 06:05:17-07,BirdDC,electric-scooter,2018-12-24 06:05:00-07,-77.0261,38.9126633333333
JumpDC-bike_23217,JUMP DC-2526,2018-12-24 06:04:33-07,JumpDC,pedal-assist-bike,2018-12-24 06:05:00-07,-77.0271483333333,38.912225
SkipDC-352897091457526,"",2018-12-24 06:05:22-07,SkipDC,electric-scooter,2018-12-24 06:05:00-07,-77.0282939,38.9120701
SkipDC-352897091437304,"",2018-12-24 06:05:22-07,SkipDC,electric-scooter,2018-12-24 06:05:00-07,-77.0280585,38.9118843
BirdDC-U6K59,U6K59,2018-12-24 06:05:17-07,BirdDC,electric-scooter,2018-12-24 06:05:00-07,-77.02204,38.911128
JumpDC-bike_18908,JUMP DC-0787,2018-12-24 06:04:33-07,JumpDC,pedal-assist-bike,2018-12-24 06:05:00-07,-77.0193166666667,38.9130933333333
BirdDC-Z9MB8,Z9MB8,2018-12-24 06:05:17-07,BirdDC,electric-scooter,2018-12-24 06:05:00-07,-77.020745,38.91346
BirdDC-71II5,71II5,2018-12-24 06:05:17-07,BirdDC,electric-scooter,2018-12-24 06:05:00-07,-77.01757,38.9111333333333
JumpDC-bike_23643,JUMP DC-2678,2018-12-24 06:04:33-07,JumpDC,pedal-assist-bike,2018-12-24 06:05:00-07,-77.012275,38.9127483333333
JumpDC-bike_18874,JUMP DC-0833,2018-12-24 06:04:33-07,JumpDC,pedal-assist-bike,2018-12-24 06:05:00-07,-77.0122733333333,38.9127266666667
JumpDC-bike_23214,JUMP DC-2523,2018-12-24 06:04:33-07,JumpDC,pedal-assist-bike,2018-12-24 06:05:00-07,-77.0119916666667,38.912745
JumpDC-bike_23506,JUMP DC-2641,2018-12-24 06:04:33-07,JumpDC,pedal-assist-bike,2018-12-24 06:05:00-07,-77.0122983333333,38.9127116666667
BirdDC-4E2V9,4E2V9,2018-12-24 06:05:17-07,BirdDC,electric-scooter,2018-12-24 06:05:00-07,-77.0528866666667,38.9163816666667
JumpDC-bike_23232,JUMP DC-2541,2018-12-24 06:04:33-07,JumpDC,pedal-assist-bike,2018-12-24 06:05:00-07,-77.0415483333333,38.9166983333333
JumpDC-bike_23155,JUMP DC-2464,2018-12-24 06:04:33-07,JumpDC,pedal-assist-bike,2018-12-24 06:05:00-07,-77.04183,38.91662
JumpDC-bike_18849,JUMP DC-0694,2018-12-24 06:04:33-07,JumpDC,pedal-assist-bike,2018-12-24 06:05:00-07,-77.0122666666667,38.9152383333333
JumpDC-bike_18826,JUMP DC-0703,2018-12-24 06:04:33-07,JumpDC,pedal-assist-bike,2018-12-24 06:05:00-07,-77.0122583333333,38.9152216666667
SkipDC-352897091294788,"",2018-12-24 06:05:22-07,SkipDC,electric-scooter,2018-12-24 06:05:00-07,-77.0106367,38.9147733
JumpDC-bike_23147,JUMP DC-2456,2018-12-24 06:04:33-07,JumpDC,pedal-assist-bike,2018-12-24 06:05:00-07,-77.0021033333333,38.9164983333333
JumpDC-bike_23482,JUMP DC-2617,2018-12-24 06:04:33-07,JumpDC,pedal-assist-bike,2018-12-24 06:05:00-07,-76.9851533333333,38.9154433333333
JumpDC-bike_18871,JUMP DC-0830,2018-12-24 06:04:33-07,JumpDC,pedal-assist-bike,2018-12-24 06:05:00-07,-76.9836133333333,38.9154133333333
BirdDC-ACA4T,ACA4T,2018-12-24 06:05:17-07,BirdDC,electric-scooter,2018-12-24 06:05:00-07,-77.0721934363964,38.9196209656437
JumpDC-bike_23466,JUMP DC-2601,2018-12-24 06:04:33-07,JumpDC,pedal-assist-bike,2018-12-24 06:05:00-07,-77.0475016666667,38.9201266666667
JumpDC-bike_23462,JUMP DC-2597,2018-12-24 06:04:33-07,JumpDC,pedal-assist-bike,2018-12-24 06:05:00-07,-77.0487683333333,38.9231916666667
BirdDC-Y1TA5,Y1TA5,2018-12-24 06:05:17-07,BirdDC,electric-scooter,2018-12-24 06:05:00-07,-77.0393011,38.9189451
BirdDC-FWYI7,FWYI7,2018-12-24 06:05:17-07,BirdDC,electric-scooter,2018-12-24 06:05:00-07,-77.0392879,38.9189784
JumpDC-bike_23162,JUMP DC-2471,2018-12-24 06:04:33-07,JumpDC,pedal-assist-bike,2018-12-24 06:05:00-07,-77.0332366666667,38.9191033333333
JumpDC-bike_23165,JUMP DC-2474,2018-12-24 06:04:33-07,JumpDC,pedal-assist-bike,2018-12-24 06:05:00-07,-77.034155,38.9193916666667
JumpDC-bike_16625,JUMP DC-0230,2018-12-24 06:04:33-07,JumpDC,pedal-assist-bike,2018-12-24 06:05:00-07,-77.0352066666667,38.9223683333333
BirdDC-TGB48,TGB48,2018-12-24 06:05:17-07,BirdDC,electric-scooter,2018-12-24 06:05:00-07,-77.014334,38.920279
JumpDC-bike_23682,JUMP DC-2717,2018-12-24 06:04:33-07,JumpDC,pedal-assist-bike,2018-12-24 06:05:00-07,-77.0173883333333,38.9225883333333
JumpDC-bike_23669,JUMP DC-2704,2018-12-24 06:04:33-07,JumpDC,pedal-assist-bike,2018-12-24 06:05:00-07,-76.9957933333333,38.9204533333333
JumpDC-bike_23159,JUMP DC-2468,2018-12-24 06:04:33-07,JumpDC,pedal-assist-bike,2018-12-24 06:05:00-07,-76.99966,38.9209616666667
JumpDC-bike_23431,JUMP DC-2566,2018-12-24 06:04:33-07,JumpDC,pedal-assist-bike,2018-12-24 06:05:00-07,-76.9960533333333,38.92014
JumpDC-bike_18909,JUMP DC-0788,2018-12-24 06:04:33-07,JumpDC,pedal-assist-bike,2018-12-24 06:05:00-07,-76.9880366666667,38.9201483333333
SkipDC-352897091380926,"",2018-12-24 06:05:22-07,SkipDC,electric-scooter,2018-12-24 06:05:00-07,-77.0267603,38.929468
JumpDC-bike_23449,JUMP DC-2584,2018-12-24 06:04:33-07,JumpDC,pedal-assist-bike,2018-12-24 06:05:00-07,-77.0188733333333,38.9304816666667
JumpDC-bike_23191,JUMP DC-2500,2018-12-24 06:04:33-07,JumpDC,pedal-assist-bike,2018-12-24 06:05:00-07,-77.0442333333333,38.9332383333333
JumpDC-bike_18844,JUMP DC-0721,2018-12-24 06:04:33-07,JumpDC,pedal-assist-bike,2018-12-24 06:05:00-07,-77.0340533333333,38.9353716666667
JumpDC-bike_23440,JUMP DC-2575,2018-12-24 06:04:33-07,JumpDC,pedal-assist-bike,2018-12-24 06:05:00-07,-77.0326266666667,38.9330483333333
JumpDC-bike_23691,JUMP DC-2726,2018-12-24 06:04:33-07,JumpDC,pedal-assist-bike,2018-12-24 06:05:00-07,-77.0346833333333,38.9344266666667
JumpDC-bike_18831,JUMP DC-0708,2018-12-24 06:04:33-07,JumpDC,pedal-assist-bike,2018-12-24 06:05:00-07,-77.03265,38.9326283333333
JumpDC-bike_23489,JUMP DC-2624,2018-12-24 06:04:33-07,JumpDC,pedal-assist-bike,2018-12-24 06:05:00-07,-77.0326433333333,38.9350966666667
JumpDC-bike_18827,JUMP DC-0704,2018-12-24 06:04:33-07,JumpDC,pedal-assist-bike,2018-12-24 06:05:00-07,-77.0239716666667,38.9335266666667
JumpDC-bike_23220,JUMP DC-2529,2018-12-24 06:04:33-07,JumpDC,pedal-assist-bike,2018-12-24 06:05:00-07,-76.9641016666667,38.9349416666667
JumpDC-bike_23439,JUMP DC-2574,2018-12-24 06:04:33-07,JumpDC,pedal-assist-bike,2018-12-24 06:05:00-07,-77.028625,38.9375516666667
JumpDC-bike_23660,JUMP DC-2695,2018-12-24 06:19:33-07,JumpDC,pedal-assist-bike,2018-12-24 06:20:00-07,-77.0006033333333,38.8746183333333
JumpDC-bike_23705,JUMP DC-2740,2018-12-24 06:19:33-07,JumpDC,pedal-assist-bike,2018-12-24 06:20:00-07,-77.000645,38.875595
JumpDC-bike_23153,JUMP DC-2462,2018-12-24 06:19:33-07,JumpDC,pedal-assist-bike,2018-12-24 06:20:00-07,-77.000435,38.87491
JumpDC-bike_23167,JUMP DC-2476,2018-12-24 06:19:33-07,JumpDC,pedal-assist-bike,2018-12-24 06:20:00-07,-76.997355,38.8766716666667
JumpDC-bike_23699,JUMP DC-2734,2018-12-24 06:19:33-07,JumpDC,pedal-assist-bike,2018-12-24 06:20:00-07,-77.02309,38.8788516666667
JumpDC-bike_23666,JUMP DC-2701,2018-12-24 06:19:33-07,JumpDC,pedal-assist-bike,2018-12-24 06:20:00-07,-77.02283,38.8784933333333
JumpDC-bike_18820,JUMP DC-0688,2018-12-24 06:19:33-07,JumpDC,pedal-assist-bike,2018-12-24 06:20:00-07,-77.0182583333333,38.8792183333333
JumpDC-bike_23424,JUMP DC-2559,2018-12-24 06:19:33-07,JumpDC,pedal-assist-bike,2018-12-24 06:20:00-07,-77.0228033333333,38.8784933333333
JumpDC-bike_18823,JUMP DC-0700,2018-12-24 06:19:33-07,JumpDC,pedal-assist-bike,2018-12-24 06:20:00-07,-77.023015,38.8786233333333
JumpDC-bike_16532,JUMP DC-0223,2018-12-24 06:19:33-07,JumpDC,pedal-assist-bike,2018-12-24 06:20:00-07,-77.01671,38.8815466666667
JumpDC-bike_23652,JUMP DC-2687,2018-12-24 06:19:33-07,JumpDC,pedal-assist-bike,2018-12-24 06:20:00-07,-77.01427,38.8797583333333
SkipDC-352897091272982,"",2018-12-24 06:20:22-07,SkipDC,electric-scooter,2018-12-24 06:20:00-07,-77.004492,38.8803612
JumpDC-bike_18879,JUMP DC-0838,2018-12-24 06:19:33-07,JumpDC,pedal-assist-bike,2018-12-24 06:20:00-07,-77.0269766666667,38.89482
BirdDC-D45VC,D45VC,2018-12-24 06:20:17-07,BirdDC,electric-scooter,2018-12-24 06:20:00-07,-76.9563516666667,38.8938066666667
BirdDC-I4ZBY,I4ZBY,2018-12-24 06:20:17-07,BirdDC,electric-scooter,2018-12-24 06:20:00-07,-77.05526,38.8974766666667
JumpDC-bike_23636,JUMP DC-2671,2018-12-24 06:19:33-07,JumpDC,pedal-assist-bike,2018-12-24 06:20:00-07,-77.0505033333333,38.9050266666667
JumpDC-bike_23655,JUMP DC-2690,2018-12-24 06:19:33-07,JumpDC,pedal-assist-bike,2018-12-24 06:20:00-07,-77.05019,38.9053683333333
JumpDC-bike_23231,JUMP DC-2540,2018-12-24 06:19:33-07,JumpDC,pedal-assist-bike,2018-12-24 06:20:00-07,-77.0501366666667,38.9053166666667
BirdDC-BXMEM,BXMEM,2018-12-24 06:20:17-07,BirdDC,electric-scooter,2018-12-24 06:20:00-07,-77.0515216666667,38.9039233333333
JumpDC-bike_23237,JUMP DC-2546,2018-12-24 06:19:33-07,JumpDC,pedal-assist-bike,2018-12-24 06:20:00-07,-77.0415816666667,38.9051866666667
SkipDC-352897091294861,"",2018-12-24 06:20:22-07,SkipDC,electric-scooter,2018-12-24 06:20:00-07,-77.0446185,38.902208
JumpDC-bike_18918,JUMP DC-0797,2018-12-24 06:19:33-07,JumpDC,pedal-assist-bike,2018-12-24 06:20:00-07,-77.0418783333333,38.905215
BirdDC-XUVW9,XUVW9,2018-12-24 06:20:17-07,BirdDC,electric-scooter,2018-12-24 06:20:00-07,-77.0369033333333,38.9025683333333
BirdDC-9AU1F,9AU1F,2018-12-24 06:20:17-07,BirdDC,electric-scooter,2018-12-24 06:20:00-07,-77.0295528,38.9015261
BirdDC-ILPCW,ILPCW,2018-12-24 06:20:17-07,BirdDC,electric-scooter,2018-12-24 06:20:00-07,-77.0319469508822,38.9009357850576
BirdDC-3CNBJ,3CNBJ,2018-12-24 06:20:17-07,BirdDC,electric-scooter,2018-12-24 06:20:00-07,-77.0170366666667,38.9024816666667
BirdDC-QQVBH,QQVBH,2018-12-24 06:20:17-07,BirdDC,electric-scooter,2018-12-24 06:20:00-07,-77.0168083333333,38.90187
JumpDC-bike_23713,JUMP DC-2748,2018-12-24 06:19:33-07,JumpDC,pedal-assist-bike,2018-12-24 06:20:00-07,-77.0121316666667,38.9071583333333
JumpDC-bike_23702,JUMP DC-2737,2018-12-24 06:19:33-07,JumpDC,pedal-assist-bike,2018-12-24 06:20:00-07,-77.0125616666667,38.9084783333333
BirdDC-JPPCE,JPPCE,2018-12-24 06:20:17-07,BirdDC,electric-scooter,2018-12-24 06:20:00-07,-77.0176233333333,38.9056466666667
JumpDC-bike_23695,JUMP DC-2730,2018-12-24 06:19:33-07,JumpDC,pedal-assist-bike,2018-12-24 06:20:00-07,-77.0030533333333,38.90552
JumpDC-bike_23454,JUMP DC-2589,2018-12-24 06:19:33-07,JumpDC,pedal-assist-bike,2018-12-24 06:20:00-07,-77.0029833333333,38.9054483333333
JumpDC-bike_18912,JUMP DC-0791,2018-12-24 06:19:33-07,JumpDC,pedal-assist-bike,2018-12-24 06:20:00-07,-77.0029983333333,38.9054716666667
JumpDC-bike_23668,JUMP DC-2703,2018-12-24 06:19:33-07,JumpDC,pedal-assist-bike,2018-12-24 06:20:00-07,-77.0030216666667,38.9054883333333
JumpDC-bike_23674,JUMP DC-2709,2018-12-24 06:19:33-07,JumpDC,pedal-assist-bike,2018-12-24 06:20:00-07,-76.9972066666667,38.9081416666667
JumpDC-bike_23215,JUMP DC-2524,2018-12-24 06:19:33-07,JumpDC,pedal-assist-bike,2018-12-24 06:20:00-07,-76.9971833333333,38.9082133333333
JumpDC-bike_23684,JUMP DC-2719,2018-12-24 06:19:33-07,JumpDC,pedal-assist-bike,2018-12-24 06:20:00-07,-76.997225,38.908165
BirdDC-BMQP8,BMQP8,2018-12-24 06:20:17-07,BirdDC,electric-scooter,2018-12-24 06:20:00-07,-76.985535,38.9064866666667
JumpDC-bike_23700,JUMP DC-2735,2018-12-24 06:19:33-07,JumpDC,pedal-assist-bike,2018-12-24 06:20:00-07,-76.95255,38.9058733333333
BirdDC-WIIF6,WIIF6,2018-12-24 06:20:17-07,BirdDC,electric-scooter,2018-12-24 06:20:00-07,-77.0763466666667,38.9117233333333
BirdDC-ECAKK,ECAKK,2018-12-24 06:20:17-07,BirdDC,electric-scooter,2018-12-24 06:20:00-07,-77.0639266666667,38.910885
JumpDC-bike_23170,JUMP DC-2479,2018-12-24 06:19:33-07,JumpDC,pedal-assist-bike,2018-12-24 06:20:00-07,-77.0505116666667,38.9120333333333
JumpDC-bike_23197,JUMP DC-2506,2018-12-24 06:19:33-07,JumpDC,pedal-assist-bike,2018-12-24 06:20:00-07,-77.05099,38.9118683333333
BirdDC-WHL3I,WHL3I,2018-12-24 06:20:17-07,BirdDC,electric-scooter,2018-12-24 06:20:00-07,-77.04805,38.91106
BirdDC-SEYZ7,SEYZ7,2018-12-24 06:20:17-07,BirdDC,electric-scooter,2018-12-24 06:20:00-07,-77.0360483333333,38.91285
BirdDC-PGP1B,PGP1B,2018-12-24 06:20:17-07,BirdDC,electric-scooter,2018-12-24 06:20:00-07,-77.0354766666667,38.91322
JumpDC-bike_23144,JUMP DC-2453,2018-12-24 06:19:33-07,JumpDC,pedal-assist-bike,2018-12-24 06:20:00-07,-77.0322933333333,38.913375
JumpDC-bike_23210,JUMP DC-2519,2018-12-24 06:19:33-07,JumpDC,pedal-assist-bike,2018-12-24 06:20:00-07,-77.03462,38.9133233333333
JumpDC-bike_23634,JUMP DC-2669,2018-12-24 06:19:33-07,JumpDC,pedal-assist-bike,2018-12-24 06:20:00-07,-77.033305,38.9127433333333
JumpDC-bike_23207,JUMP DC-2516,2018-12-24 06:19:33-07,JumpDC,pedal-assist-bike,2018-12-24 06:20:00-07,-77.0320233333333,38.913295
BirdDC-8G2LQ,8G2LQ,2018-12-24 06:20:17-07,BirdDC,electric-scooter,2018-12-24 06:20:00-07,-77.0345383333333,38.9120216666667
JumpDC-bike_23488,JUMP DC-2623,2018-12-24 06:19:33-07,JumpDC,pedal-assist-bike,2018-12-24 06:20:00-07,-77.0271083333333,38.9108733333333
BirdDC-1UI2Z,1UI2Z,2018-12-24 06:20:17-07,BirdDC,electric-scooter,2018-12-24 06:20:00-07,-77.0390466666667,38.9188266666667
SkipDC-352897091428147,"",2018-12-24 06:20:22-07,SkipDC,electric-scooter,2018-12-24 06:20:00-07,-77.0356907,38.9186057
JumpDC-bike_23710,JUMP DC-2745,2018-12-24 06:19:33-07,JumpDC,pedal-assist-bike,2018-12-24 06:20:00-07,-77.0347066666667,38.916895
JumpDC-bike_23701,JUMP DC-2736,2018-12-24 06:19:33-07,JumpDC,pedal-assist-bike,2018-12-24 06:20:00-07,-77.0341416666667,38.91691
JumpDC-bike_18894,JUMP DC-0773,2018-12-24 06:19:33-07,JumpDC,pedal-assist-bike,2018-12-24 06:20:00-07,-77.0348883333333,38.916915
BirdDC-ZQ1PR,ZQ1PR,2018-12-24 06:20:17-07,BirdDC,electric-scooter,2018-12-24 06:20:00-07,-77.0346872731837,38.9154021909161
BirdDC-FLAWV,FLAWV,2018-12-24 06:20:17-07,BirdDC,electric-scooter,2018-12-24 06:20:00-07,-77.0344083333333,38.91774
JumpDC-bike_16523,JUMP DC-0167,2018-12-24 06:19:33-07,JumpDC,pedal-assist-bike,2018-12-24 06:20:00-07,-77.028475,38.916915
JumpDC-bike_18860,JUMP DC-0819,2018-12-24 06:19:33-07,JumpDC,pedal-assist-bike,2018-12-24 06:20:00-07,-77.025365,38.91487
SkipDC-352897091294283,"",2018-12-24 06:20:22-07,SkipDC,electric-scooter,2018-12-24 06:20:00-07,-77.0269767,38.9185017
SkipDC-352897091274764,"",2018-12-24 06:20:22-07,SkipDC,electric-scooter,2018-12-24 06:20:00-07,-77.0237567,38.91649
JumpDC-bike_23175,JUMP DC-2484,2018-12-24 06:19:33-07,JumpDC,pedal-assist-bike,2018-12-24 06:20:00-07,-77.02874,38.9170316666667
JumpDC-bike_23414,JUMP DC-2549,2018-12-24 06:19:33-07,JumpDC,pedal-assist-bike,2018-12-24 06:20:00-07,-77.0269816666667,38.9175533333333
BirdDC-BAJZW,BAJZW,2018-12-24 06:20:17-07,BirdDC,electric-scooter,2018-12-24 06:20:00-07,-77.0249783333333,38.9148366666667
JumpDC-bike_18928,JUMP DC-0807,2018-12-24 06:19:33-07,JumpDC,pedal-assist-bike,2018-12-24 06:20:00-07,-77.0218133333333,38.914785
JumpDC-bike_23478,JUMP DC-2613,2018-12-24 06:19:33-07,JumpDC,pedal-assist-bike,2018-12-24 06:20:00-07,-77.0216716666667,38.9147233333333
JumpDC-bike_18848,JUMP DC-0693,2018-12-24 06:19:33-07,JumpDC,pedal-assist-bike,2018-12-24 06:20:00-07,-77.0196966666667,38.9156433333333
JumpDC-bike_23228,JUMP DC-2537,2018-12-24 06:19:33-07,JumpDC,pedal-assist-bike,2018-12-24 06:20:00-07,-77.02177,38.91678
JumpDC-bike_23680,JUMP DC-2715,2018-12-24 06:19:33-07,JumpDC,pedal-assist-bike,2018-12-24 06:20:00-07,-77.02276,38.9156533333333
JumpDC-bike_23479,JUMP DC-2614,2018-12-24 06:19:33-07,JumpDC,pedal-assist-bike,2018-12-24 06:20:00-07,-77.02172,38.9144633333333
JumpDC-bike_23188,JUMP DC-2497,2018-12-24 06:19:33-07,JumpDC,pedal-assist-bike,2018-12-24 06:20:00-07,-77.0214,38.9156016666667
JumpDC-bike_23619,JUMP DC-2654,2018-12-24 06:19:33-07,JumpDC,pedal-assist-bike,2018-12-24 06:20:00-07,-77.0122366666667,38.91525
JumpDC-bike_23642,JUMP DC-2677,2018-12-24 06:19:33-07,JumpDC,pedal-assist-bike,2018-12-24 06:20:00-07,-77.0123283333333,38.9155383333333
JumpDC-bike_18849,JUMP DC-0694,2018-12-24 06:19:33-07,JumpDC,pedal-assist-bike,2018-12-24 06:20:00-07,-77.0122666666667,38.9152383333333
JumpDC-bike_18826,JUMP DC-0703,2018-12-24 06:19:33-07,JumpDC,pedal-assist-bike,2018-12-24 06:20:00-07,-77.0122583333333,38.9152216666667
SkipDC-352897091392301,"",2018-12-24 06:20:22-07,SkipDC,electric-scooter,2018-12-24 06:20:00-07,-77.012149,38.9156811
SkipDC-352897091294788,"",2018-12-24 06:20:22-07,SkipDC,electric-scooter,2018-12-24 06:20:00-07,-77.0106267,38.9148717
JumpDC-bike_23147,JUMP DC-2456,2018-12-24 06:19:33-07,JumpDC,pedal-assist-bike,2018-12-24 06:20:00-07,-77.0021033333333,38.9164983333333
JumpDC-bike_18871,JUMP DC-0830,2018-12-24 06:19:33-07,JumpDC,pedal-assist-bike,2018-12-24 06:20:00-07,-76.9836133333333,38.9154133333333
JumpDC-bike_23482,JUMP DC-2617,2018-12-24 06:19:33-07,JumpDC,pedal-assist-bike,2018-12-24 06:20:00-07,-76.9851533333333,38.9154433333333
SkipDC-352897091326002,"",2018-12-24 06:05:22-07,SkipDC,electric-scooter,2018-12-24 06:05:00-07,-77.0296393,38.9086092
SkipDC-352897091381320,"",2018-12-24 06:05:22-07,SkipDC,electric-scooter,2018-12-24 06:05:00-07,-77.0302352,38.909535
BirdDC-2LLGX,2LLGX,2018-12-24 06:05:17-07,BirdDC,electric-scooter,2018-12-24 06:05:00-07,-77.0343886223408,38.9083464257781
JumpDC-bike_23179,JUMP DC-2488,2018-12-24 06:04:33-07,JumpDC,pedal-assist-bike,2018-12-24 06:05:00-07,-77.030975,38.9075383333333
SkipDC-352897091391469,"",2018-12-24 06:05:22-07,SkipDC,electric-scooter,2018-12-24 06:05:00-07,-77.0268191,38.9086947
BirdDC-VAC46,VAC46,2018-12-24 06:05:17-07,BirdDC,electric-scooter,2018-12-24 06:05:00-07,-77.0178683333333,38.908325
JumpDC-bike_23713,JUMP DC-2748,2018-12-24 06:04:33-07,JumpDC,pedal-assist-bike,2018-12-24 06:05:00-07,-77.0121316666667,38.9071583333333
JumpDC-bike_23702,JUMP DC-2737,2018-12-24 06:04:33-07,JumpDC,pedal-assist-bike,2018-12-24 06:05:00-07,-77.0125616666667,38.9084783333333
BirdDC-JPPCE,JPPCE,2018-12-24 06:05:17-07,BirdDC,electric-scooter,2018-12-24 06:05:00-07,-77.0176316666667,38.9056466666667
BirdDC-Q8JHY,Q8JHY,2018-12-24 06:05:17-07,BirdDC,electric-scooter,2018-12-24 06:05:00-07,-77.007385,38.907635
JumpDC-bike_23695,JUMP DC-2730,2018-12-24 06:04:33-07,JumpDC,pedal-assist-bike,2018-12-24 06:05:00-07,-77.0030533333333,38.90552
JumpDC-bike_23454,JUMP DC-2589,2018-12-24 06:04:33-07,JumpDC,pedal-assist-bike,2018-12-24 06:05:00-07,-77.0029833333333,38.9054483333333
JumpDC-bike_18912,JUMP DC-0791,2018-12-24 06:04:33-07,JumpDC,pedal-assist-bike,2018-12-24 06:05:00-07,-77.0029983333333,38.9054716666667
JumpDC-bike_23668,JUMP DC-2703,2018-12-24 06:04:33-07,JumpDC,pedal-assist-bike,2018-12-24 06:05:00-07,-77.0030216666667,38.9054883333333
JumpDC-bike_23684,JUMP DC-2719,2018-12-24 06:04:33-07,JumpDC,pedal-assist-bike,2018-12-24 06:05:00-07,-76.997225,38.908165
JumpDC-bike_23215,JUMP DC-2524,2018-12-24 06:04:33-07,JumpDC,pedal-assist-bike,2018-12-24 06:05:00-07,-76.9971833333333,38.9082133333333
JumpDC-bike_23674,JUMP DC-2709,2018-12-24 06:04:33-07,JumpDC,pedal-assist-bike,2018-12-24 06:05:00-07,-76.9972066666667,38.9081416666667
BirdDC-BMQP8,BMQP8,2018-12-24 06:05:17-07,BirdDC,electric-scooter,2018-12-24 06:05:00-07,-76.9855416666667,38.90649
JumpDC-bike_23476,JUMP DC-2611,2018-12-24 06:04:33-07,JumpDC,pedal-assist-bike,2018-12-24 06:05:00-07,-76.9874866666667,38.9088516666667
JumpDC-bike_23700,JUMP DC-2735,2018-12-24 06:04:33-07,JumpDC,pedal-assist-bike,2018-12-24 06:05:00-07,-76.95255,38.9058733333333
BirdDC-WIIF6,WIIF6,2018-12-24 06:05:17-07,BirdDC,electric-scooter,2018-12-24 06:05:00-07,-77.076255,38.911655
BirdDC-ECAKK,ECAKK,2018-12-24 06:05:17-07,BirdDC,electric-scooter,2018-12-24 06:05:00-07,-77.0640266666667,38.9109033333333
BirdDC-WHL3I,WHL3I,2018-12-24 06:05:17-07,BirdDC,electric-scooter,2018-12-24 06:05:00-07,-77.04805,38.91108
JumpDC-bike_23170,JUMP DC-2479,2018-12-24 06:04:33-07,JumpDC,pedal-assist-bike,2018-12-24 06:05:00-07,-77.0505116666667,38.9120333333333
JumpDC-bike_23216,JUMP DC-2525,2018-12-24 06:04:33-07,JumpDC,pedal-assist-bike,2018-12-24 06:05:00-07,-77.041745,38.9155116666667
JumpDC-bike_23166,JUMP DC-2475,2018-12-24 06:04:33-07,JumpDC,pedal-assist-bike,2018-12-24 06:05:00-07,-77.0416033333333,38.915515
JumpDC-bike_16488,JUMP DC-0214,2018-12-24 06:04:33-07,JumpDC,pedal-assist-bike,2018-12-24 06:05:00-07,-77.038275,38.91505
SkipDC-352897091428147,"",2018-12-24 06:05:22-07,SkipDC,electric-scooter,2018-12-24 06:05:00-07,-77.035605,38.9188333
BirdDC-VSXD,VSXD,2018-12-24 06:05:17-07,BirdDC,electric-scooter,2018-12-24 06:05:00-07,-77.0392428339245,38.9187512174611
BirdDC-1BX55,1BX55,2018-12-24 06:05:17-07,BirdDC,electric-scooter,2018-12-24 06:05:00-07,-77.0392001502065,38.9188453866314
BirdDC-VP73,VP73,2018-12-24 06:05:17-07,BirdDC,electric-scooter,2018-12-24 06:05:00-07,-77.0391862,38.9188162
BirdDC-XAJMV,XAJMV,2018-12-24 06:05:17-07,BirdDC,electric-scooter,2018-12-24 06:05:00-07,-77.0390083333333,38.918815
JumpDC-bike_18864,JUMP DC-0823,2018-12-24 06:04:33-07,JumpDC,pedal-assist-bike,2018-12-24 06:05:00-07,-77.0377116666667,38.9148433333333
BirdDC-1UI2Z,1UI2Z,2018-12-24 06:05:17-07,BirdDC,electric-scooter,2018-12-24 06:05:00-07,-77.0390466666667,38.9188266666667
BirdDC-FLAWV,FLAWV,2018-12-24 06:05:17-07,BirdDC,electric-scooter,2018-12-24 06:05:00-07,-77.0344083333333,38.91771
BirdDC-ZQ1PR,ZQ1PR,2018-12-24 06:05:17-07,BirdDC,electric-scooter,2018-12-24 06:05:00-07,-77.0346872731837,38.9154021909161
JumpDC-bike_23710,JUMP DC-2745,2018-12-24 06:04:33-07,JumpDC,pedal-assist-bike,2018-12-24 06:05:00-07,-77.0347066666667,38.916895
JumpDC-bike_18894,JUMP DC-0773,2018-12-24 06:04:33-07,JumpDC,pedal-assist-bike,2018-12-24 06:05:00-07,-77.0348883333333,38.916915
JumpDC-bike_23701,JUMP DC-2736,2018-12-24 06:04:33-07,JumpDC,pedal-assist-bike,2018-12-24 06:05:00-07,-77.0341416666667,38.91691
BirdDC-BAJZW,BAJZW,2018-12-24 06:05:17-07,BirdDC,electric-scooter,2018-12-24 06:05:00-07,-77.0249716666667,38.9148333333333
JumpDC-bike_23414,JUMP DC-2549,2018-12-24 06:04:33-07,JumpDC,pedal-assist-bike,2018-12-24 06:05:00-07,-77.0269816666667,38.9175533333333
JumpDC-bike_23175,JUMP DC-2484,2018-12-24 06:04:33-07,JumpDC,pedal-assist-bike,2018-12-24 06:05:00-07,-77.02874,38.9170316666667
JumpDC-bike_16523,JUMP DC-0167,2018-12-24 06:04:33-07,JumpDC,pedal-assist-bike,2018-12-24 06:05:00-07,-77.028475,38.916915
JumpDC-bike_18860,JUMP DC-0819,2018-12-24 06:04:33-07,JumpDC,pedal-assist-bike,2018-12-24 06:05:00-07,-77.025365,38.91487
SkipDC-352897091294283,"",2018-12-24 06:05:22-07,SkipDC,electric-scooter,2018-12-24 06:05:00-07,-77.0269767,38.9185017
JumpDC-bike_18928,JUMP DC-0807,2018-12-24 06:04:33-07,JumpDC,pedal-assist-bike,2018-12-24 06:05:00-07,-77.0218133333333,38.914785
JumpDC-bike_18848,JUMP DC-0693,2018-12-24 06:04:33-07,JumpDC,pedal-assist-bike,2018-12-24 06:05:00-07,-77.0196966666667,38.9156433333333
JumpDC-bike_23479,JUMP DC-2614,2018-12-24 06:04:33-07,JumpDC,pedal-assist-bike,2018-12-24 06:05:00-07,-77.02172,38.9144633333333
SkipDC-352897091274764,"",2018-12-24 06:05:22-07,SkipDC,electric-scooter,2018-12-24 06:05:00-07,-77.0235214,38.915945
JumpDC-bike_23188,JUMP DC-2497,2018-12-24 06:04:33-07,JumpDC,pedal-assist-bike,2018-12-24 06:05:00-07,-77.0214,38.9156016666667
JumpDC-bike_23680,JUMP DC-2715,2018-12-24 06:04:33-07,JumpDC,pedal-assist-bike,2018-12-24 06:05:00-07,-77.02276,38.9156533333333
JumpDC-bike_23478,JUMP DC-2613,2018-12-24 06:04:33-07,JumpDC,pedal-assist-bike,2018-12-24 06:05:00-07,-77.0216716666667,38.9147233333333
JumpDC-bike_23228,JUMP DC-2537,2018-12-24 06:04:33-07,JumpDC,pedal-assist-bike,2018-12-24 06:05:00-07,-77.02177,38.91678
SkipDC-352897091392301,"",2018-12-24 06:05:22-07,SkipDC,electric-scooter,2018-12-24 06:05:00-07,-77.0119459,38.9155949
JumpDC-bike_23619,JUMP DC-2654,2018-12-24 06:04:33-07,JumpDC,pedal-assist-bike,2018-12-24 06:05:00-07,-77.0122366666667,38.91525
JumpDC-bike_23642,JUMP DC-2677,2018-12-24 06:04:33-07,JumpDC,pedal-assist-bike,2018-12-24 06:05:00-07,-77.0123283333333,38.9155383333333
JumpDC-bike_23945,JUMP DC-2454,2018-12-24 06:04:33-07,JumpDC,pedal-assist-bike,2018-12-24 06:05:00-07,-76.9621316666667,38.9191783333333
JumpDC-bike_16492,JUMP DC-0179,2018-12-24 06:04:33-07,JumpDC,pedal-assist-bike,2018-12-24 06:05:00-07,-76.9622316666667,38.9190016666667
JumpDC-bike_23626,JUMP DC-2661,2018-12-24 06:04:33-07,JumpDC,pedal-assist-bike,2018-12-24 06:05:00-07,-76.9622116666667,38.9191266666667
JumpDC-bike_23693,JUMP DC-2728,2018-12-24 06:04:33-07,JumpDC,pedal-assist-bike,2018-12-24 06:05:00-07,-76.9621716666667,38.9191166666667
JumpDC-bike_16631,JUMP DC-0222,2018-12-24 06:04:33-07,JumpDC,pedal-assist-bike,2018-12-24 06:05:00-07,-77.04313,38.9278366666667
JumpDC-bike_18911,JUMP DC-0790,2018-12-24 06:04:33-07,JumpDC,pedal-assist-bike,2018-12-24 06:05:00-07,-77.04168,38.9234716666667
JumpDC-bike_23627,JUMP DC-2662,2018-12-24 06:04:33-07,JumpDC,pedal-assist-bike,2018-12-24 06:05:00-07,-77.030925,38.9248266666667
JumpDC-bike_23445,JUMP DC-2580,2018-12-24 06:04:33-07,JumpDC,pedal-assist-bike,2018-12-24 06:05:00-07,-77.0321733333333,38.9258633333333
JumpDC-bike_23428,JUMP DC-2563,2018-12-24 06:04:33-07,JumpDC,pedal-assist-bike,2018-12-24 06:05:00-07,-77.0326033333333,38.9254383333333
JumpDC-bike_23457,JUMP DC-2592,2018-12-24 06:04:33-07,JumpDC,pedal-assist-bike,2018-12-24 06:05:00-07,-77.0344216666667,38.926355
JumpDC-bike_16607,JUMP DC-0242,2018-12-24 06:04:33-07,JumpDC,pedal-assist-bike,2018-12-24 06:05:00-07,-77.032605,38.9273516666667
JumpDC-bike_23616,JUMP DC-2651,2018-12-24 06:04:33-07,JumpDC,pedal-assist-bike,2018-12-24 06:05:00-07,-77.0262966666667,38.9252983333333
JumpDC-bike_23630,JUMP DC-2665,2018-12-24 06:04:33-07,JumpDC,pedal-assist-bike,2018-12-24 06:05:00-07,-76.9713466666667,38.92422
JumpDC-bike_23485,JUMP DC-2620,2018-12-24 06:04:33-07,JumpDC,pedal-assist-bike,2018-12-24 06:05:00-07,-77.0466083333333,38.92999
JumpDC-bike_23617,JUMP DC-2652,2018-12-24 06:04:33-07,JumpDC,pedal-assist-bike,2018-12-24 06:05:00-07,-77.0384666666667,38.9300783333333
JumpDC-bike_23460,JUMP DC-2595,2018-12-24 06:04:33-07,JumpDC,pedal-assist-bike,2018-12-24 06:05:00-07,-77.0319166666667,38.9304116666667
JumpDC-bike_23467,JUMP DC-2602,2018-12-24 06:19:33-07,JumpDC,pedal-assist-bike,2018-12-24 06:20:00-07,-76.9852216666667,38.8554716666667
BirdDC-H78F8,H78F8,2018-12-24 06:20:17-07,BirdDC,electric-scooter,2018-12-24 06:20:00-07,-76.9651566666667,38.8583366666667
JumpDC-bike_18836,JUMP DC-0713,2018-12-24 06:19:33-07,JumpDC,pedal-assist-bike,2018-12-24 06:20:00-07,-77.01457,38.86449
JumpDC-bike_23186,JUMP DC-2495,2018-12-24 06:19:33-07,JumpDC,pedal-assist-bike,2018-12-24 06:20:00-07,-76.9955316666667,38.8623616666667
BirdDC-SHN8V,SHN8V,2018-12-24 06:20:17-07,BirdDC,electric-scooter,2018-12-24 06:20:00-07,-76.9738868725059,38.8645364298613
JumpDC-bike_23172,JUMP DC-2481,2018-12-24 06:19:33-07,JumpDC,pedal-assist-bike,2018-12-24 06:20:00-07,-77.0175166666667,38.8780833333333
JumpDC-bike_16498,JUMP DC-0185,2018-12-24 06:19:33-07,JumpDC,pedal-assist-bike,2018-12-24 06:20:00-07,-77.0175066666667,38.87831
JumpDC-bike_23171,JUMP DC-2480,2018-12-24 06:19:33-07,JumpDC,pedal-assist-bike,2018-12-24 06:20:00-07,-77.017605,38.878085
JumpDC-bike_23152,JUMP DC-2461,2018-12-24 06:19:33-07,JumpDC,pedal-assist-bike,2018-12-24 06:20:00-07,-77.0073016666667,38.876665
JumpDC-bike_23433,JUMP DC-2568,2018-12-24 06:19:33-07,JumpDC,pedal-assist-bike,2018-12-24 06:20:00-07,-77.00514,38.875915
JumpDC-bike_18840,JUMP DC-0846,2018-12-24 06:19:33-07,JumpDC,pedal-assist-bike,2018-12-24 06:20:00-07,-76.99594,38.884385
JumpDC-bike_16623,JUMP DC-0231,2018-12-24 06:19:33-07,JumpDC,pedal-assist-bike,2018-12-24 06:20:00-07,-76.9950766666667,38.8835166666667
JumpDC-bike_23677,JUMP DC-2712,2018-12-24 06:19:33-07,JumpDC,pedal-assist-bike,2018-12-24 06:20:00-07,-76.9950266666667,38.884985
BirdDC-8WQY4,8WQY4,2018-12-24 06:20:17-07,BirdDC,electric-scooter,2018-12-24 06:20:00-07,-76.9251783333333,38.8831666666667
SkipDC-352897091387020,"",2018-12-24 06:20:22-07,SkipDC,electric-scooter,2018-12-24 06:20:00-07,-77.0393367,38.8905083
BirdDC-N8EAL,N8EAL,2018-12-24 06:20:17-07,BirdDC,electric-scooter,2018-12-24 06:20:00-07,-77.0333183333333,38.8903266666667
JumpDC-bike_23201,JUMP DC-2510,2018-12-24 06:19:33-07,JumpDC,pedal-assist-bike,2018-12-24 06:20:00-07,-76.9895333333333,38.89035
JumpDC-bike_18868,JUMP DC-0827,2018-12-24 06:19:33-07,JumpDC,pedal-assist-bike,2018-12-24 06:20:00-07,-76.9898,38.890355
JumpDC-bike_18870,JUMP DC-0829,2018-12-24 06:19:33-07,JumpDC,pedal-assist-bike,2018-12-24 06:20:00-07,-76.9847333333333,38.8898683333333
JumpDC-bike_23641,JUMP DC-2676,2018-12-24 06:19:33-07,JumpDC,pedal-assist-bike,2018-12-24 06:20:00-07,-76.9846116666667,38.88992
JumpDC-bike_18901,JUMP DC-0780,2018-12-24 06:19:33-07,JumpDC,pedal-assist-bike,2018-12-24 06:20:00-07,-76.9808433333333,38.8910866666667
JumpDC-bike_18824,JUMP DC-0701,2018-12-24 06:19:33-07,JumpDC,pedal-assist-bike,2018-12-24 06:20:00-07,-76.9808066666667,38.89107
JumpDC-bike_18884,JUMP DC-0843,2018-12-24 06:19:33-07,JumpDC,pedal-assist-bike,2018-12-24 06:20:00-07,-76.9788133333333,38.8878616666667
BirdDC-NDGPG,NDGPG,2018-12-24 06:20:17-07,BirdDC,electric-scooter,2018-12-24 06:20:00-07,-76.9563289,38.8880774
BirdDC-96LFD,96LFD,2018-12-24 06:20:17-07,BirdDC,electric-scooter,2018-12-24 06:20:00-07,-76.9563516666667,38.8878133333333
JumpDC-bike_18835,JUMP DC-0712,2018-12-24 06:19:33-07,JumpDC,pedal-assist-bike,2018-12-24 06:20:00-07,-76.9261283333333,38.8902716666667
SkipDC-352897091273428,"",2018-12-24 06:20:22-07,SkipDC,electric-scooter,2018-12-24 06:20:00-07,-77.0219,38.8982267
JumpDC-bike_16624,JUMP DC-0229,2018-12-24 06:19:33-07,JumpDC,pedal-assist-bike,2018-12-24 06:20:00-07,-77.0174,38.9004433333333
JumpDC-bike_23476,JUMP DC-2611,2018-12-24 06:19:33-07,JumpDC,pedal-assist-bike,2018-12-24 06:20:00-07,-77.0121683333333,38.9005916666667
SkipDC-352897091274863,"",2018-12-24 06:20:22-07,SkipDC,electric-scooter,2018-12-24 06:20:00-07,-77.011765,38.900465
JumpDC-bike_18841,JUMP DC-0718,2018-12-24 06:19:33-07,JumpDC,pedal-assist-bike,2018-12-24 06:20:00-07,-77.0049583333333,38.8968566666667
JumpDC-bike_23672,JUMP DC-2707,2018-12-24 06:19:33-07,JumpDC,pedal-assist-bike,2018-12-24 06:20:00-07,-77.0050983333333,38.8967883333333
JumpDC-bike_18845,JUMP DC-0722,2018-12-24 06:19:33-07,JumpDC,pedal-assist-bike,2018-12-24 06:20:00-07,-77.0041916666667,38.89932
JumpDC-bike_23180,JUMP DC-2489,2018-12-24 06:19:33-07,JumpDC,pedal-assist-bike,2018-12-24 06:20:00-07,-77.004995,38.8968366666667
JumpDC-bike_23157,JUMP DC-2466,2018-12-24 06:19:33-07,JumpDC,pedal-assist-bike,2018-12-24 06:20:00-07,-76.996465,38.9001916666667
JumpDC-bike_23500,JUMP DC-2635,2018-12-24 06:19:33-07,JumpDC,pedal-assist-bike,2018-12-24 06:20:00-07,-76.99727,38.900275
JumpDC-bike_23697,JUMP DC-2732,2018-12-24 06:19:33-07,JumpDC,pedal-assist-bike,2018-12-24 06:20:00-07,-76.98504,38.898015
JumpDC-bike_23181,JUMP DC-2490,2018-12-24 06:19:33-07,JumpDC,pedal-assist-bike,2018-12-24 06:20:00-07,-76.9831116666667,38.89963
JumpDC-bike_23164,JUMP DC-2473,2018-12-24 06:19:33-07,JumpDC,pedal-assist-bike,2018-12-24 06:20:00-07,-76.9863483333333,38.8996383333333
JumpDC-bike_23229,JUMP DC-2538,2018-12-24 06:19:33-07,JumpDC,pedal-assist-bike,2018-12-24 06:20:00-07,-76.9830816666667,38.8996283333333
JumpDC-bike_18867,JUMP DC-0826,2018-12-24 06:19:33-07,JumpDC,pedal-assist-bike,2018-12-24 06:20:00-07,-76.9466516666667,38.898735
JumpDC-bike_18878,JUMP DC-0837,2018-12-24 06:19:33-07,JumpDC,pedal-assist-bike,2018-12-24 06:20:00-07,-77.00729,38.9048983333333
JumpDC-bike_23513,JUMP DC-2648,2018-12-24 06:19:33-07,JumpDC,pedal-assist-bike,2018-12-24 06:20:00-07,-77.0060533333333,38.90465
JumpDC-bike_23654,JUMP DC-2689,2018-12-24 06:19:33-07,JumpDC,pedal-assist-bike,2018-12-24 06:20:00-07,-77.0020916666667,38.9017883333333
JumpDC-bike_23458,JUMP DC-2593,2018-12-24 06:19:33-07,JumpDC,pedal-assist-bike,2018-12-24 06:20:00-07,-76.9927816666667,38.9042466666667
JumpDC-bike_23508,JUMP DC-2643,2018-12-24 06:19:33-07,JumpDC,pedal-assist-bike,2018-12-24 06:20:00-07,-76.9840633333333,38.9038533333333
BirdDC-BY1K8,BY1K8,2018-12-24 06:20:17-07,BirdDC,electric-scooter,2018-12-24 06:20:00-07,-77.0529633333333,38.90961
SkipDC-352897091387343,"",2018-12-24 06:20:22-07,SkipDC,electric-scooter,2018-12-24 06:20:00-07,-77.0480567,38.9074283
SkipDC-352897091311087,"",2018-12-24 06:20:22-07,SkipDC,electric-scooter,2018-12-24 06:20:00-07,-77.04707,38.90732
BirdDC-L9PW4,L9PW4,2018-12-24 06:20:17-07,BirdDC,electric-scooter,2018-12-24 06:20:00-07,-77.0513833333333,38.9063216666667
JumpDC-bike_23509,JUMP DC-2644,2018-12-24 06:19:33-07,JumpDC,pedal-assist-bike,2018-12-24 06:20:00-07,-77.04335,38.9078783333333
JumpDC-bike_16530,JUMP DC-0207,2018-12-24 06:19:33-07,JumpDC,pedal-assist-bike,2018-12-24 06:20:00-07,-77.0429883333333,38.90847
JumpDC-bike_23432,JUMP DC-2567,2018-12-24 06:19:33-07,JumpDC,pedal-assist-bike,2018-12-24 06:20:00-07,-77.0454,38.9076016666667
JumpDC-bike_23629,JUMP DC-2664,2018-12-24 06:19:33-07,JumpDC,pedal-assist-bike,2018-12-24 06:20:00-07,-77.0449033333333,38.90814
BirdDC-PNXU6,PNXU6,2018-12-24 06:20:17-07,BirdDC,electric-scooter,2018-12-24 06:20:00-07,-77.04245,38.907315
BirdDC-1JVLQ,1JVLQ,2018-12-24 06:20:17-07,BirdDC,electric-scooter,2018-12-24 06:20:00-07,-77.0431666666667,38.9082716666667
BirdDC-1SQ1P,1SQ1P,2018-12-24 06:20:17-07,BirdDC,electric-scooter,2018-12-24 06:20:00-07,-77.0394366666667,38.9059183333333
JumpDC-bike_23179,JUMP DC-2488,2018-12-24 06:19:33-07,JumpDC,pedal-assist-bike,2018-12-24 06:20:00-07,-77.030975,38.9075383333333
BirdDC-2LLGX,2LLGX,2018-12-24 06:20:17-07,BirdDC,electric-scooter,2018-12-24 06:20:00-07,-77.0343886223408,38.9083464257781
SkipDC-352897091381320,"",2018-12-24 06:20:22-07,SkipDC,electric-scooter,2018-12-24 06:20:00-07,-77.0302777,38.9095289
SkipDC-352897091326002,"",2018-12-24 06:20:22-07,SkipDC,electric-scooter,2018-12-24 06:20:00-07,-77.0288933,38.907295
SkipDC-352897091391469,"",2018-12-24 06:20:22-07,SkipDC,electric-scooter,2018-12-24 06:20:00-07,-77.0267776,38.9086312
BirdDC-VAC46,VAC46,2018-12-24 06:20:17-07,BirdDC,electric-scooter,2018-12-24 06:20:00-07,-77.0178533333333,38.908345
BirdDC-VV8NA,VV8NA,2018-12-24 06:20:17-07,BirdDC,electric-scooter,2018-12-24 06:20:00-07,-77.022133,38.907922
SkipDC-352897091437304,"",2018-12-24 06:20:22-07,SkipDC,electric-scooter,2018-12-24 06:20:00-07,-77.0281394,38.9118601
JumpDC-bike_23706,JUMP DC-2741,2018-12-24 06:19:33-07,JumpDC,pedal-assist-bike,2018-12-24 06:20:00-07,-77.0271233333333,38.91063
JumpDC-bike_23648,JUMP DC-2683,2018-12-24 06:19:33-07,JumpDC,pedal-assist-bike,2018-12-24 06:20:00-07,-77.0274,38.911475
JumpDC-bike_23690,JUMP DC-2725,2018-12-24 06:19:33-07,JumpDC,pedal-assist-bike,2018-12-24 06:20:00-07,-77.0271633333333,38.910945
BirdDC-RKVAU,RKVAU,2018-12-24 06:20:17-07,BirdDC,electric-scooter,2018-12-24 06:20:00-07,-77.0261,38.9126733333333
BirdDC-CZHX4,CZHX4,2018-12-24 06:20:17-07,BirdDC,electric-scooter,2018-12-24 06:20:00-07,-77.0261233333333,38.91264
SkipDC-352897091457526,"",2018-12-24 06:20:22-07,SkipDC,electric-scooter,2018-12-24 06:20:00-07,-77.0282917,38.911705
JumpDC-bike_23217,JUMP DC-2526,2018-12-24 06:19:33-07,JumpDC,pedal-assist-bike,2018-12-24 06:20:00-07,-77.0271483333333,38.912225
BirdDC-Z9MB8,Z9MB8,2018-12-24 06:20:17-07,BirdDC,electric-scooter,2018-12-24 06:20:00-07,-77.0207516666667,38.9134633333333
JumpDC-bike_18908,JUMP DC-0787,2018-12-24 06:19:33-07,JumpDC,pedal-assist-bike,2018-12-24 06:20:00-07,-77.0193166666667,38.9130933333333
BirdDC-U6K59,U6K59,2018-12-24 06:20:17-07,BirdDC,electric-scooter,2018-12-24 06:20:00-07,-77.022004,38.911186
JumpDC-bike_23214,JUMP DC-2523,2018-12-24 06:19:33-07,JumpDC,pedal-assist-bike,2018-12-24 06:20:00-07,-77.0119916666667,38.912745
JumpDC-bike_23506,JUMP DC-2641,2018-12-24 06:19:33-07,JumpDC,pedal-assist-bike,2018-12-24 06:20:00-07,-77.0122983333333,38.9127116666667
BirdDC-71II5,71II5,2018-12-24 06:20:17-07,BirdDC,electric-scooter,2018-12-24 06:20:00-07,-77.01757,38.91114
JumpDC-bike_23643,JUMP DC-2678,2018-12-24 06:19:33-07,JumpDC,pedal-assist-bike,2018-12-24 06:20:00-07,-77.012275,38.9127483333333
JumpDC-bike_18874,JUMP DC-0833,2018-12-24 06:19:33-07,JumpDC,pedal-assist-bike,2018-12-24 06:20:00-07,-77.0122733333333,38.9127266666667
BirdDC-4E2V9,4E2V9,2018-12-24 06:20:17-07,BirdDC,electric-scooter,2018-12-24 06:20:00-07,-77.0528866666667,38.9163816666667
JumpDC-bike_23155,JUMP DC-2464,2018-12-24 06:19:33-07,JumpDC,pedal-assist-bike,2018-12-24 06:20:00-07,-77.04183,38.91662
JumpDC-bike_23216,JUMP DC-2525,2018-12-24 06:19:33-07,JumpDC,pedal-assist-bike,2018-12-24 06:20:00-07,-77.041745,38.9155116666667
JumpDC-bike_23166,JUMP DC-2475,2018-12-24 06:19:33-07,JumpDC,pedal-assist-bike,2018-12-24 06:20:00-07,-77.0416033333333,38.915515
JumpDC-bike_23232,JUMP DC-2541,2018-12-24 06:19:33-07,JumpDC,pedal-assist-bike,2018-12-24 06:20:00-07,-77.0415483333333,38.9166983333333
BirdDC-VSXD,VSXD,2018-12-24 06:20:17-07,BirdDC,electric-scooter,2018-12-24 06:20:00-07,-77.0392428339245,38.9187512174611
BirdDC-1BX55,1BX55,2018-12-24 06:20:17-07,BirdDC,electric-scooter,2018-12-24 06:20:00-07,-77.0392001502065,38.9188453866314
BirdDC-XAJMV,XAJMV,2018-12-24 06:20:17-07,BirdDC,electric-scooter,2018-12-24 06:20:00-07,-77.0390083333333,38.918815
JumpDC-bike_16488,JUMP DC-0214,2018-12-24 06:19:33-07,JumpDC,pedal-assist-bike,2018-12-24 06:20:00-07,-77.038275,38.91505
JumpDC-bike_18864,JUMP DC-0823,2018-12-24 06:19:33-07,JumpDC,pedal-assist-bike,2018-12-24 06:20:00-07,-77.0377116666667,38.9148433333333
BirdDC-VP73,VP73,2018-12-24 06:20:17-07,BirdDC,electric-scooter,2018-12-24 06:20:00-07,-77.0391862,38.9188162
BirdDC-ACA4T,ACA4T,2018-12-24 06:20:17-07,BirdDC,electric-scooter,2018-12-24 06:20:00-07,-77.0721934363964,38.9196209656437
JumpDC-bike_23466,JUMP DC-2601,2018-12-24 06:19:33-07,JumpDC,pedal-assist-bike,2018-12-24 06:20:00-07,-77.0475016666667,38.9201266666667
JumpDC-bike_23462,JUMP DC-2597,2018-12-24 06:19:33-07,JumpDC,pedal-assist-bike,2018-12-24 06:20:00-07,-77.0487683333333,38.9231916666667
BirdDC-Y1TA5,Y1TA5,2018-12-24 06:20:17-07,BirdDC,electric-scooter,2018-12-24 06:20:00-07,-77.0393011,38.9189451
BirdDC-FWYI7,FWYI7,2018-12-24 06:20:17-07,BirdDC,electric-scooter,2018-12-24 06:20:00-07,-77.0392879,38.9189784
JumpDC-bike_23162,JUMP DC-2471,2018-12-24 06:19:33-07,JumpDC,pedal-assist-bike,2018-12-24 06:20:00-07,-77.0332366666667,38.9191033333333
JumpDC-bike_23165,JUMP DC-2474,2018-12-24 06:19:33-07,JumpDC,pedal-assist-bike,2018-12-24 06:20:00-07,-77.034155,38.9193916666667
JumpDC-bike_16625,JUMP DC-0230,2018-12-24 06:19:33-07,JumpDC,pedal-assist-bike,2018-12-24 06:20:00-07,-77.0352066666667,38.9223683333333
JumpDC-bike_23682,JUMP DC-2717,2018-12-24 06:19:33-07,JumpDC,pedal-assist-bike,2018-12-24 06:20:00-07,-77.0173883333333,38.9225883333333
BirdDC-TGB48,TGB48,2018-12-24 06:20:17-07,BirdDC,electric-scooter,2018-12-24 06:20:00-07,-77.01442,38.920391
JumpDC-bike_23431,JUMP DC-2566,2018-12-24 06:19:33-07,JumpDC,pedal-assist-bike,2018-12-24 06:20:00-07,-76.9960533333333,38.92014
JumpDC-bike_23669,JUMP DC-2704,2018-12-24 06:19:33-07,JumpDC,pedal-assist-bike,2018-12-24 06:20:00-07,-76.9957933333333,38.9204533333333
JumpDC-bike_18909,JUMP DC-0788,2018-12-24 06:19:33-07,JumpDC,pedal-assist-bike,2018-12-24 06:20:00-07,-76.9880366666667,38.9201483333333
JumpDC-bike_23626,JUMP DC-2661,2018-12-24 06:19:33-07,JumpDC,pedal-assist-bike,2018-12-24 06:20:00-07,-76.9622116666667,38.9191266666667
JumpDC-bike_23693,JUMP DC-2728,2018-12-24 06:19:33-07,JumpDC,pedal-assist-bike,2018-12-24 06:20:00-07,-76.9621716666667,38.9191166666667
JumpDC-bike_23945,JUMP DC-2454,2018-12-24 06:19:33-07,JumpDC,pedal-assist-bike,2018-12-24 06:20:00-07,-76.9621316666667,38.9191783333333
JumpDC-bike_16492,JUMP DC-0179,2018-12-24 06:19:33-07,JumpDC,pedal-assist-bike,2018-12-24 06:20:00-07,-76.9622316666667,38.9190016666667
BirdDC-Q8JHY,Q8JHY,2018-12-24 06:20:17-07,BirdDC,electric-scooter,2018-12-24 06:20:00-07,-77.0509416666667,38.9269183333333
JumpDC-bike_18911,JUMP DC-0790,2018-12-24 06:19:33-07,JumpDC,pedal-assist-bike,2018-12-24 06:20:00-07,-77.04168,38.9234716666667
JumpDC-bike_16631,JUMP DC-0222,2018-12-24 06:19:33-07,JumpDC,pedal-assist-bike,2018-12-24 06:20:00-07,-77.04313,38.9278366666667
JumpDC-bike_23428,JUMP DC-2563,2018-12-24 06:19:33-07,JumpDC,pedal-assist-bike,2018-12-24 06:20:00-07,-77.0326033333333,38.9254383333333
JumpDC-bike_23457,JUMP DC-2592,2018-12-24 06:19:33-07,JumpDC,pedal-assist-bike,2018-12-24 06:20:00-07,-77.0344216666667,38.926355
JumpDC-bike_16607,JUMP DC-0242,2018-12-24 06:19:33-07,JumpDC,pedal-assist-bike,2018-12-24 06:20:00-07,-77.032605,38.9273516666667
JumpDC-bike_23627,JUMP DC-2662,2018-12-24 06:19:33-07,JumpDC,pedal-assist-bike,2018-12-24 06:20:00-07,-77.030925,38.9248266666667
JumpDC-bike_23445,JUMP DC-2580,2018-12-24 06:19:33-07,JumpDC,pedal-assist-bike,2018-12-24 06:20:00-07,-77.0321733333333,38.9258633333333
JumpDC-bike_23616,JUMP DC-2651,2018-12-24 06:19:33-07,JumpDC,pedal-assist-bike,2018-12-24 06:20:00-07,-77.0262966666667,38.9252983333333
JumpDC-bike_23630,JUMP DC-2665,2018-12-24 06:19:33-07,JumpDC,pedal-assist-bike,2018-12-24 06:20:00-07,-76.9713466666667,38.92422
JumpDC-bike_23485,JUMP DC-2620,2018-12-24 06:19:33-07,JumpDC,pedal-assist-bike,2018-12-24 06:20:00-07,-77.0466083333333,38.92999
JumpDC-bike_23617,JUMP DC-2652,2018-12-24 06:19:33-07,JumpDC,pedal-assist-bike,2018-12-24 06:20:00-07,-77.0384666666667,38.9300783333333
JumpDC-bike_23460,JUMP DC-2595,2018-12-24 06:19:33-07,JumpDC,pedal-assist-bike,2018-12-24 06:20:00-07,-77.0319166666667,38.9304116666667
SkipDC-352897091380926,"",2018-12-24 06:20:22-07,SkipDC,electric-scooter,2018-12-24 06:20:00-07,-77.0267603,38.929468
JumpDC-bike_23449,JUMP DC-2584,2018-12-24 06:19:33-07,JumpDC,pedal-assist-bike,2018-12-24 06:20:00-07,-77.0188733333333,38.9304816666667
JumpDC-bike_23191,JUMP DC-2500,2018-12-24 06:19:33-07,JumpDC,pedal-assist-bike,2018-12-24 06:20:00-07,-77.0442333333333,38.9332383333333
JumpDC-bike_18844,JUMP DC-0721,2018-12-24 06:19:33-07,JumpDC,pedal-assist-bike,2018-12-24 06:20:00-07,-77.0340533333333,38.9353716666667
JumpDC-bike_23440,JUMP DC-2575,2018-12-24 06:19:33-07,JumpDC,pedal-assist-bike,2018-12-24 06:20:00-07,-77.0326266666667,38.9330483333333
JumpDC-bike_23691,JUMP DC-2726,2018-12-24 06:19:33-07,JumpDC,pedal-assist-bike,2018-12-24 06:20:00-07,-77.0346833333333,38.9344266666667
JumpDC-bike_18831,JUMP DC-0708,2018-12-24 06:19:33-07,JumpDC,pedal-assist-bike,2018-12-24 06:20:00-07,-77.03265,38.9326283333333
JumpDC-bike_23489,JUMP DC-2624,2018-12-24 06:19:33-07,JumpDC,pedal-assist-bike,2018-12-24 06:20:00-07,-77.0326433333333,38.9350966666667
JumpDC-bike_18827,JUMP DC-0704,2018-12-24 06:19:33-07,JumpDC,pedal-assist-bike,2018-12-24 06:20:00-07,-77.0239716666667,38.9335266666667
JumpDC-bike_23439,JUMP DC-2574,2018-12-24 06:19:33-07,JumpDC,pedal-assist-bike,2018-12-24 06:20:00-07,-77.028625,38.9375516666667
JumpDC-bike_23467,JUMP DC-2602,2018-12-24 06:34:33-07,JumpDC,pedal-assist-bike,2018-12-24 06:35:00-07,-76.9852216666667,38.8554716666667
BirdDC-H78F8,H78F8,2018-12-24 06:34:48-07,BirdDC,electric-scooter,2018-12-24 06:35:00-07,-76.96508,38.85846
JumpDC-bike_18836,JUMP DC-0713,2018-12-24 06:34:33-07,JumpDC,pedal-assist-bike,2018-12-24 06:35:00-07,-77.01457,38.86449
JumpDC-bike_23186,JUMP DC-2495,2018-12-24 06:34:33-07,JumpDC,pedal-assist-bike,2018-12-24 06:35:00-07,-76.9955316666667,38.8623616666667
BirdDC-SHN8V,SHN8V,2018-12-24 06:34:48-07,BirdDC,electric-scooter,2018-12-24 06:35:00-07,-76.9738868725059,38.8645364298613
JumpDC-bike_23699,JUMP DC-2734,2018-12-24 06:34:33-07,JumpDC,pedal-assist-bike,2018-12-24 06:35:00-07,-77.02309,38.8788516666667
JumpDC-bike_23666,JUMP DC-2701,2018-12-24 06:34:33-07,JumpDC,pedal-assist-bike,2018-12-24 06:35:00-07,-77.02283,38.8784933333333
JumpDC-bike_18820,JUMP DC-0688,2018-12-24 06:34:33-07,JumpDC,pedal-assist-bike,2018-12-24 06:35:00-07,-77.0182583333333,38.8792183333333
JumpDC-bike_23424,JUMP DC-2559,2018-12-24 06:34:33-07,JumpDC,pedal-assist-bike,2018-12-24 06:35:00-07,-77.0228033333333,38.8784933333333
JumpDC-bike_18823,JUMP DC-0700,2018-12-24 06:34:33-07,JumpDC,pedal-assist-bike,2018-12-24 06:35:00-07,-77.023015,38.8786233333333
JumpDC-bike_16532,JUMP DC-0223,2018-12-24 06:34:33-07,JumpDC,pedal-assist-bike,2018-12-24 06:35:00-07,-77.01671,38.8815466666667
JumpDC-bike_23652,JUMP DC-2687,2018-12-24 06:34:33-07,JumpDC,pedal-assist-bike,2018-12-24 06:35:00-07,-77.01427,38.8797583333333
SkipDC-352897091272982,"",2018-12-24 06:34:52-07,SkipDC,electric-scooter,2018-12-24 06:35:00-07,-77.0051183,38.8805367
JumpDC-bike_16623,JUMP DC-0231,2018-12-24 06:34:33-07,JumpDC,pedal-assist-bike,2018-12-24 06:35:00-07,-76.9950766666667,38.8835166666667
JumpDC-bike_23677,JUMP DC-2712,2018-12-24 06:34:33-07,JumpDC,pedal-assist-bike,2018-12-24 06:35:00-07,-76.9950266666667,38.884985
JumpDC-bike_18840,JUMP DC-0846,2018-12-24 06:34:33-07,JumpDC,pedal-assist-bike,2018-12-24 06:35:00-07,-76.99594,38.884385
BirdDC-8WQY4,8WQY4,2018-12-24 06:34:48-07,BirdDC,electric-scooter,2018-12-24 06:35:00-07,-76.9251783333333,38.8831716666667
SkipDC-352897091387020,"",2018-12-24 06:34:52-07,SkipDC,electric-scooter,2018-12-24 06:35:00-07,-77.03938,38.8905917
BirdDC-N8EAL,N8EAL,2018-12-24 06:34:48-07,BirdDC,electric-scooter,2018-12-24 06:35:00-07,-77.03331,38.8903316666667
JumpDC-bike_18868,JUMP DC-0827,2018-12-24 06:34:33-07,JumpDC,pedal-assist-bike,2018-12-24 06:35:00-07,-76.9898,38.890355
JumpDC-bike_23201,JUMP DC-2510,2018-12-24 06:34:33-07,JumpDC,pedal-assist-bike,2018-12-24 06:35:00-07,-76.9895333333333,38.89035
JumpDC-bike_23641,JUMP DC-2676,2018-12-24 06:34:33-07,JumpDC,pedal-assist-bike,2018-12-24 06:35:00-07,-76.9846116666667,38.88992
JumpDC-bike_18870,JUMP DC-0829,2018-12-24 06:34:33-07,JumpDC,pedal-assist-bike,2018-12-24 06:35:00-07,-76.9847333333333,38.8898683333333
BirdDC-D45VC,D45VC,2018-12-24 06:34:48-07,BirdDC,electric-scooter,2018-12-24 06:35:00-07,-76.9563516666667,38.89381
BirdDC-I4ZBY,I4ZBY,2018-12-24 06:34:48-07,BirdDC,electric-scooter,2018-12-24 06:35:00-07,-77.05523,38.8973266666667
SkipDC-352897091273428,"",2018-12-24 06:34:52-07,SkipDC,electric-scooter,2018-12-24 06:35:00-07,-77.0219,38.8982267
JumpDC-bike_23476,JUMP DC-2611,2018-12-24 06:34:33-07,JumpDC,pedal-assist-bike,2018-12-24 06:35:00-07,-77.0121683333333,38.9005916666667
SkipDC-352897091274863,"",2018-12-24 06:34:52-07,SkipDC,electric-scooter,2018-12-24 06:35:00-07,-77.0117867,38.9005817
JumpDC-bike_23636,JUMP DC-2671,2018-12-24 06:34:33-07,JumpDC,pedal-assist-bike,2018-12-24 06:35:00-07,-77.0505033333333,38.9050266666667
JumpDC-bike_23655,JUMP DC-2690,2018-12-24 06:34:33-07,JumpDC,pedal-assist-bike,2018-12-24 06:35:00-07,-77.05019,38.9053683333333
JumpDC-bike_23231,JUMP DC-2540,2018-12-24 06:34:33-07,JumpDC,pedal-assist-bike,2018-12-24 06:35:00-07,-77.0501366666667,38.9053166666667
JumpDC-bike_18918,JUMP DC-0797,2018-12-24 06:34:33-07,JumpDC,pedal-assist-bike,2018-12-24 06:35:00-07,-77.0418783333333,38.905215
JumpDC-bike_23237,JUMP DC-2546,2018-12-24 06:34:33-07,JumpDC,pedal-assist-bike,2018-12-24 06:35:00-07,-77.0415816666667,38.9051866666667
SkipDC-352897091294861,"",2018-12-24 06:34:52-07,SkipDC,electric-scooter,2018-12-24 06:35:00-07,-77.0446181,38.9022076
BirdDC-XUVW9,XUVW9,2018-12-24 06:34:48-07,BirdDC,electric-scooter,2018-12-24 06:35:00-07,-77.0368883333333,38.902565
BirdDC-9AU1F,9AU1F,2018-12-24 06:34:48-07,BirdDC,electric-scooter,2018-12-24 06:35:00-07,-77.0295528,38.9015261
BirdDC-ILPCW,ILPCW,2018-12-24 06:34:48-07,BirdDC,electric-scooter,2018-12-24 06:35:00-07,-77.0319469508822,38.9009357850576
BirdDC-3CNBJ,3CNBJ,2018-12-24 06:34:48-07,BirdDC,electric-scooter,2018-12-24 06:35:00-07,-77.0169533333333,38.90229
BirdDC-QQVBH,QQVBH,2018-12-24 06:34:48-07,BirdDC,electric-scooter,2018-12-24 06:35:00-07,-77.0167,38.9019966666667
JumpDC-bike_18878,JUMP DC-0837,2018-12-24 06:34:33-07,JumpDC,pedal-assist-bike,2018-12-24 06:35:00-07,-77.00729,38.9048983333333
JumpDC-bike_23513,JUMP DC-2648,2018-12-24 06:34:33-07,JumpDC,pedal-assist-bike,2018-12-24 06:35:00-07,-77.0060533333333,38.90465
JumpDC-bike_23654,JUMP DC-2689,2018-12-24 06:34:33-07,JumpDC,pedal-assist-bike,2018-12-24 06:35:00-07,-77.0020916666667,38.9017883333333
JumpDC-bike_23458,JUMP DC-2593,2018-12-24 06:34:33-07,JumpDC,pedal-assist-bike,2018-12-24 06:35:00-07,-76.9927816666667,38.9042466666667
JumpDC-bike_23508,JUMP DC-2643,2018-12-24 06:34:33-07,JumpDC,pedal-assist-bike,2018-12-24 06:35:00-07,-76.9840633333333,38.9038533333333
JumpDC-bike_23695,JUMP DC-2730,2018-12-24 06:34:33-07,JumpDC,pedal-assist-bike,2018-12-24 06:35:00-07,-77.0030533333333,38.90552
JumpDC-bike_23674,JUMP DC-2709,2018-12-24 06:34:33-07,JumpDC,pedal-assist-bike,2018-12-24 06:35:00-07,-76.9972066666667,38.9081416666667
JumpDC-bike_23215,JUMP DC-2524,2018-12-24 06:34:33-07,JumpDC,pedal-assist-bike,2018-12-24 06:35:00-07,-76.9971833333333,38.9082133333333
JumpDC-bike_23684,JUMP DC-2719,2018-12-24 06:34:33-07,JumpDC,pedal-assist-bike,2018-12-24 06:35:00-07,-76.997225,38.908165
BirdDC-BMQP8,BMQP8,2018-12-24 06:34:48-07,BirdDC,electric-scooter,2018-12-24 06:35:00-07,-76.985535,38.9064866666667
JumpDC-bike_23700,JUMP DC-2735,2018-12-24 06:34:33-07,JumpDC,pedal-assist-bike,2018-12-24 06:35:00-07,-76.95255,38.9058733333333
BirdDC-WIIF6,WIIF6,2018-12-24 06:34:48-07,BirdDC,electric-scooter,2018-12-24 06:35:00-07,-77.07634,38.9117233333333
BirdDC-ECAKK,ECAKK,2018-12-24 06:34:48-07,BirdDC,electric-scooter,2018-12-24 06:35:00-07,-77.0638816666667,38.9109566666667
JumpDC-bike_23197,JUMP DC-2506,2018-12-24 06:34:33-07,JumpDC,pedal-assist-bike,2018-12-24 06:35:00-07,-77.05099,38.9118683333333
BirdDC-WHL3I,WHL3I,2018-12-24 06:34:48-07,BirdDC,electric-scooter,2018-12-24 06:35:00-07,-77.0480416666667,38.9110683333333
JumpDC-bike_23170,JUMP DC-2479,2018-12-24 06:34:33-07,JumpDC,pedal-assist-bike,2018-12-24 06:35:00-07,-77.0505116666667,38.9120333333333
BirdDC-SEYZ7,SEYZ7,2018-12-24 06:34:48-07,BirdDC,electric-scooter,2018-12-24 06:35:00-07,-77.0360483333333,38.91285
BirdDC-PGP1B,PGP1B,2018-12-24 06:34:48-07,BirdDC,electric-scooter,2018-12-24 06:35:00-07,-77.0354316666667,38.9132316666667
BirdDC-8G2LQ,8G2LQ,2018-12-24 06:34:48-07,BirdDC,electric-scooter,2018-12-24 06:35:00-07,-77.0345383333333,38.9120216666667
JumpDC-bike_23144,JUMP DC-2453,2018-12-24 06:34:33-07,JumpDC,pedal-assist-bike,2018-12-24 06:35:00-07,-77.0322933333333,38.913375
JumpDC-bike_23210,JUMP DC-2519,2018-12-24 06:34:33-07,JumpDC,pedal-assist-bike,2018-12-24 06:35:00-07,-77.03462,38.9133233333333
JumpDC-bike_23634,JUMP DC-2669,2018-12-24 06:34:33-07,JumpDC,pedal-assist-bike,2018-12-24 06:35:00-07,-77.033305,38.9127433333333
JumpDC-bike_23207,JUMP DC-2516,2018-12-24 06:34:33-07,JumpDC,pedal-assist-bike,2018-12-24 06:35:00-07,-77.0320233333333,38.913295
JumpDC-bike_23690,JUMP DC-2725,2018-12-24 06:34:33-07,JumpDC,pedal-assist-bike,2018-12-24 06:35:00-07,-77.0271633333333,38.910945
JumpDC-bike_23488,JUMP DC-2623,2018-12-24 06:34:33-07,JumpDC,pedal-assist-bike,2018-12-24 06:35:00-07,-77.0271083333333,38.9108733333333
BirdDC-RKVAU,RKVAU,2018-12-24 06:34:48-07,BirdDC,electric-scooter,2018-12-24 06:35:00-07,-77.0261,38.9126733333333
SkipDC-352897091437304,"",2018-12-24 06:34:52-07,SkipDC,electric-scooter,2018-12-24 06:35:00-07,-77.0282467,38.91186
SkipDC-352897091457526,"",2018-12-24 06:34:52-07,SkipDC,electric-scooter,2018-12-24 06:35:00-07,-77.0282836,38.9120678
JumpDC-bike_23217,JUMP DC-2526,2018-12-24 06:34:33-07,JumpDC,pedal-assist-bike,2018-12-24 06:35:00-07,-77.0271483333333,38.912225
JumpDC-bike_23648,JUMP DC-2683,2018-12-24 06:34:33-07,JumpDC,pedal-assist-bike,2018-12-24 06:35:00-07,-77.0274,38.911475
JumpDC-bike_23706,JUMP DC-2741,2018-12-24 06:34:33-07,JumpDC,pedal-assist-bike,2018-12-24 06:35:00-07,-77.0271233333333,38.91063
BirdDC-CZHX4,CZHX4,2018-12-24 06:34:48-07,BirdDC,electric-scooter,2018-12-24 06:35:00-07,-77.02613,38.91264
JumpDC-bike_18908,JUMP DC-0787,2018-12-24 06:34:33-07,JumpDC,pedal-assist-bike,2018-12-24 06:35:00-07,-77.0193166666667,38.9130933333333
JumpDC-bike_18905,JUMP DC-0784,2018-12-24 06:34:33-07,JumpDC,pedal-assist-bike,2018-12-24 06:35:00-07,-77.0220116666667,38.9108383333333
BirdDC-Z9MB8,Z9MB8,2018-12-24 06:34:48-07,BirdDC,electric-scooter,2018-12-24 06:35:00-07,-77.0207516666667,38.9134666666667
JumpDC-bike_23414,JUMP DC-2549,2018-12-24 06:34:33-07,JumpDC,pedal-assist-bike,2018-12-24 06:35:00-07,-77.0269816666667,38.9175533333333
JumpDC-bike_23175,JUMP DC-2484,2018-12-24 06:34:33-07,JumpDC,pedal-assist-bike,2018-12-24 06:35:00-07,-77.02874,38.9170316666667
JumpDC-bike_18860,JUMP DC-0819,2018-12-24 06:34:33-07,JumpDC,pedal-assist-bike,2018-12-24 06:35:00-07,-77.025365,38.91487
BirdDC-BAJZW,BAJZW,2018-12-24 06:34:48-07,BirdDC,electric-scooter,2018-12-24 06:35:00-07,-77.0249783333333,38.9148366666667
SkipDC-352897091294283,"",2018-12-24 06:34:52-07,SkipDC,electric-scooter,2018-12-24 06:35:00-07,-77.026965,38.9185917
JumpDC-bike_16523,JUMP DC-0167,2018-12-24 06:34:33-07,JumpDC,pedal-assist-bike,2018-12-24 06:35:00-07,-77.028475,38.916915
JumpDC-bike_18848,JUMP DC-0693,2018-12-24 06:34:33-07,JumpDC,pedal-assist-bike,2018-12-24 06:35:00-07,-77.0196966666667,38.9156433333333
JumpDC-bike_23680,JUMP DC-2715,2018-12-24 06:34:33-07,JumpDC,pedal-assist-bike,2018-12-24 06:35:00-07,-77.02276,38.9156533333333
JumpDC-bike_23479,JUMP DC-2614,2018-12-24 06:34:33-07,JumpDC,pedal-assist-bike,2018-12-24 06:35:00-07,-77.02172,38.9144633333333
JumpDC-bike_23188,JUMP DC-2497,2018-12-24 06:34:33-07,JumpDC,pedal-assist-bike,2018-12-24 06:35:00-07,-77.0214,38.9156016666667
JumpDC-bike_23228,JUMP DC-2537,2018-12-24 06:34:33-07,JumpDC,pedal-assist-bike,2018-12-24 06:35:00-07,-77.02177,38.91678
JumpDC-bike_18928,JUMP DC-0807,2018-12-24 06:34:33-07,JumpDC,pedal-assist-bike,2018-12-24 06:35:00-07,-77.0218133333333,38.914785
JumpDC-bike_23478,JUMP DC-2613,2018-12-24 06:34:33-07,JumpDC,pedal-assist-bike,2018-12-24 06:35:00-07,-77.0216716666667,38.9147233333333
JumpDC-bike_18849,JUMP DC-0694,2018-12-24 06:34:33-07,JumpDC,pedal-assist-bike,2018-12-24 06:35:00-07,-77.0122666666667,38.9152383333333
JumpDC-bike_18826,JUMP DC-0703,2018-12-24 06:34:33-07,JumpDC,pedal-assist-bike,2018-12-24 06:35:00-07,-77.0122583333333,38.9152216666667
SkipDC-352897091392301,"",2018-12-24 06:34:52-07,SkipDC,electric-scooter,2018-12-24 06:35:00-07,-77.0118764,38.9155704
JumpDC-bike_23619,JUMP DC-2654,2018-12-24 06:34:33-07,JumpDC,pedal-assist-bike,2018-12-24 06:35:00-07,-77.0122366666667,38.91525
JumpDC-bike_23642,JUMP DC-2677,2018-12-24 06:34:33-07,JumpDC,pedal-assist-bike,2018-12-24 06:35:00-07,-77.0123283333333,38.9155383333333
SkipDC-352897091294788,"",2018-12-24 06:34:52-07,SkipDC,electric-scooter,2018-12-24 06:35:00-07,-77.0105867,38.914925
JumpDC-bike_23147,JUMP DC-2456,2018-12-24 06:34:33-07,JumpDC,pedal-assist-bike,2018-12-24 06:35:00-07,-77.0021033333333,38.9164983333333
JumpDC-bike_23482,JUMP DC-2617,2018-12-24 06:34:33-07,JumpDC,pedal-assist-bike,2018-12-24 06:35:00-07,-76.9851533333333,38.9154433333333
JumpDC-bike_18871,JUMP DC-0830,2018-12-24 06:34:33-07,JumpDC,pedal-assist-bike,2018-12-24 06:35:00-07,-76.9836133333333,38.9154133333333
BirdDC-ACA4T,ACA4T,2018-12-24 06:34:48-07,BirdDC,electric-scooter,2018-12-24 06:35:00-07,-77.0721934363964,38.9196209656437
JumpDC-bike_23462,JUMP DC-2597,2018-12-24 06:34:33-07,JumpDC,pedal-assist-bike,2018-12-24 06:35:00-07,-77.0487683333333,38.9231916666667
JumpDC-bike_23616,JUMP DC-2651,2018-12-24 06:34:33-07,JumpDC,pedal-assist-bike,2018-12-24 06:35:00-07,-77.0262966666667,38.9252983333333
JumpDC-bike_23630,JUMP DC-2665,2018-12-24 06:34:33-07,JumpDC,pedal-assist-bike,2018-12-24 06:35:00-07,-76.9713466666667,38.92422
JumpDC-bike_23485,JUMP DC-2620,2018-12-24 06:34:33-07,JumpDC,pedal-assist-bike,2018-12-24 06:35:00-07,-77.0466083333333,38.92999
JumpDC-bike_23617,JUMP DC-2652,2018-12-24 06:34:33-07,JumpDC,pedal-assist-bike,2018-12-24 06:35:00-07,-77.0384666666667,38.9300783333333
JumpDC-bike_23460,JUMP DC-2595,2018-12-24 06:34:33-07,JumpDC,pedal-assist-bike,2018-12-24 06:35:00-07,-77.0319166666667,38.9304116666667
SkipDC-352897091380926,"",2018-12-24 06:34:52-07,SkipDC,electric-scooter,2018-12-24 06:35:00-07,-77.0267603,38.929468
JumpDC-bike_23449,JUMP DC-2584,2018-12-24 06:34:33-07,JumpDC,pedal-assist-bike,2018-12-24 06:35:00-07,-77.0188733333333,38.9304816666667
JumpDC-bike_23191,JUMP DC-2500,2018-12-24 06:34:33-07,JumpDC,pedal-assist-bike,2018-12-24 06:35:00-07,-77.0442333333333,38.9332383333333
JumpDC-bike_18844,JUMP DC-0721,2018-12-24 06:34:33-07,JumpDC,pedal-assist-bike,2018-12-24 06:35:00-07,-77.0340533333333,38.9353716666667
JumpDC-bike_23440,JUMP DC-2575,2018-12-24 06:34:33-07,JumpDC,pedal-assist-bike,2018-12-24 06:35:00-07,-77.0326266666667,38.9330483333333
JumpDC-bike_23691,JUMP DC-2726,2018-12-24 06:34:33-07,JumpDC,pedal-assist-bike,2018-12-24 06:35:00-07,-77.0346833333333,38.9344266666667
JumpDC-bike_18831,JUMP DC-0708,2018-12-24 06:34:33-07,JumpDC,pedal-assist-bike,2018-12-24 06:35:00-07,-77.03265,38.9326283333333
JumpDC-bike_23489,JUMP DC-2624,2018-12-24 06:34:33-07,JumpDC,pedal-assist-bike,2018-12-24 06:35:00-07,-77.0326433333333,38.9350966666667
JumpDC-bike_18827,JUMP DC-0704,2018-12-24 06:34:33-07,JumpDC,pedal-assist-bike,2018-12-24 06:35:00-07,-77.0239716666667,38.9335266666667
JumpDC-bike_23439,JUMP DC-2574,2018-12-24 06:34:33-07,JumpDC,pedal-assist-bike,2018-12-24 06:35:00-07,-77.028625,38.9375516666667
BirdDC-H78F8,H78F8,2018-12-24 06:49:48-07,BirdDC,electric-scooter,2018-12-24 06:50:00-07,-76.965195,38.8582916666667
JumpDC-bike_18836,JUMP DC-0713,2018-12-24 06:49:33-07,JumpDC,pedal-assist-bike,2018-12-24 06:50:00-07,-77.01457,38.86449
JumpDC-bike_23186,JUMP DC-2495,2018-12-24 06:49:33-07,JumpDC,pedal-assist-bike,2018-12-24 06:50:00-07,-76.9955316666667,38.8623616666667
BirdDC-SHN8V,SHN8V,2018-12-24 06:49:48-07,BirdDC,electric-scooter,2018-12-24 06:50:00-07,-76.9738868725059,38.8645364298613
JumpDC-bike_23424,JUMP DC-2559,2018-12-24 06:49:33-07,JumpDC,pedal-assist-bike,2018-12-24 06:50:00-07,-77.0228033333333,38.8784933333333
JumpDC-bike_18823,JUMP DC-0700,2018-12-24 06:49:33-07,JumpDC,pedal-assist-bike,2018-12-24 06:50:00-07,-77.023015,38.8786233333333
JumpDC-bike_16532,JUMP DC-0223,2018-12-24 06:49:33-07,JumpDC,pedal-assist-bike,2018-12-24 06:50:00-07,-77.01671,38.8815466666667
JumpDC-bike_23652,JUMP DC-2687,2018-12-24 06:49:33-07,JumpDC,pedal-assist-bike,2018-12-24 06:50:00-07,-77.01427,38.8797583333333
SkipDC-352897091272982,"",2018-12-24 06:49:52-07,SkipDC,electric-scooter,2018-12-24 06:50:00-07,-77.0047771,38.8804526
JumpDC-bike_16623,JUMP DC-0231,2018-12-24 06:49:33-07,JumpDC,pedal-assist-bike,2018-12-24 06:50:00-07,-76.9950766666667,38.8835166666667
JumpDC-bike_23677,JUMP DC-2712,2018-12-24 06:49:33-07,JumpDC,pedal-assist-bike,2018-12-24 06:50:00-07,-76.9950266666667,38.884985
JumpDC-bike_18840,JUMP DC-0846,2018-12-24 06:49:33-07,JumpDC,pedal-assist-bike,2018-12-24 06:50:00-07,-76.99594,38.884385
JumpDC-bike_18879,JUMP DC-0838,2018-12-24 06:49:33-07,JumpDC,pedal-assist-bike,2018-12-24 06:50:00-07,-77.0269766666667,38.89482
BirdDC-D45VC,D45VC,2018-12-24 06:49:48-07,BirdDC,electric-scooter,2018-12-24 06:50:00-07,-76.9563516666667,38.89383
BirdDC-I4ZBY,I4ZBY,2018-12-24 06:49:48-07,BirdDC,electric-scooter,2018-12-24 06:50:00-07,-77.0552066666667,38.8973883333333
SkipDC-352897091273428,"",2018-12-24 06:49:52-07,SkipDC,electric-scooter,2018-12-24 06:50:00-07,-77.0218209,38.8982967
JumpDC-bike_16624,JUMP DC-0229,2018-12-24 06:49:33-07,JumpDC,pedal-assist-bike,2018-12-24 06:50:00-07,-77.0174,38.9004433333333
JumpDC-bike_23476,JUMP DC-2611,2018-12-24 06:49:33-07,JumpDC,pedal-assist-bike,2018-12-24 06:50:00-07,-77.0121683333333,38.9005916666667
SkipDC-352897091274863,"",2018-12-24 06:49:52-07,SkipDC,electric-scooter,2018-12-24 06:50:00-07,-77.0117317,38.900525
JumpDC-bike_18841,JUMP DC-0718,2018-12-24 06:49:33-07,JumpDC,pedal-assist-bike,2018-12-24 06:50:00-07,-77.0049583333333,38.8968566666667
JumpDC-bike_23672,JUMP DC-2707,2018-12-24 06:49:33-07,JumpDC,pedal-assist-bike,2018-12-24 06:50:00-07,-77.0050983333333,38.8967883333333
JumpDC-bike_18918,JUMP DC-0797,2018-12-24 06:49:33-07,JumpDC,pedal-assist-bike,2018-12-24 06:50:00-07,-77.0418783333333,38.905215
BirdDC-XUVW9,XUVW9,2018-12-24 06:49:48-07,BirdDC,electric-scooter,2018-12-24 06:50:00-07,-77.0367583333333,38.9027183333333
BirdDC-9AU1F,9AU1F,2018-12-24 06:49:48-07,BirdDC,electric-scooter,2018-12-24 06:50:00-07,-77.0295528,38.9015261
BirdDC-ILPCW,ILPCW,2018-12-24 06:49:48-07,BirdDC,electric-scooter,2018-12-24 06:50:00-07,-77.0319469508822,38.9009357850576
BirdDC-3CNBJ,3CNBJ,2018-12-24 06:49:48-07,BirdDC,electric-scooter,2018-12-24 06:50:00-07,-77.0169533333333,38.9022933333333
BirdDC-QQVBH,QQVBH,2018-12-24 06:49:48-07,BirdDC,electric-scooter,2018-12-24 06:50:00-07,-77.0168533333333,38.9019666666667
JumpDC-bike_23513,JUMP DC-2648,2018-12-24 06:49:33-07,JumpDC,pedal-assist-bike,2018-12-24 06:50:00-07,-77.0060533333333,38.90465
JumpDC-bike_18878,JUMP DC-0837,2018-12-24 06:49:33-07,JumpDC,pedal-assist-bike,2018-12-24 06:50:00-07,-77.00729,38.9048983333333
JumpDC-bike_23654,JUMP DC-2689,2018-12-24 06:49:33-07,JumpDC,pedal-assist-bike,2018-12-24 06:50:00-07,-77.0020916666667,38.9017883333333
JumpDC-bike_23458,JUMP DC-2593,2018-12-24 06:49:33-07,JumpDC,pedal-assist-bike,2018-12-24 06:50:00-07,-76.9927816666667,38.9042466666667
JumpDC-bike_23508,JUMP DC-2643,2018-12-24 06:49:33-07,JumpDC,pedal-assist-bike,2018-12-24 06:50:00-07,-76.9840633333333,38.9038533333333
BirdDC-BY1K8,BY1K8,2018-12-24 06:49:48-07,BirdDC,electric-scooter,2018-12-24 06:50:00-07,-77.0529633333333,38.909615
SkipDC-352897091387343,"",2018-12-24 06:49:52-07,SkipDC,electric-scooter,2018-12-24 06:50:00-07,-77.0479217,38.9075033
BirdDC-L9PW4,L9PW4,2018-12-24 06:49:48-07,BirdDC,electric-scooter,2018-12-24 06:50:00-07,-77.0513916666667,38.9064366666667
SkipDC-352897091311087,"",2018-12-24 06:49:52-07,SkipDC,electric-scooter,2018-12-24 06:50:00-07,-77.0471733,38.9071333
BirdDC-1JVLQ,1JVLQ,2018-12-24 06:49:48-07,BirdDC,electric-scooter,2018-12-24 06:50:00-07,-77.0429766666667,38.9084783333333
BirdDC-PNXU6,PNXU6,2018-12-24 06:49:48-07,BirdDC,electric-scooter,2018-12-24 06:50:00-07,-77.0423966666667,38.9071383333333
BirdDC-WIIF6,WIIF6,2018-12-24 06:49:48-07,BirdDC,electric-scooter,2018-12-24 06:50:00-07,-77.0763166666667,38.9117433333333
BirdDC-ECAKK,ECAKK,2018-12-24 06:49:48-07,BirdDC,electric-scooter,2018-12-24 06:50:00-07,-77.0640483333333,38.910705
BirdDC-WHL3I,WHL3I,2018-12-24 06:49:48-07,BirdDC,electric-scooter,2018-12-24 06:50:00-07,-77.0480416666667,38.9110833333333
JumpDC-bike_23170,JUMP DC-2479,2018-12-24 06:49:33-07,JumpDC,pedal-assist-bike,2018-12-24 06:50:00-07,-77.0505116666667,38.9120333333333
JumpDC-bike_23197,JUMP DC-2506,2018-12-24 06:49:33-07,JumpDC,pedal-assist-bike,2018-12-24 06:50:00-07,-77.05099,38.9118683333333
BirdDC-PGP1B,PGP1B,2018-12-24 06:49:48-07,BirdDC,electric-scooter,2018-12-24 06:50:00-07,-77.0354233333333,38.9132233333333
BirdDC-SEYZ7,SEYZ7,2018-12-24 06:49:48-07,BirdDC,electric-scooter,2018-12-24 06:50:00-07,-77.0360483333333,38.91285
JumpDC-bike_23210,JUMP DC-2519,2018-12-24 06:49:33-07,JumpDC,pedal-assist-bike,2018-12-24 06:50:00-07,-77.03462,38.9133233333333
JumpDC-bike_23634,JUMP DC-2669,2018-12-24 06:49:33-07,JumpDC,pedal-assist-bike,2018-12-24 06:50:00-07,-77.033305,38.9127433333333
JumpDC-bike_23207,JUMP DC-2516,2018-12-24 06:49:33-07,JumpDC,pedal-assist-bike,2018-12-24 06:50:00-07,-77.0320233333333,38.913295
BirdDC-8G2LQ,8G2LQ,2018-12-24 06:49:48-07,BirdDC,electric-scooter,2018-12-24 06:50:00-07,-77.0345466666667,38.912045
JumpDC-bike_23144,JUMP DC-2453,2018-12-24 06:49:33-07,JumpDC,pedal-assist-bike,2018-12-24 06:50:00-07,-77.0322933333333,38.913375
SkipDC-352897091457526,"",2018-12-24 06:49:52-07,SkipDC,electric-scooter,2018-12-24 06:50:00-07,-77.0283051,38.9120789
BirdDC-RKVAU,RKVAU,2018-12-24 06:49:48-07,BirdDC,electric-scooter,2018-12-24 06:50:00-07,-77.0261,38.9126583333333
JumpDC-bike_23648,JUMP DC-2683,2018-12-24 06:49:33-07,JumpDC,pedal-assist-bike,2018-12-24 06:50:00-07,-77.0274,38.911475
JumpDC-bike_23690,JUMP DC-2725,2018-12-24 06:49:33-07,JumpDC,pedal-assist-bike,2018-12-24 06:50:00-07,-77.0271633333333,38.910945
JumpDC-bike_23488,JUMP DC-2623,2018-12-24 06:49:33-07,JumpDC,pedal-assist-bike,2018-12-24 06:50:00-07,-77.0271083333333,38.9108733333333
BirdDC-CZHX4,CZHX4,2018-12-24 06:49:48-07,BirdDC,electric-scooter,2018-12-24 06:50:00-07,-77.02613,38.91264
JumpDC-bike_23217,JUMP DC-2526,2018-12-24 06:49:33-07,JumpDC,pedal-assist-bike,2018-12-24 06:50:00-07,-77.0271483333333,38.912225
JumpDC-bike_23706,JUMP DC-2741,2018-12-24 06:49:33-07,JumpDC,pedal-assist-bike,2018-12-24 06:50:00-07,-77.0271233333333,38.91063
SkipDC-352897091437304,"",2018-12-24 06:49:52-07,SkipDC,electric-scooter,2018-12-24 06:50:00-07,-77.0281733,38.9119033
JumpDC-bike_18905,JUMP DC-0784,2018-12-24 06:49:33-07,JumpDC,pedal-assist-bike,2018-12-24 06:50:00-07,-77.0220116666667,38.9108383333333
BirdDC-U6K59,U6K59,2018-12-24 06:49:48-07,BirdDC,electric-scooter,2018-12-24 06:50:00-07,-77.021881,38.911205
BirdDC-Z9MB8,Z9MB8,2018-12-24 06:49:48-07,BirdDC,electric-scooter,2018-12-24 06:50:00-07,-77.0207516666667,38.9134666666667
JumpDC-bike_23169,JUMP DC-2478,2018-12-24 06:49:33-07,JumpDC,pedal-assist-bike,2018-12-24 06:50:00-07,-77.0220433333333,38.9113066666667
JumpDC-bike_23497,JUMP DC-2632,2018-12-24 06:49:33-07,JumpDC,pedal-assist-bike,2018-12-24 06:50:00-07,-77.022035,38.9112866666667
JumpDC-bike_18908,JUMP DC-0787,2018-12-24 06:49:33-07,JumpDC,pedal-assist-bike,2018-12-24 06:50:00-07,-77.0193166666667,38.9130933333333
JumpDC-bike_18874,JUMP DC-0833,2018-12-24 06:49:33-07,JumpDC,pedal-assist-bike,2018-12-24 06:50:00-07,-77.0122733333333,38.9127266666667
JumpDC-bike_23214,JUMP DC-2523,2018-12-24 06:49:33-07,JumpDC,pedal-assist-bike,2018-12-24 06:50:00-07,-77.0119916666667,38.912745
JumpDC-bike_23506,JUMP DC-2641,2018-12-24 06:49:33-07,JumpDC,pedal-assist-bike,2018-12-24 06:50:00-07,-77.0122983333333,38.9127116666667
JumpDC-bike_18848,JUMP DC-0693,2018-12-24 06:49:33-07,JumpDC,pedal-assist-bike,2018-12-24 06:50:00-07,-77.0196966666667,38.9156433333333
SkipDC-352897091274764,"",2018-12-24 06:49:52-07,SkipDC,electric-scooter,2018-12-24 06:50:00-07,-77.0235214,38.915945
JumpDC-bike_23228,JUMP DC-2537,2018-12-24 06:49:33-07,JumpDC,pedal-assist-bike,2018-12-24 06:50:00-07,-77.02177,38.91678
JumpDC-bike_23478,JUMP DC-2613,2018-12-24 06:49:33-07,JumpDC,pedal-assist-bike,2018-12-24 06:50:00-07,-77.0216716666667,38.9147233333333
JumpDC-bike_23188,JUMP DC-2497,2018-12-24 06:49:33-07,JumpDC,pedal-assist-bike,2018-12-24 06:50:00-07,-77.0214,38.9156016666667
JumpDC-bike_23680,JUMP DC-2715,2018-12-24 06:49:33-07,JumpDC,pedal-assist-bike,2018-12-24 06:50:00-07,-77.02276,38.9156533333333
JumpDC-bike_23479,JUMP DC-2614,2018-12-24 06:49:33-07,JumpDC,pedal-assist-bike,2018-12-24 06:50:00-07,-77.02172,38.9144633333333
JumpDC-bike_23619,JUMP DC-2654,2018-12-24 06:49:33-07,JumpDC,pedal-assist-bike,2018-12-24 06:50:00-07,-77.0122366666667,38.91525
JumpDC-bike_23642,JUMP DC-2677,2018-12-24 06:49:33-07,JumpDC,pedal-assist-bike,2018-12-24 06:50:00-07,-77.0123283333333,38.9155383333333
JumpDC-bike_18849,JUMP DC-0694,2018-12-24 06:49:33-07,JumpDC,pedal-assist-bike,2018-12-24 06:50:00-07,-77.0122666666667,38.9152383333333
JumpDC-bike_18826,JUMP DC-0703,2018-12-24 06:49:33-07,JumpDC,pedal-assist-bike,2018-12-24 06:50:00-07,-77.0122583333333,38.9152216666667
SkipDC-352897091392301,"",2018-12-24 06:49:52-07,SkipDC,electric-scooter,2018-12-24 06:50:00-07,-77.011875,38.91557
SkipDC-352897091294788,"",2018-12-24 06:49:52-07,SkipDC,electric-scooter,2018-12-24 06:50:00-07,-77.010605,38.9148083
JumpDC-bike_23147,JUMP DC-2456,2018-12-24 06:49:33-07,JumpDC,pedal-assist-bike,2018-12-24 06:50:00-07,-77.00473,38.918155
JumpDC-bike_18909,JUMP DC-0788,2018-12-24 06:49:33-07,JumpDC,pedal-assist-bike,2018-12-24 06:50:00-07,-77.0047766666667,38.9183916666667
JumpDC-bike_18871,JUMP DC-0830,2018-12-24 06:49:33-07,JumpDC,pedal-assist-bike,2018-12-24 06:50:00-07,-76.9836133333333,38.9154133333333
JumpDC-bike_23482,JUMP DC-2617,2018-12-24 06:49:33-07,JumpDC,pedal-assist-bike,2018-12-24 06:50:00-07,-76.9851533333333,38.9154433333333
BirdDC-ACA4T,ACA4T,2018-12-24 06:49:48-07,BirdDC,electric-scooter,2018-12-24 06:50:00-07,-77.0721934363964,38.9196209656437
JumpDC-bike_23462,JUMP DC-2597,2018-12-24 06:49:33-07,JumpDC,pedal-assist-bike,2018-12-24 06:50:00-07,-77.0487683333333,38.9231916666667
JumpDC-bike_23466,JUMP DC-2601,2018-12-24 06:49:33-07,JumpDC,pedal-assist-bike,2018-12-24 06:50:00-07,-77.0475016666667,38.9201266666667
BirdDC-Y1TA5,Y1TA5,2018-12-24 06:49:48-07,BirdDC,electric-scooter,2018-12-24 06:50:00-07,-77.0393011,38.9189451
BirdDC-FWYI7,FWYI7,2018-12-24 06:49:48-07,BirdDC,electric-scooter,2018-12-24 06:50:00-07,-77.0392879,38.9189784
JumpDC-bike_23165,JUMP DC-2474,2018-12-24 06:49:33-07,JumpDC,pedal-assist-bike,2018-12-24 06:50:00-07,-77.034155,38.9193916666667
JumpDC-bike_23485,JUMP DC-2620,2018-12-24 06:49:33-07,JumpDC,pedal-assist-bike,2018-12-24 06:50:00-07,-77.0466083333333,38.92999
JumpDC-bike_23617,JUMP DC-2652,2018-12-24 06:49:33-07,JumpDC,pedal-assist-bike,2018-12-24 06:50:00-07,-77.0384666666667,38.9300783333333
JumpDC-bike_23460,JUMP DC-2595,2018-12-24 06:49:33-07,JumpDC,pedal-assist-bike,2018-12-24 06:50:00-07,-77.0319166666667,38.9304116666667
SkipDC-352897091380926,"",2018-12-24 06:49:52-07,SkipDC,electric-scooter,2018-12-24 06:50:00-07,-77.0267603,38.929468
JumpDC-bike_23449,JUMP DC-2584,2018-12-24 06:49:33-07,JumpDC,pedal-assist-bike,2018-12-24 06:50:00-07,-77.0188733333333,38.9304816666667
JumpDC-bike_23191,JUMP DC-2500,2018-12-24 06:49:33-07,JumpDC,pedal-assist-bike,2018-12-24 06:50:00-07,-77.0442333333333,38.9332383333333
JumpDC-bike_18844,JUMP DC-0721,2018-12-24 06:49:33-07,JumpDC,pedal-assist-bike,2018-12-24 06:50:00-07,-77.0340533333333,38.9353716666667
JumpDC-bike_23440,JUMP DC-2575,2018-12-24 06:49:33-07,JumpDC,pedal-assist-bike,2018-12-24 06:50:00-07,-77.0326266666667,38.9330483333333
JumpDC-bike_23691,JUMP DC-2726,2018-12-24 06:49:33-07,JumpDC,pedal-assist-bike,2018-12-24 06:50:00-07,-77.0346833333333,38.9344266666667
JumpDC-bike_18831,JUMP DC-0708,2018-12-24 06:49:33-07,JumpDC,pedal-assist-bike,2018-12-24 06:50:00-07,-77.03265,38.9326283333333
JumpDC-bike_23489,JUMP DC-2624,2018-12-24 06:49:33-07,JumpDC,pedal-assist-bike,2018-12-24 06:50:00-07,-77.0326433333333,38.9350966666667
JumpDC-bike_23439,JUMP DC-2574,2018-12-24 06:49:33-07,JumpDC,pedal-assist-bike,2018-12-24 06:50:00-07,-77.028625,38.9375516666667
JumpDC-bike_23172,JUMP DC-2481,2018-12-24 06:34:33-07,JumpDC,pedal-assist-bike,2018-12-24 06:35:00-07,-77.0175166666667,38.8780833333333
JumpDC-bike_23171,JUMP DC-2480,2018-12-24 06:34:33-07,JumpDC,pedal-assist-bike,2018-12-24 06:35:00-07,-77.017605,38.878085
JumpDC-bike_16498,JUMP DC-0185,2018-12-24 06:34:33-07,JumpDC,pedal-assist-bike,2018-12-24 06:35:00-07,-77.0175066666667,38.87831
JumpDC-bike_23152,JUMP DC-2461,2018-12-24 06:34:33-07,JumpDC,pedal-assist-bike,2018-12-24 06:35:00-07,-77.0073016666667,38.876665
JumpDC-bike_23153,JUMP DC-2462,2018-12-24 06:34:33-07,JumpDC,pedal-assist-bike,2018-12-24 06:35:00-07,-77.000435,38.87491
JumpDC-bike_23660,JUMP DC-2695,2018-12-24 06:34:33-07,JumpDC,pedal-assist-bike,2018-12-24 06:35:00-07,-77.0006033333333,38.8746183333333
JumpDC-bike_23705,JUMP DC-2740,2018-12-24 06:34:33-07,JumpDC,pedal-assist-bike,2018-12-24 06:35:00-07,-77.000645,38.875595
JumpDC-bike_23433,JUMP DC-2568,2018-12-24 06:34:33-07,JumpDC,pedal-assist-bike,2018-12-24 06:35:00-07,-77.00514,38.875915
JumpDC-bike_23167,JUMP DC-2476,2018-12-24 06:34:33-07,JumpDC,pedal-assist-bike,2018-12-24 06:35:00-07,-76.997355,38.8766716666667
JumpDC-bike_18901,JUMP DC-0780,2018-12-24 06:34:33-07,JumpDC,pedal-assist-bike,2018-12-24 06:35:00-07,-76.9808433333333,38.8910866666667
JumpDC-bike_18884,JUMP DC-0843,2018-12-24 06:34:33-07,JumpDC,pedal-assist-bike,2018-12-24 06:35:00-07,-76.9788133333333,38.8878616666667
JumpDC-bike_18824,JUMP DC-0701,2018-12-24 06:34:33-07,JumpDC,pedal-assist-bike,2018-12-24 06:35:00-07,-76.9808066666667,38.89107
BirdDC-96LFD,96LFD,2018-12-24 06:34:48-07,BirdDC,electric-scooter,2018-12-24 06:35:00-07,-76.9563516666667,38.8878166666667
BirdDC-NDGPG,NDGPG,2018-12-24 06:34:48-07,BirdDC,electric-scooter,2018-12-24 06:35:00-07,-76.9563289,38.8880774
JumpDC-bike_18835,JUMP DC-0712,2018-12-24 06:34:33-07,JumpDC,pedal-assist-bike,2018-12-24 06:35:00-07,-76.9261283333333,38.8902716666667
JumpDC-bike_18879,JUMP DC-0838,2018-12-24 06:34:33-07,JumpDC,pedal-assist-bike,2018-12-24 06:35:00-07,-77.0269766666667,38.89482
JumpDC-bike_16624,JUMP DC-0229,2018-12-24 06:34:33-07,JumpDC,pedal-assist-bike,2018-12-24 06:35:00-07,-77.0174,38.9004433333333
JumpDC-bike_18845,JUMP DC-0722,2018-12-24 06:34:33-07,JumpDC,pedal-assist-bike,2018-12-24 06:35:00-07,-77.0041916666667,38.89932
JumpDC-bike_23180,JUMP DC-2489,2018-12-24 06:34:33-07,JumpDC,pedal-assist-bike,2018-12-24 06:35:00-07,-77.004995,38.8968366666667
JumpDC-bike_18841,JUMP DC-0718,2018-12-24 06:34:33-07,JumpDC,pedal-assist-bike,2018-12-24 06:35:00-07,-77.0049583333333,38.8968566666667
JumpDC-bike_23672,JUMP DC-2707,2018-12-24 06:34:33-07,JumpDC,pedal-assist-bike,2018-12-24 06:35:00-07,-77.0050983333333,38.8967883333333
JumpDC-bike_23157,JUMP DC-2466,2018-12-24 06:34:33-07,JumpDC,pedal-assist-bike,2018-12-24 06:35:00-07,-76.996465,38.9001916666667
JumpDC-bike_23500,JUMP DC-2635,2018-12-24 06:34:33-07,JumpDC,pedal-assist-bike,2018-12-24 06:35:00-07,-76.99727,38.900275
JumpDC-bike_23164,JUMP DC-2473,2018-12-24 06:34:33-07,JumpDC,pedal-assist-bike,2018-12-24 06:35:00-07,-76.9863483333333,38.8996383333333
JumpDC-bike_23229,JUMP DC-2538,2018-12-24 06:34:33-07,JumpDC,pedal-assist-bike,2018-12-24 06:35:00-07,-76.9830816666667,38.8996283333333
JumpDC-bike_23697,JUMP DC-2732,2018-12-24 06:34:33-07,JumpDC,pedal-assist-bike,2018-12-24 06:35:00-07,-76.98504,38.898015
JumpDC-bike_23181,JUMP DC-2490,2018-12-24 06:34:33-07,JumpDC,pedal-assist-bike,2018-12-24 06:35:00-07,-76.9831116666667,38.89963
JumpDC-bike_18867,JUMP DC-0826,2018-12-24 06:34:33-07,JumpDC,pedal-assist-bike,2018-12-24 06:35:00-07,-76.9466516666667,38.898735
BirdDC-BXMEM,BXMEM,2018-12-24 06:34:48-07,BirdDC,electric-scooter,2018-12-24 06:35:00-07,-77.05149,38.9038883333333
BirdDC-BY1K8,BY1K8,2018-12-24 06:34:48-07,BirdDC,electric-scooter,2018-12-24 06:35:00-07,-77.0529633333333,38.909615
SkipDC-352897091387343,"",2018-12-24 06:34:52-07,SkipDC,electric-scooter,2018-12-24 06:35:00-07,-77.0479441,38.9072688
SkipDC-352897091311087,"",2018-12-24 06:34:52-07,SkipDC,electric-scooter,2018-12-24 06:35:00-07,-77.0471017,38.9072283
BirdDC-L9PW4,L9PW4,2018-12-24 06:34:48-07,BirdDC,electric-scooter,2018-12-24 06:35:00-07,-77.0513916666667,38.9063383333333
JumpDC-bike_23509,JUMP DC-2644,2018-12-24 06:34:33-07,JumpDC,pedal-assist-bike,2018-12-24 06:35:00-07,-77.04335,38.9078783333333
JumpDC-bike_16530,JUMP DC-0207,2018-12-24 06:34:33-07,JumpDC,pedal-assist-bike,2018-12-24 06:35:00-07,-77.0429883333333,38.90847
JumpDC-bike_23432,JUMP DC-2567,2018-12-24 06:34:33-07,JumpDC,pedal-assist-bike,2018-12-24 06:35:00-07,-77.0454,38.9076016666667
JumpDC-bike_23629,JUMP DC-2664,2018-12-24 06:34:33-07,JumpDC,pedal-assist-bike,2018-12-24 06:35:00-07,-77.0449033333333,38.90814
BirdDC-PNXU6,PNXU6,2018-12-24 06:34:48-07,BirdDC,electric-scooter,2018-12-24 06:35:00-07,-77.0424416666667,38.9071583333333
BirdDC-1JVLQ,1JVLQ,2018-12-24 06:34:48-07,BirdDC,electric-scooter,2018-12-24 06:35:00-07,-77.0431666666667,38.90828
BirdDC-1SQ1P,1SQ1P,2018-12-24 06:34:48-07,BirdDC,electric-scooter,2018-12-24 06:35:00-07,-77.039475,38.90593
JumpDC-bike_23179,JUMP DC-2488,2018-12-24 06:34:33-07,JumpDC,pedal-assist-bike,2018-12-24 06:35:00-07,-77.030975,38.9075383333333
BirdDC-2LLGX,2LLGX,2018-12-24 06:34:48-07,BirdDC,electric-scooter,2018-12-24 06:35:00-07,-77.0343886223408,38.9083464257781
SkipDC-352897091326002,"",2018-12-24 06:34:52-07,SkipDC,electric-scooter,2018-12-24 06:35:00-07,-77.0296393,38.9086092
SkipDC-352897091381320,"",2018-12-24 06:34:52-07,SkipDC,electric-scooter,2018-12-24 06:35:00-07,-77.0301226,38.9094791
SkipDC-352897091391469,"",2018-12-24 06:34:52-07,SkipDC,electric-scooter,2018-12-24 06:35:00-07,-77.0267931,38.9086446
BirdDC-VAC46,VAC46,2018-12-24 06:34:48-07,BirdDC,electric-scooter,2018-12-24 06:35:00-07,-77.0178533333333,38.9083483333333
BirdDC-JPPCE,JPPCE,2018-12-24 06:34:48-07,BirdDC,electric-scooter,2018-12-24 06:35:00-07,-77.0176233333333,38.9056466666667
JumpDC-bike_23713,JUMP DC-2748,2018-12-24 06:34:33-07,JumpDC,pedal-assist-bike,2018-12-24 06:35:00-07,-77.0121316666667,38.9071583333333
JumpDC-bike_23702,JUMP DC-2737,2018-12-24 06:34:33-07,JumpDC,pedal-assist-bike,2018-12-24 06:35:00-07,-77.0125616666667,38.9084783333333
JumpDC-bike_23454,JUMP DC-2589,2018-12-24 06:34:33-07,JumpDC,pedal-assist-bike,2018-12-24 06:35:00-07,-77.0029833333333,38.9054483333333
JumpDC-bike_18912,JUMP DC-0791,2018-12-24 06:34:33-07,JumpDC,pedal-assist-bike,2018-12-24 06:35:00-07,-77.0029983333333,38.9054716666667
JumpDC-bike_23668,JUMP DC-2703,2018-12-24 06:34:33-07,JumpDC,pedal-assist-bike,2018-12-24 06:35:00-07,-77.0030216666667,38.9054883333333
BirdDC-D55IR,D55IR,2018-12-24 06:34:48-07,BirdDC,electric-scooter,2018-12-24 06:35:00-07,-77.0218816666667,38.9110033333333
JumpDC-bike_23169,JUMP DC-2478,2018-12-24 06:34:33-07,JumpDC,pedal-assist-bike,2018-12-24 06:35:00-07,-77.0220433333333,38.9113066666667
JumpDC-bike_23497,JUMP DC-2632,2018-12-24 06:34:33-07,JumpDC,pedal-assist-bike,2018-12-24 06:35:00-07,-77.022035,38.9112866666667
BirdDC-U6K59,U6K59,2018-12-24 06:34:48-07,BirdDC,electric-scooter,2018-12-24 06:35:00-07,-77.021931,38.911129
JumpDC-bike_23506,JUMP DC-2641,2018-12-24 06:34:33-07,JumpDC,pedal-assist-bike,2018-12-24 06:35:00-07,-77.0122983333333,38.9127116666667
BirdDC-71II5,71II5,2018-12-24 06:34:48-07,BirdDC,electric-scooter,2018-12-24 06:35:00-07,-77.01757,38.911145
JumpDC-bike_23643,JUMP DC-2678,2018-12-24 06:34:33-07,JumpDC,pedal-assist-bike,2018-12-24 06:35:00-07,-77.012275,38.9127483333333
JumpDC-bike_18874,JUMP DC-0833,2018-12-24 06:34:33-07,JumpDC,pedal-assist-bike,2018-12-24 06:35:00-07,-77.0122733333333,38.9127266666667
JumpDC-bike_23214,JUMP DC-2523,2018-12-24 06:34:33-07,JumpDC,pedal-assist-bike,2018-12-24 06:35:00-07,-77.0119916666667,38.912745
BirdDC-4E2V9,4E2V9,2018-12-24 06:34:48-07,BirdDC,electric-scooter,2018-12-24 06:35:00-07,-77.0528866666667,38.9163816666667
JumpDC-bike_23155,JUMP DC-2464,2018-12-24 06:34:33-07,JumpDC,pedal-assist-bike,2018-12-24 06:35:00-07,-77.04183,38.91662
JumpDC-bike_23216,JUMP DC-2525,2018-12-24 06:34:33-07,JumpDC,pedal-assist-bike,2018-12-24 06:35:00-07,-77.041745,38.9155116666667
JumpDC-bike_23166,JUMP DC-2475,2018-12-24 06:34:33-07,JumpDC,pedal-assist-bike,2018-12-24 06:35:00-07,-77.0416033333333,38.915515
JumpDC-bike_23232,JUMP DC-2541,2018-12-24 06:34:33-07,JumpDC,pedal-assist-bike,2018-12-24 06:35:00-07,-77.0415483333333,38.9166983333333
BirdDC-1BX55,1BX55,2018-12-24 06:34:48-07,BirdDC,electric-scooter,2018-12-24 06:35:00-07,-77.0392001502065,38.9188453866314
BirdDC-1UI2Z,1UI2Z,2018-12-24 06:34:48-07,BirdDC,electric-scooter,2018-12-24 06:35:00-07,-77.0390466666667,38.9188266666667
BirdDC-XAJMV,XAJMV,2018-12-24 06:34:48-07,BirdDC,electric-scooter,2018-12-24 06:35:00-07,-77.0390083333333,38.918815
BirdDC-VSXD,VSXD,2018-12-24 06:34:48-07,BirdDC,electric-scooter,2018-12-24 06:35:00-07,-77.0392428339245,38.9187512174611
BirdDC-VP73,VP73,2018-12-24 06:34:48-07,BirdDC,electric-scooter,2018-12-24 06:35:00-07,-77.0391862,38.9188162
JumpDC-bike_16488,JUMP DC-0214,2018-12-24 06:34:33-07,JumpDC,pedal-assist-bike,2018-12-24 06:35:00-07,-77.038275,38.91505
JumpDC-bike_18864,JUMP DC-0823,2018-12-24 06:34:33-07,JumpDC,pedal-assist-bike,2018-12-24 06:35:00-07,-77.0377116666667,38.9148433333333
BirdDC-ZQ1PR,ZQ1PR,2018-12-24 06:34:48-07,BirdDC,electric-scooter,2018-12-24 06:35:00-07,-77.0346872731837,38.9154021909161
BirdDC-FLAWV,FLAWV,2018-12-24 06:34:48-07,BirdDC,electric-scooter,2018-12-24 06:35:00-07,-77.0344166666667,38.9177433333333
JumpDC-bike_23710,JUMP DC-2745,2018-12-24 06:34:33-07,JumpDC,pedal-assist-bike,2018-12-24 06:35:00-07,-77.0347066666667,38.916895
JumpDC-bike_23701,JUMP DC-2736,2018-12-24 06:34:33-07,JumpDC,pedal-assist-bike,2018-12-24 06:35:00-07,-77.0341416666667,38.91691
JumpDC-bike_18894,JUMP DC-0773,2018-12-24 06:34:33-07,JumpDC,pedal-assist-bike,2018-12-24 06:35:00-07,-77.0348883333333,38.916915
SkipDC-352897091274764,"",2018-12-24 06:34:52-07,SkipDC,electric-scooter,2018-12-24 06:35:00-07,-77.0238183,38.9164133
JumpDC-bike_23466,JUMP DC-2601,2018-12-24 06:34:33-07,JumpDC,pedal-assist-bike,2018-12-24 06:35:00-07,-77.0475016666667,38.9201266666667
BirdDC-FWYI7,FWYI7,2018-12-24 06:34:48-07,BirdDC,electric-scooter,2018-12-24 06:35:00-07,-77.0392879,38.9189784
BirdDC-Y1TA5,Y1TA5,2018-12-24 06:34:48-07,BirdDC,electric-scooter,2018-12-24 06:35:00-07,-77.0393011,38.9189451
SkipDC-352897091428147,"",2018-12-24 06:34:52-07,SkipDC,electric-scooter,2018-12-24 06:35:00-07,-77.0355133,38.9189483
JumpDC-bike_23162,JUMP DC-2471,2018-12-24 06:34:33-07,JumpDC,pedal-assist-bike,2018-12-24 06:35:00-07,-77.0332366666667,38.9191033333333
JumpDC-bike_23165,JUMP DC-2474,2018-12-24 06:34:33-07,JumpDC,pedal-assist-bike,2018-12-24 06:35:00-07,-77.034155,38.9193916666667
JumpDC-bike_16625,JUMP DC-0230,2018-12-24 06:34:33-07,JumpDC,pedal-assist-bike,2018-12-24 06:35:00-07,-77.0352066666667,38.9223683333333
BirdDC-TGB48,TGB48,2018-12-24 06:34:48-07,BirdDC,electric-scooter,2018-12-24 06:35:00-07,-77.014369,38.920357
JumpDC-bike_23682,JUMP DC-2717,2018-12-24 06:34:33-07,JumpDC,pedal-assist-bike,2018-12-24 06:35:00-07,-77.0173883333333,38.9225883333333
JumpDC-bike_23431,JUMP DC-2566,2018-12-24 06:34:33-07,JumpDC,pedal-assist-bike,2018-12-24 06:35:00-07,-76.9960533333333,38.92014
JumpDC-bike_23669,JUMP DC-2704,2018-12-24 06:34:33-07,JumpDC,pedal-assist-bike,2018-12-24 06:35:00-07,-76.9957933333333,38.9204533333333
JumpDC-bike_23945,JUMP DC-2454,2018-12-24 06:34:33-07,JumpDC,pedal-assist-bike,2018-12-24 06:35:00-07,-76.9621316666667,38.9191783333333
JumpDC-bike_16492,JUMP DC-0179,2018-12-24 06:34:33-07,JumpDC,pedal-assist-bike,2018-12-24 06:35:00-07,-76.9622316666667,38.9190016666667
JumpDC-bike_23626,JUMP DC-2661,2018-12-24 06:34:33-07,JumpDC,pedal-assist-bike,2018-12-24 06:35:00-07,-76.9622116666667,38.9191266666667
JumpDC-bike_23693,JUMP DC-2728,2018-12-24 06:34:33-07,JumpDC,pedal-assist-bike,2018-12-24 06:35:00-07,-76.9621716666667,38.9191166666667
JumpDC-bike_16631,JUMP DC-0222,2018-12-24 06:34:33-07,JumpDC,pedal-assist-bike,2018-12-24 06:35:00-07,-77.04313,38.9278366666667
JumpDC-bike_18911,JUMP DC-0790,2018-12-24 06:34:33-07,JumpDC,pedal-assist-bike,2018-12-24 06:35:00-07,-77.04168,38.9234716666667
JumpDC-bike_23445,JUMP DC-2580,2018-12-24 06:34:33-07,JumpDC,pedal-assist-bike,2018-12-24 06:35:00-07,-77.0321733333333,38.9258633333333
JumpDC-bike_23428,JUMP DC-2563,2018-12-24 06:34:33-07,JumpDC,pedal-assist-bike,2018-12-24 06:35:00-07,-77.0326033333333,38.9254383333333
JumpDC-bike_23457,JUMP DC-2592,2018-12-24 06:34:33-07,JumpDC,pedal-assist-bike,2018-12-24 06:35:00-07,-77.0344216666667,38.926355
JumpDC-bike_16607,JUMP DC-0242,2018-12-24 06:34:33-07,JumpDC,pedal-assist-bike,2018-12-24 06:35:00-07,-77.032605,38.9273516666667
JumpDC-bike_23627,JUMP DC-2662,2018-12-24 06:34:33-07,JumpDC,pedal-assist-bike,2018-12-24 06:35:00-07,-77.030925,38.9248266666667
JumpDC-bike_18820,JUMP DC-0688,2018-12-24 06:49:33-07,JumpDC,pedal-assist-bike,2018-12-24 06:50:00-07,-77.0182583333333,38.8792183333333
JumpDC-bike_23467,JUMP DC-2602,2018-12-24 06:49:33-07,JumpDC,pedal-assist-bike,2018-12-24 06:50:00-07,-76.9852216666667,38.8554716666667
JumpDC-bike_23172,JUMP DC-2481,2018-12-24 06:49:33-07,JumpDC,pedal-assist-bike,2018-12-24 06:50:00-07,-77.0175166666667,38.8780833333333
JumpDC-bike_23171,JUMP DC-2480,2018-12-24 06:49:33-07,JumpDC,pedal-assist-bike,2018-12-24 06:50:00-07,-77.017605,38.878085
JumpDC-bike_16498,JUMP DC-0185,2018-12-24 06:49:33-07,JumpDC,pedal-assist-bike,2018-12-24 06:50:00-07,-77.0175066666667,38.87831
JumpDC-bike_23152,JUMP DC-2461,2018-12-24 06:49:33-07,JumpDC,pedal-assist-bike,2018-12-24 06:50:00-07,-77.0073016666667,38.876665
JumpDC-bike_23153,JUMP DC-2462,2018-12-24 06:49:33-07,JumpDC,pedal-assist-bike,2018-12-24 06:50:00-07,-77.000435,38.87491
JumpDC-bike_23660,JUMP DC-2695,2018-12-24 06:49:33-07,JumpDC,pedal-assist-bike,2018-12-24 06:50:00-07,-77.0006033333333,38.8746183333333
JumpDC-bike_23705,JUMP DC-2740,2018-12-24 06:49:33-07,JumpDC,pedal-assist-bike,2018-12-24 06:50:00-07,-77.000645,38.875595
JumpDC-bike_23433,JUMP DC-2568,2018-12-24 06:49:33-07,JumpDC,pedal-assist-bike,2018-12-24 06:50:00-07,-77.00514,38.875915
JumpDC-bike_23167,JUMP DC-2476,2018-12-24 06:49:33-07,JumpDC,pedal-assist-bike,2018-12-24 06:50:00-07,-76.997355,38.8766716666667
JumpDC-bike_23699,JUMP DC-2734,2018-12-24 06:49:33-07,JumpDC,pedal-assist-bike,2018-12-24 06:50:00-07,-77.02309,38.8788516666667
JumpDC-bike_23666,JUMP DC-2701,2018-12-24 06:49:33-07,JumpDC,pedal-assist-bike,2018-12-24 06:50:00-07,-77.02283,38.8784933333333
BirdDC-8WQY4,8WQY4,2018-12-24 06:49:48-07,BirdDC,electric-scooter,2018-12-24 06:50:00-07,-76.9251866666667,38.8831716666667
SkipDC-352897091387020,"",2018-12-24 06:49:52-07,SkipDC,electric-scooter,2018-12-24 06:50:00-07,-77.0393833,38.8905933
BirdDC-N8EAL,N8EAL,2018-12-24 06:49:48-07,BirdDC,electric-scooter,2018-12-24 06:50:00-07,-77.0333016666667,38.8903466666667
JumpDC-bike_18868,JUMP DC-0827,2018-12-24 06:49:33-07,JumpDC,pedal-assist-bike,2018-12-24 06:50:00-07,-76.9898,38.890355
JumpDC-bike_23201,JUMP DC-2510,2018-12-24 06:49:33-07,JumpDC,pedal-assist-bike,2018-12-24 06:50:00-07,-76.9895333333333,38.89035
JumpDC-bike_23641,JUMP DC-2676,2018-12-24 06:49:33-07,JumpDC,pedal-assist-bike,2018-12-24 06:50:00-07,-76.9846116666667,38.88992
JumpDC-bike_18870,JUMP DC-0829,2018-12-24 06:49:33-07,JumpDC,pedal-assist-bike,2018-12-24 06:50:00-07,-76.9847333333333,38.8898683333333
JumpDC-bike_18901,JUMP DC-0780,2018-12-24 06:49:33-07,JumpDC,pedal-assist-bike,2018-12-24 06:50:00-07,-76.9808433333333,38.8910866666667
JumpDC-bike_18824,JUMP DC-0701,2018-12-24 06:49:33-07,JumpDC,pedal-assist-bike,2018-12-24 06:50:00-07,-76.9808066666667,38.89107
JumpDC-bike_18884,JUMP DC-0843,2018-12-24 06:49:33-07,JumpDC,pedal-assist-bike,2018-12-24 06:50:00-07,-76.9788133333333,38.8878616666667
BirdDC-96LFD,96LFD,2018-12-24 06:49:48-07,BirdDC,electric-scooter,2018-12-24 06:50:00-07,-76.9563516666667,38.8878133333333
BirdDC-NDGPG,NDGPG,2018-12-24 06:49:48-07,BirdDC,electric-scooter,2018-12-24 06:50:00-07,-76.9563289,38.8880774
JumpDC-bike_18835,JUMP DC-0712,2018-12-24 06:49:33-07,JumpDC,pedal-assist-bike,2018-12-24 06:50:00-07,-76.9261283333333,38.8902716666667
JumpDC-bike_23180,JUMP DC-2489,2018-12-24 06:49:33-07,JumpDC,pedal-assist-bike,2018-12-24 06:50:00-07,-77.004995,38.8968366666667
JumpDC-bike_18845,JUMP DC-0722,2018-12-24 06:49:33-07,JumpDC,pedal-assist-bike,2018-12-24 06:50:00-07,-77.0041916666667,38.89932
JumpDC-bike_23500,JUMP DC-2635,2018-12-24 06:49:33-07,JumpDC,pedal-assist-bike,2018-12-24 06:50:00-07,-76.99727,38.900275
JumpDC-bike_23157,JUMP DC-2466,2018-12-24 06:49:33-07,JumpDC,pedal-assist-bike,2018-12-24 06:50:00-07,-76.996465,38.9001916666667
JumpDC-bike_23697,JUMP DC-2732,2018-12-24 06:49:33-07,JumpDC,pedal-assist-bike,2018-12-24 06:50:00-07,-76.98504,38.898015
JumpDC-bike_23181,JUMP DC-2490,2018-12-24 06:49:33-07,JumpDC,pedal-assist-bike,2018-12-24 06:50:00-07,-76.9831116666667,38.89963
JumpDC-bike_23164,JUMP DC-2473,2018-12-24 06:49:33-07,JumpDC,pedal-assist-bike,2018-12-24 06:50:00-07,-76.9863483333333,38.8996383333333
JumpDC-bike_23229,JUMP DC-2538,2018-12-24 06:49:33-07,JumpDC,pedal-assist-bike,2018-12-24 06:50:00-07,-76.9830816666667,38.8996283333333
JumpDC-bike_18867,JUMP DC-0826,2018-12-24 06:49:33-07,JumpDC,pedal-assist-bike,2018-12-24 06:50:00-07,-76.9466516666667,38.898735
BirdDC-BXMEM,BXMEM,2018-12-24 06:49:48-07,BirdDC,electric-scooter,2018-12-24 06:50:00-07,-77.0514683333333,38.903865
JumpDC-bike_23636,JUMP DC-2671,2018-12-24 06:49:33-07,JumpDC,pedal-assist-bike,2018-12-24 06:50:00-07,-77.0505033333333,38.9050266666667
JumpDC-bike_23655,JUMP DC-2690,2018-12-24 06:49:33-07,JumpDC,pedal-assist-bike,2018-12-24 06:50:00-07,-77.05019,38.9053683333333
JumpDC-bike_23231,JUMP DC-2540,2018-12-24 06:49:33-07,JumpDC,pedal-assist-bike,2018-12-24 06:50:00-07,-77.0501366666667,38.9053166666667
JumpDC-bike_23237,JUMP DC-2546,2018-12-24 06:49:33-07,JumpDC,pedal-assist-bike,2018-12-24 06:50:00-07,-77.0415816666667,38.9051866666667
SkipDC-352897091294861,"",2018-12-24 06:49:52-07,SkipDC,electric-scooter,2018-12-24 06:50:00-07,-77.0446184,38.9022074
JumpDC-bike_23509,JUMP DC-2644,2018-12-24 06:49:33-07,JumpDC,pedal-assist-bike,2018-12-24 06:50:00-07,-77.04335,38.9078783333333
JumpDC-bike_16530,JUMP DC-0207,2018-12-24 06:49:33-07,JumpDC,pedal-assist-bike,2018-12-24 06:50:00-07,-77.0429883333333,38.90847
JumpDC-bike_23432,JUMP DC-2567,2018-12-24 06:49:33-07,JumpDC,pedal-assist-bike,2018-12-24 06:50:00-07,-77.0454,38.9076016666667
JumpDC-bike_23629,JUMP DC-2664,2018-12-24 06:49:33-07,JumpDC,pedal-assist-bike,2018-12-24 06:50:00-07,-77.0449033333333,38.90814
BirdDC-1SQ1P,1SQ1P,2018-12-24 06:49:48-07,BirdDC,electric-scooter,2018-12-24 06:50:00-07,-77.03949,38.9059483333333
SkipDC-352897091326002,"",2018-12-24 06:49:52-07,SkipDC,electric-scooter,2018-12-24 06:50:00-07,-77.0296393,38.9086092
SkipDC-352897091381320,"",2018-12-24 06:49:52-07,SkipDC,electric-scooter,2018-12-24 06:50:00-07,-77.0300279,38.9094296
BirdDC-2LLGX,2LLGX,2018-12-24 06:49:48-07,BirdDC,electric-scooter,2018-12-24 06:50:00-07,-77.0343886223408,38.9083464257781
JumpDC-bike_23179,JUMP DC-2488,2018-12-24 06:49:33-07,JumpDC,pedal-assist-bike,2018-12-24 06:50:00-07,-77.030975,38.9075383333333
SkipDC-352897091391469,"",2018-12-24 06:49:52-07,SkipDC,electric-scooter,2018-12-24 06:50:00-07,-77.0268378,38.9087095
BirdDC-123B3,123B3,2018-12-24 06:49:48-07,BirdDC,electric-scooter,2018-12-24 06:50:00-07,-77.0217816666667,38.90783
BirdDC-VAC46,VAC46,2018-12-24 06:49:48-07,BirdDC,electric-scooter,2018-12-24 06:50:00-07,-77.0178533333333,38.9083483333333
BirdDC-JPPCE,JPPCE,2018-12-24 06:49:48-07,BirdDC,electric-scooter,2018-12-24 06:50:00-07,-77.0176166666667,38.9056516666667
JumpDC-bike_23713,JUMP DC-2748,2018-12-24 06:49:33-07,JumpDC,pedal-assist-bike,2018-12-24 06:50:00-07,-77.0121316666667,38.9071583333333
JumpDC-bike_23702,JUMP DC-2737,2018-12-24 06:49:33-07,JumpDC,pedal-assist-bike,2018-12-24 06:50:00-07,-77.0125616666667,38.9084783333333
JumpDC-bike_23668,JUMP DC-2703,2018-12-24 06:49:33-07,JumpDC,pedal-assist-bike,2018-12-24 06:50:00-07,-77.0030216666667,38.9054883333333
JumpDC-bike_23695,JUMP DC-2730,2018-12-24 06:49:33-07,JumpDC,pedal-assist-bike,2018-12-24 06:50:00-07,-77.0030533333333,38.90552
JumpDC-bike_18912,JUMP DC-0791,2018-12-24 06:49:33-07,JumpDC,pedal-assist-bike,2018-12-24 06:50:00-07,-77.0029983333333,38.9054716666667
JumpDC-bike_23454,JUMP DC-2589,2018-12-24 06:49:33-07,JumpDC,pedal-assist-bike,2018-12-24 06:50:00-07,-77.0029833333333,38.9054483333333
JumpDC-bike_23215,JUMP DC-2524,2018-12-24 06:49:33-07,JumpDC,pedal-assist-bike,2018-12-24 06:50:00-07,-76.9971833333333,38.9082133333333
JumpDC-bike_23684,JUMP DC-2719,2018-12-24 06:49:33-07,JumpDC,pedal-assist-bike,2018-12-24 06:50:00-07,-76.997225,38.908165
JumpDC-bike_23674,JUMP DC-2709,2018-12-24 06:49:33-07,JumpDC,pedal-assist-bike,2018-12-24 06:50:00-07,-76.9972066666667,38.9081416666667
BirdDC-BMQP8,BMQP8,2018-12-24 06:49:48-07,BirdDC,electric-scooter,2018-12-24 06:50:00-07,-76.985535,38.9064866666667
JumpDC-bike_23700,JUMP DC-2735,2018-12-24 06:49:33-07,JumpDC,pedal-assist-bike,2018-12-24 06:50:00-07,-76.95255,38.9058733333333
BirdDC-71II5,71II5,2018-12-24 06:49:48-07,BirdDC,electric-scooter,2018-12-24 06:50:00-07,-77.01757,38.911145
JumpDC-bike_23643,JUMP DC-2678,2018-12-24 06:49:33-07,JumpDC,pedal-assist-bike,2018-12-24 06:50:00-07,-77.012275,38.9127483333333
BirdDC-4E2V9,4E2V9,2018-12-24 06:49:48-07,BirdDC,electric-scooter,2018-12-24 06:50:00-07,-77.0528866666667,38.9163816666667
JumpDC-bike_23155,JUMP DC-2464,2018-12-24 06:49:33-07,JumpDC,pedal-assist-bike,2018-12-24 06:50:00-07,-77.04183,38.91662
JumpDC-bike_23216,JUMP DC-2525,2018-12-24 06:49:33-07,JumpDC,pedal-assist-bike,2018-12-24 06:50:00-07,-77.041745,38.9155116666667
JumpDC-bike_23166,JUMP DC-2475,2018-12-24 06:49:33-07,JumpDC,pedal-assist-bike,2018-12-24 06:50:00-07,-77.0416033333333,38.915515
JumpDC-bike_23232,JUMP DC-2541,2018-12-24 06:49:33-07,JumpDC,pedal-assist-bike,2018-12-24 06:50:00-07,-77.0415483333333,38.9166983333333
BirdDC-1UI2Z,1UI2Z,2018-12-24 06:49:48-07,BirdDC,electric-scooter,2018-12-24 06:50:00-07,-77.0390466666667,38.9188266666667
JumpDC-bike_16488,JUMP DC-0214,2018-12-24 06:49:33-07,JumpDC,pedal-assist-bike,2018-12-24 06:50:00-07,-77.038275,38.91505
BirdDC-XAJMV,XAJMV,2018-12-24 06:49:48-07,BirdDC,electric-scooter,2018-12-24 06:50:00-07,-77.0390083333333,38.918815
BirdDC-TCQIS,TCQIS,2018-12-24 06:49:48-07,BirdDC,electric-scooter,2018-12-24 06:50:00-07,-77.0365200728594,38.9157213312693
BirdDC-VSXD,VSXD,2018-12-24 06:49:48-07,BirdDC,electric-scooter,2018-12-24 06:50:00-07,-77.0392428339245,38.9187512174611
BirdDC-1BX55,1BX55,2018-12-24 06:49:48-07,BirdDC,electric-scooter,2018-12-24 06:50:00-07,-77.0392001502065,38.9188453866314
BirdDC-VP73,VP73,2018-12-24 06:49:48-07,BirdDC,electric-scooter,2018-12-24 06:50:00-07,-77.0391862,38.9188162
JumpDC-bike_18864,JUMP DC-0823,2018-12-24 06:49:33-07,JumpDC,pedal-assist-bike,2018-12-24 06:50:00-07,-77.0377116666667,38.9148433333333
SkipDC-352897091428147,"",2018-12-24 06:49:52-07,SkipDC,electric-scooter,2018-12-24 06:50:00-07,-77.0354967,38.9188617
JumpDC-bike_23710,JUMP DC-2745,2018-12-24 06:49:33-07,JumpDC,pedal-assist-bike,2018-12-24 06:50:00-07,-77.0347066666667,38.916895
JumpDC-bike_23701,JUMP DC-2736,2018-12-24 06:49:33-07,JumpDC,pedal-assist-bike,2018-12-24 06:50:00-07,-77.0341416666667,38.91691
JumpDC-bike_18894,JUMP DC-0773,2018-12-24 06:49:33-07,JumpDC,pedal-assist-bike,2018-12-24 06:50:00-07,-77.0348883333333,38.916915
BirdDC-ZQ1PR,ZQ1PR,2018-12-24 06:49:48-07,BirdDC,electric-scooter,2018-12-24 06:50:00-07,-77.0346872731837,38.9154021909161
BirdDC-FLAWV,FLAWV,2018-12-24 06:49:48-07,BirdDC,electric-scooter,2018-12-24 06:50:00-07,-77.0344233333333,38.9177516666667
JumpDC-bike_18860,JUMP DC-0819,2018-12-24 06:49:33-07,JumpDC,pedal-assist-bike,2018-12-24 06:50:00-07,-77.025365,38.91487
SkipDC-352897091294283,"",2018-12-24 06:49:52-07,SkipDC,electric-scooter,2018-12-24 06:50:00-07,-77.0270017,38.918505
BirdDC-BAJZW,BAJZW,2018-12-24 06:49:48-07,BirdDC,electric-scooter,2018-12-24 06:50:00-07,-77.0249783333333,38.91484
JumpDC-bike_23175,JUMP DC-2484,2018-12-24 06:49:33-07,JumpDC,pedal-assist-bike,2018-12-24 06:50:00-07,-77.02874,38.9170316666667
JumpDC-bike_23414,JUMP DC-2549,2018-12-24 06:49:33-07,JumpDC,pedal-assist-bike,2018-12-24 06:50:00-07,-77.0269816666667,38.9175533333333
JumpDC-bike_16523,JUMP DC-0167,2018-12-24 06:49:33-07,JumpDC,pedal-assist-bike,2018-12-24 06:50:00-07,-77.028475,38.916915
JumpDC-bike_18928,JUMP DC-0807,2018-12-24 06:49:33-07,JumpDC,pedal-assist-bike,2018-12-24 06:50:00-07,-77.0218133333333,38.914785
JumpDC-bike_16625,JUMP DC-0230,2018-12-24 06:49:33-07,JumpDC,pedal-assist-bike,2018-12-24 06:50:00-07,-77.0352066666667,38.9223683333333
BirdDC-TGB48,TGB48,2018-12-24 06:49:48-07,BirdDC,electric-scooter,2018-12-24 06:50:00-07,-77.014381,38.920291
JumpDC-bike_23682,JUMP DC-2717,2018-12-24 06:49:33-07,JumpDC,pedal-assist-bike,2018-12-24 06:50:00-07,-77.0173883333333,38.9225883333333
JumpDC-bike_23431,JUMP DC-2566,2018-12-24 06:49:33-07,JumpDC,pedal-assist-bike,2018-12-24 06:50:00-07,-76.9960533333333,38.92014
JumpDC-bike_23669,JUMP DC-2704,2018-12-24 06:49:33-07,JumpDC,pedal-assist-bike,2018-12-24 06:50:00-07,-76.9957933333333,38.9204533333333
JumpDC-bike_23945,JUMP DC-2454,2018-12-24 06:49:33-07,JumpDC,pedal-assist-bike,2018-12-24 06:50:00-07,-76.9621316666667,38.9191783333333
JumpDC-bike_16492,JUMP DC-0179,2018-12-24 06:49:33-07,JumpDC,pedal-assist-bike,2018-12-24 06:50:00-07,-76.9622316666667,38.9190016666667
JumpDC-bike_23626,JUMP DC-2661,2018-12-24 06:49:33-07,JumpDC,pedal-assist-bike,2018-12-24 06:50:00-07,-76.9622116666667,38.9191266666667
JumpDC-bike_23693,JUMP DC-2728,2018-12-24 06:49:33-07,JumpDC,pedal-assist-bike,2018-12-24 06:50:00-07,-76.9621716666667,38.9191166666667
JumpDC-bike_16631,JUMP DC-0222,2018-12-24 06:49:33-07,JumpDC,pedal-assist-bike,2018-12-24 06:50:00-07,-77.04313,38.9278366666667
JumpDC-bike_18911,JUMP DC-0790,2018-12-24 06:49:33-07,JumpDC,pedal-assist-bike,2018-12-24 06:50:00-07,-77.04168,38.9234716666667
JumpDC-bike_23445,JUMP DC-2580,2018-12-24 06:49:33-07,JumpDC,pedal-assist-bike,2018-12-24 06:50:00-07,-77.0321733333333,38.9258633333333
JumpDC-bike_23428,JUMP DC-2563,2018-12-24 06:49:33-07,JumpDC,pedal-assist-bike,2018-12-24 06:50:00-07,-77.0326033333333,38.9254383333333
JumpDC-bike_23457,JUMP DC-2592,2018-12-24 06:49:33-07,JumpDC,pedal-assist-bike,2018-12-24 06:50:00-07,-77.0344216666667,38.926355
JumpDC-bike_16607,JUMP DC-0242,2018-12-24 06:49:33-07,JumpDC,pedal-assist-bike,2018-12-24 06:50:00-07,-77.032605,38.9273516666667
JumpDC-bike_23627,JUMP DC-2662,2018-12-24 06:49:33-07,JumpDC,pedal-assist-bike,2018-12-24 06:50:00-07,-77.030925,38.9248266666667
JumpDC-bike_23616,JUMP DC-2651,2018-12-24 06:49:33-07,JumpDC,pedal-assist-bike,2018-12-24 06:50:00-07,-77.0262966666667,38.9252983333333
JumpDC-bike_23630,JUMP DC-2665,2018-12-24 06:49:33-07,JumpDC,pedal-assist-bike,2018-12-24 06:50:00-07,-76.9713466666667,38.92422
JumpDC-bike_23677,JUMP DC-2712,2018-12-24 06:04:33-07,JumpDC,pedal-assist-bike,2018-12-24 06:05:00-07,-76.9950266666667,38.884985
JumpDC-bike_18840,JUMP DC-0846,2018-12-24 06:04:33-07,JumpDC,pedal-assist-bike,2018-12-24 06:05:00-07,-76.99594,38.884385
JumpDC-bike_16623,JUMP DC-0231,2018-12-24 06:04:33-07,JumpDC,pedal-assist-bike,2018-12-24 06:05:00-07,-76.9950766666667,38.8835166666667
BirdDC-8WQY4,8WQY4,2018-12-24 06:05:17-07,BirdDC,electric-scooter,2018-12-24 06:05:00-07,-76.9251866666667,38.883125
JumpDC-bike_23500,JUMP DC-2635,2018-12-24 06:04:33-07,JumpDC,pedal-assist-bike,2018-12-24 06:05:00-07,-76.99727,38.900275
JumpDC-bike_23634,JUMP DC-2669,2018-12-31 06:04:50-07,JumpDC,pedal-assist-bike,2018-12-31 06:05:00-07,-76.9956933333333,38.88607
JumpDC-bike_23212,JUMP DC-2521,2018-12-31 06:04:50-07,JumpDC,pedal-assist-bike,2018-12-31 06:05:00-07,-76.9955183333333,38.8623883333333
JumpDC-bike_23642,JUMP DC-2677,2018-12-31 06:04:50-07,JumpDC,pedal-assist-bike,2018-12-31 06:05:00-07,-77.0177466666667,38.8771516666667
JumpDC-bike_18919,JUMP DC-0798,2018-12-31 06:04:50-07,JumpDC,pedal-assist-bike,2018-12-31 06:05:00-07,-77.0176566666667,38.8771133333333
JumpDC-bike_23199,JUMP DC-2508,2018-12-31 06:04:50-07,JumpDC,pedal-assist-bike,2018-12-31 06:05:00-07,-77.0176716666667,38.8772133333333
BirdDC-QKDF5,QKDF5,2018-12-31 06:05:05-07,BirdDC,electric-scooter,2018-12-31 06:05:00-07,-77.0115234,38.8765727
JumpDC-bike_18924,JUMP DC-0803,2018-12-31 06:04:50-07,JumpDC,pedal-assist-bike,2018-12-31 06:05:00-07,-77.00073,38.8749283333333
JumpDC-bike_23667,JUMP DC-2702,2018-12-31 06:04:50-07,JumpDC,pedal-assist-bike,2018-12-31 06:05:00-07,-77.0005683333333,38.8749516666667
JumpDC-bike_16505,JUMP DC-0191,2018-12-31 06:04:50-07,JumpDC,pedal-assist-bike,2018-12-31 06:05:00-07,-77.0003933333333,38.87496
JumpDC-bike_23160,JUMP DC-2469,2018-12-31 06:04:50-07,JumpDC,pedal-assist-bike,2018-12-31 06:05:00-07,-77.0005466666667,38.8748633333333
JumpDC-bike_18865,JUMP DC-0824,2018-12-31 06:04:50-07,JumpDC,pedal-assist-bike,2018-12-31 06:05:00-07,-77.000655,38.8748316666667
JumpDC-bike_23639,JUMP DC-2674,2018-12-31 06:04:50-07,JumpDC,pedal-assist-bike,2018-12-31 06:05:00-07,-77.00072,38.874935
JumpDC-bike_23638,JUMP DC-2673,2018-12-31 06:04:50-07,JumpDC,pedal-assist-bike,2018-12-31 06:05:00-07,-76.9477916666667,38.888865
JumpDC-bike_16615,JUMP DC-0250,2018-12-31 06:04:50-07,JumpDC,pedal-assist-bike,2018-12-31 06:05:00-07,-76.9477166666667,38.8888633333333
JumpDC-bike_23480,JUMP DC-2615,2018-12-31 06:04:50-07,JumpDC,pedal-assist-bike,2018-12-31 06:05:00-07,-76.9445783333333,38.8896833333333
BirdDC-BKIHT,BKIHT,2018-12-31 06:05:05-07,BirdDC,electric-scooter,2018-12-31 06:05:00-07,-77.054435,38.8960266666667
JumpDC-bike_23637,JUMP DC-2672,2018-12-31 06:04:50-07,JumpDC,pedal-assist-bike,2018-12-31 06:05:00-07,-77.0466833333333,38.8926233333333
JumpDC-bike_23149,JUMP DC-2458,2018-12-31 06:04:50-07,JumpDC,pedal-assist-bike,2018-12-31 06:05:00-07,-76.9957566666667,38.88468
JumpDC-bike_23673,JUMP DC-2708,2018-12-31 06:04:50-07,JumpDC,pedal-assist-bike,2018-12-31 06:05:00-07,-77.00381,38.8463316666667
JumpDC-bike_18933,JUMP DC-0812,2018-12-31 06:04:50-07,JumpDC,pedal-assist-bike,2018-12-31 06:05:00-07,-77.0373883333333,38.8799733333333
SkipDC-352897091381247,"",2018-12-31 06:05:20-07,SkipDC,electric-scooter,2018-12-31 06:05:00-07,-77.0353817,38.8800117
JumpDC-bike_18849,JUMP DC-0694,2018-12-31 06:04:50-07,JumpDC,pedal-assist-bike,2018-12-31 06:05:00-07,-77.0285366666667,38.8800316666667
JumpDC-bike_18820,JUMP DC-0688,2018-12-31 06:04:50-07,JumpDC,pedal-assist-bike,2018-12-31 06:05:00-07,-76.9950766666667,38.882805
JumpDC-bike_18836,JUMP DC-0713,2018-12-31 06:04:50-07,JumpDC,pedal-assist-bike,2018-12-31 06:05:00-07,-76.9948833333333,38.88288
JumpDC-bike_23180,JUMP DC-2489,2018-12-31 06:04:50-07,JumpDC,pedal-assist-bike,2018-12-31 06:05:00-07,-77.0460966666667,38.8838066666667
SkipDC-352897091310543,"",2018-12-31 06:05:20-07,SkipDC,electric-scooter,2018-12-31 06:05:00-07,-77.0048717,38.8839817
JumpDC-bike_23630,JUMP DC-2665,2018-12-31 06:04:50-07,JumpDC,pedal-assist-bike,2018-12-31 06:05:00-07,-76.996595,38.88617
JumpDC-bike_23164,JUMP DC-2473,2018-12-31 06:04:50-07,JumpDC,pedal-assist-bike,2018-12-31 06:05:00-07,-76.99617,38.884255
JumpDC-bike_23648,JUMP DC-2683,2018-12-31 06:04:50-07,JumpDC,pedal-assist-bike,2018-12-31 06:05:00-07,-76.99597,38.8842983333333
JumpDC-bike_23203,JUMP DC-2512,2018-12-31 06:04:50-07,JumpDC,pedal-assist-bike,2018-12-31 06:05:00-07,-76.9962233333333,38.883645
JumpDC-bike_18828,JUMP DC-0705,2018-12-31 06:04:50-07,JumpDC,pedal-assist-bike,2018-12-31 06:05:00-07,-76.9948816666667,38.8828916666667
JumpDC-bike_16516,JUMP DC-0174,2018-12-31 06:04:50-07,JumpDC,pedal-assist-bike,2018-12-31 06:05:00-07,-76.9961783333333,38.884145
JumpDC-bike_18858,JUMP DC-0817,2018-12-31 06:04:50-07,JumpDC,pedal-assist-bike,2018-12-31 06:05:00-07,-76.990335,38.8858916666667
BirdDC-7FWC3,7FWC3,2018-12-31 06:05:05-07,BirdDC,electric-scooter,2018-12-31 06:05:00-07,-76.9539033333333,38.885715
BirdDC-U6K59,U6K59,2018-12-31 06:05:05-07,BirdDC,electric-scooter,2018-12-31 06:05:00-07,-76.953875,38.885747
JumpDC-bike_23459,JUMP DC-2594,2018-12-31 06:04:50-07,JumpDC,pedal-assist-bike,2018-12-31 06:05:00-07,-76.98953,38.8890583333333
JumpDC-bike_23461,JUMP DC-2596,2018-12-31 06:04:50-07,JumpDC,pedal-assist-bike,2018-12-31 06:05:00-07,-76.9914483333333,38.889615
JumpDC-bike_23629,JUMP DC-2664,2018-12-31 06:04:50-07,JumpDC,pedal-assist-bike,2018-12-31 06:05:00-07,-76.9894133333333,38.88916
BirdDC-I2Z5H,I2Z5H,2018-12-31 06:05:05-07,BirdDC,electric-scooter,2018-12-31 06:05:00-07,-76.9564366666667,38.88784
JumpDC-bike_23419,JUMP DC-2554,2018-12-31 06:04:50-07,JumpDC,pedal-assist-bike,2018-12-31 06:05:00-07,-76.99822,38.8960983333333
JumpDC-bike_23466,JUMP DC-2601,2018-12-31 06:04:50-07,JumpDC,pedal-assist-bike,2018-12-31 06:05:00-07,-76.9950233333333,38.8958683333333
JumpDC-bike_18823,JUMP DC-0700,2018-12-31 06:04:50-07,JumpDC,pedal-assist-bike,2018-12-31 06:05:00-07,-76.9844916666667,38.89237
SkipDC-352897091381726,"",2018-12-31 06:05:20-07,SkipDC,electric-scooter,2018-12-31 06:05:00-07,-77.02951,38.897745
JumpDC-bike_23196,JUMP DC-2505,2018-12-31 06:04:50-07,JumpDC,pedal-assist-bike,2018-12-31 06:05:00-07,-77.0118883333333,38.9002083333333
BirdDC-Z9MB8,Z9MB8,2018-12-31 06:05:05-07,BirdDC,electric-scooter,2018-12-31 06:05:00-07,-77.0631333333333,38.9023933333333
BirdDC-5WLG1,5WLG1,2018-12-31 06:05:05-07,BirdDC,electric-scooter,2018-12-31 06:05:00-07,-77.05999,38.9028016666667
BirdDC-E8EEB,E8EEB,2018-12-31 06:05:05-07,BirdDC,electric-scooter,2018-12-31 06:05:00-07,-77.0549616666667,38.9040866666667
JumpDC-bike_23706,JUMP DC-2741,2018-12-31 06:04:50-07,JumpDC,pedal-assist-bike,2018-12-31 06:05:00-07,-77.0483116666667,38.9051116666667
JumpDC-bike_17237,JUMP DC-0239,2018-12-31 06:04:50-07,JumpDC,pedal-assist-bike,2018-12-31 06:05:00-07,-77.0350266666667,38.90243
BirdDC-ECAKK,ECAKK,2018-12-31 06:05:05-07,BirdDC,electric-scooter,2018-12-31 06:05:00-07,-77.0270880684974,38.901141760907
JumpDC-bike_23672,JUMP DC-2707,2018-12-31 06:04:50-07,JumpDC,pedal-assist-bike,2018-12-31 06:05:00-07,-76.9989116666667,38.9024483333333
JumpDC-bike_23636,JUMP DC-2671,2018-12-31 06:04:50-07,JumpDC,pedal-assist-bike,2018-12-31 06:05:00-07,-76.9986366666667,38.9024666666667
JumpDC-bike_23702,JUMP DC-2737,2018-12-31 06:04:50-07,JumpDC,pedal-assist-bike,2018-12-31 06:05:00-07,-76.9890916666667,38.904665
JumpDC-bike_23691,JUMP DC-2726,2018-12-31 06:04:50-07,JumpDC,pedal-assist-bike,2018-12-31 06:05:00-07,-76.9836966666667,38.904125
JumpDC-bike_23228,JUMP DC-2537,2018-12-31 06:04:50-07,JumpDC,pedal-assist-bike,2018-12-31 06:05:00-07,-76.9840183333333,38.903845
JumpDC-bike_23140,JUMP DC-2449,2018-12-31 06:04:50-07,JumpDC,pedal-assist-bike,2018-12-31 06:05:00-07,-76.9860466666667,38.905195
JumpDC-bike_23662,JUMP DC-2697,2018-12-31 06:04:50-07,JumpDC,pedal-assist-bike,2018-12-31 06:05:00-07,-76.9783483333333,38.9043583333333
BirdDC-X7QG5,X7QG5,2018-12-31 06:05:05-07,BirdDC,electric-scooter,2018-12-31 06:05:00-07,-76.9815289,38.9040998
JumpDC-bike_23230,JUMP DC-2539 ,2018-12-31 06:04:50-07,JumpDC,pedal-assist-bike,2018-12-31 06:05:00-07,-76.9763233333333,38.90114
BirdDC-SBKSS,SBKSS,2018-12-31 06:05:05-07,BirdDC,electric-scooter,2018-12-31 06:05:00-07,-76.9746933333333,38.9045866666667
BirdDC-FST6Z,FST6Z,2018-12-31 06:05:05-07,BirdDC,electric-scooter,2018-12-31 06:05:00-07,-77.065185,38.9055016666667
SkipDC-352897091274020,"",2018-12-31 06:05:20-07,SkipDC,electric-scooter,2018-12-31 06:05:00-07,-77.0487683,38.9071117
BirdDC-86QVL,86QVL,2018-12-31 06:05:05-07,BirdDC,electric-scooter,2018-12-31 06:05:00-07,-77.0467066666667,38.9096366666667
JumpDC-bike_18824,JUMP DC-0701,2018-12-31 06:04:50-07,JumpDC,pedal-assist-bike,2018-12-31 06:05:00-07,-77.0294783333333,38.906055
JumpDC-bike_23188,JUMP DC-2497,2018-12-31 06:04:50-07,JumpDC,pedal-assist-bike,2018-12-31 06:05:00-07,-77.0239716666667,38.9079833333333
JumpDC-bike_23669,JUMP DC-2704,2018-12-31 06:04:50-07,JumpDC,pedal-assist-bike,2018-12-31 06:05:00-07,-77.015695,38.9056833333333
JumpDC-bike_23433,JUMP DC-2568,2018-12-31 06:04:50-07,JumpDC,pedal-assist-bike,2018-12-31 06:05:00-07,-76.9980833333333,38.9056866666667
JumpDC-bike_23485,JUMP DC-2620,2018-12-31 06:04:50-07,JumpDC,pedal-assist-bike,2018-12-31 06:05:00-07,-76.9828466666667,38.9061216666667
JumpDC-bike_23497,JUMP DC-2632,2018-12-31 06:04:50-07,JumpDC,pedal-assist-bike,2018-12-31 06:05:00-07,-76.9344033333333,38.9084816666667
JumpDC-bike_23617,JUMP DC-2652,2018-12-31 06:04:50-07,JumpDC,pedal-assist-bike,2018-12-31 06:05:00-07,-76.9343883333333,38.908495
JumpDC-bike_23166,JUMP DC-2475,2018-12-31 06:04:50-07,JumpDC,pedal-assist-bike,2018-12-31 06:05:00-07,-76.93444,38.9084833333333
BirdDC-XAJMV,XAJMV,2018-12-31 06:05:05-07,BirdDC,electric-scooter,2018-12-31 06:05:00-07,-77.0390083333333,38.918815
BirdDC-VP73,VP73,2018-12-31 06:05:05-07,BirdDC,electric-scooter,2018-12-31 06:05:00-07,-77.0391862,38.9188162
BirdDC-CS68G,CS68G,2018-12-31 06:05:05-07,BirdDC,electric-scooter,2018-12-31 06:05:00-07,-77.0394000491291,38.91880622077
BirdDC-62K56,62K56,2018-12-31 06:05:05-07,BirdDC,electric-scooter,2018-12-31 06:05:00-07,-77.0392325241836,38.9188704081242
JumpDC-bike_23232,JUMP DC-2541,2018-12-31 06:04:50-07,JumpDC,pedal-assist-bike,2018-12-31 06:05:00-07,-77.0126183333333,38.915685
JumpDC-bike_23469,JUMP DC-2604,2018-12-31 06:04:50-07,JumpDC,pedal-assist-bike,2018-12-31 06:05:00-07,-77.011455,38.9150916666667
JumpDC-bike_23701,JUMP DC-2736,2018-12-31 06:04:50-07,JumpDC,pedal-assist-bike,2018-12-31 06:05:00-07,-76.9837316666667,38.9150383333333
JumpDC-bike_18927,JUMP DC-0806,2018-12-31 06:04:50-07,JumpDC,pedal-assist-bike,2018-12-31 06:05:00-07,-76.9716533333333,38.9180566666667
JumpDC-bike_23482,JUMP DC-2617,2018-12-31 06:04:50-07,JumpDC,pedal-assist-bike,2018-12-31 06:05:00-07,-77.04204,38.92074
BirdDC-Y1TA5,Y1TA5,2018-12-31 06:05:05-07,BirdDC,electric-scooter,2018-12-31 06:05:00-07,-77.0393011,38.9189451
BirdDC-FWYI7,FWYI7,2018-12-31 06:05:05-07,BirdDC,electric-scooter,2018-12-31 06:05:00-07,-77.0392879,38.9189784
JumpDC-bike_23626,JUMP DC-2661,2018-12-31 06:04:50-07,JumpDC,pedal-assist-bike,2018-12-31 06:05:00-07,-77.0371683333333,38.9204166666667
JumpDC-bike_18835,JUMP DC-0712,2018-12-31 06:04:50-07,JumpDC,pedal-assist-bike,2018-12-31 06:05:00-07,-77.0318466666667,38.9201233333333
BirdDC-8WMXD,8WMXD,2018-12-31 06:05:05-07,BirdDC,electric-scooter,2018-12-31 06:05:00-07,-77.0329816666667,38.9192583333333
JumpDC-bike_18831,JUMP DC-0708,2018-12-31 06:04:50-07,JumpDC,pedal-assist-bike,2018-12-31 06:05:00-07,-76.9978116666667,38.920105
BirdDC-C9RFT,C9RFT,2018-12-31 06:05:05-07,BirdDC,electric-scooter,2018-12-31 06:05:00-07,-76.9999705,38.9211654
JumpDC-bike_18839,JUMP DC-0716,2018-12-31 06:04:50-07,JumpDC,pedal-assist-bike,2018-12-31 06:05:00-07,-76.9621366666667,38.9190066666667
JumpDC-bike_23700,JUMP DC-2735,2018-12-31 06:04:50-07,JumpDC,pedal-assist-bike,2018-12-31 06:05:00-07,-76.96214,38.9191566666667
JumpDC-bike_23945,JUMP DC-2454,2018-12-31 06:04:50-07,JumpDC,pedal-assist-bike,2018-12-31 06:05:00-07,-76.9621316666667,38.9191783333333
JumpDC-bike_23693,JUMP DC-2728,2018-12-31 06:04:50-07,JumpDC,pedal-assist-bike,2018-12-31 06:05:00-07,-76.96217,38.91907
JumpDC-bike_23458,JUMP DC-2593,2018-12-31 06:04:50-07,JumpDC,pedal-assist-bike,2018-12-31 06:05:00-07,-76.9605333333333,38.9229383333333
JumpDC-bike_23707,JUMP DC-2742,2018-12-31 06:04:50-07,JumpDC,pedal-assist-bike,2018-12-31 06:05:00-07,-76.9621416666667,38.9190633333333
JumpDC-bike_23677,JUMP DC-2712,2018-12-31 06:04:50-07,JumpDC,pedal-assist-bike,2018-12-31 06:05:00-07,-77.041255,38.9236633333333
JumpDC-bike_23471,JUMP DC-2606,2018-12-31 06:04:50-07,JumpDC,pedal-assist-bike,2018-12-31 06:05:00-07,-77.0363283333333,38.927435
SkipDC-352897091391287,"",2018-12-31 06:05:20-07,SkipDC,electric-scooter,2018-12-31 06:05:00-07,-77.0368364,38.9241838
JumpDC-bike_23680,JUMP DC-2715,2018-12-31 06:04:50-07,JumpDC,pedal-assist-bike,2018-12-31 06:05:00-07,-77.0554516666667,38.9300683333333
JumpDC-bike_23220,JUMP DC-2529,2018-12-31 06:04:50-07,JumpDC,pedal-assist-bike,2018-12-31 06:05:00-07,-77.055145,38.9294733333333
JumpDC-bike_16514,JUMP DC-0202,2018-12-31 06:04:50-07,JumpDC,pedal-assist-bike,2018-12-31 06:05:00-07,-77.0385483333333,38.931305
JumpDC-bike_18878,JUMP DC-0837,2018-12-31 06:04:50-07,JumpDC,pedal-assist-bike,2018-12-31 06:05:00-07,-77.02084,38.9490933333333
JumpDC-bike_23682,JUMP DC-2717,2018-12-31 06:04:50-07,JumpDC,pedal-assist-bike,2018-12-31 06:05:00-07,-76.986965,38.94941
JumpDC-bike_23202,JUMP DC-2511,2018-12-31 06:04:50-07,JumpDC,pedal-assist-bike,2018-12-31 06:05:00-07,-77.0143666666667,38.9511066666667
JumpDC-bike_23185,JUMP DC-2494,2018-12-31 06:04:50-07,JumpDC,pedal-assist-bike,2018-12-31 06:05:00-07,-77.032555,38.96162
JumpDC-bike_23213,JUMP DC-2522,2018-12-31 06:04:50-07,JumpDC,pedal-assist-bike,2018-12-31 06:05:00-07,-77.0336666666667,38.9899833333333
JumpDC-bike_23673,JUMP DC-2708,2018-12-31 06:19:50-07,JumpDC,pedal-assist-bike,2018-12-31 06:20:00-07,-77.00381,38.8463316666667
JumpDC-bike_23160,JUMP DC-2469,2018-12-31 06:19:50-07,JumpDC,pedal-assist-bike,2018-12-31 06:20:00-07,-77.0005466666667,38.8748633333333
JumpDC-bike_18924,JUMP DC-0803,2018-12-31 06:19:50-07,JumpDC,pedal-assist-bike,2018-12-31 06:20:00-07,-77.00073,38.8749283333333
JumpDC-bike_23667,JUMP DC-2702,2018-12-31 06:19:50-07,JumpDC,pedal-assist-bike,2018-12-31 06:20:00-07,-77.0005683333333,38.8749516666667
JumpDC-bike_16505,JUMP DC-0191,2018-12-31 06:19:50-07,JumpDC,pedal-assist-bike,2018-12-31 06:20:00-07,-77.0003933333333,38.87496
JumpDC-bike_18865,JUMP DC-0824,2018-12-31 06:19:50-07,JumpDC,pedal-assist-bike,2018-12-31 06:20:00-07,-77.000655,38.8748316666667
JumpDC-bike_23639,JUMP DC-2674,2018-12-31 06:19:50-07,JumpDC,pedal-assist-bike,2018-12-31 06:20:00-07,-77.00072,38.874935
SkipDC-352897091381247,"",2018-12-31 06:20:20-07,SkipDC,electric-scooter,2018-12-31 06:20:00-07,-77.0353817,38.8800117
JumpDC-bike_18933,JUMP DC-0812,2018-12-31 06:19:50-07,JumpDC,pedal-assist-bike,2018-12-31 06:20:00-07,-77.0373883333333,38.8799733333333
JumpDC-bike_18849,JUMP DC-0694,2018-12-31 06:19:50-07,JumpDC,pedal-assist-bike,2018-12-31 06:20:00-07,-77.0285366666667,38.8800316666667
JumpDC-bike_18820,JUMP DC-0688,2018-12-31 06:19:50-07,JumpDC,pedal-assist-bike,2018-12-31 06:20:00-07,-76.9950766666667,38.882805
JumpDC-bike_18836,JUMP DC-0713,2018-12-31 06:19:50-07,JumpDC,pedal-assist-bike,2018-12-31 06:20:00-07,-76.9948833333333,38.88288
JumpDC-bike_23180,JUMP DC-2489,2018-12-31 06:19:50-07,JumpDC,pedal-assist-bike,2018-12-31 06:20:00-07,-77.0460966666667,38.8838066666667
SkipDC-352897091310543,"",2018-12-31 06:20:20-07,SkipDC,electric-scooter,2018-12-31 06:20:00-07,-77.0048717,38.8839817
JumpDC-bike_23648,JUMP DC-2683,2018-12-31 06:19:50-07,JumpDC,pedal-assist-bike,2018-12-31 06:20:00-07,-76.99597,38.8842983333333
JumpDC-bike_23149,JUMP DC-2458,2018-12-31 06:19:50-07,JumpDC,pedal-assist-bike,2018-12-31 06:20:00-07,-76.9957566666667,38.88468
JumpDC-bike_23630,JUMP DC-2665,2018-12-31 06:19:50-07,JumpDC,pedal-assist-bike,2018-12-31 06:20:00-07,-76.996595,38.88617
JumpDC-bike_18828,JUMP DC-0705,2018-12-31 06:19:50-07,JumpDC,pedal-assist-bike,2018-12-31 06:20:00-07,-76.9948816666667,38.8828916666667
JumpDC-bike_16516,JUMP DC-0174,2018-12-31 06:19:50-07,JumpDC,pedal-assist-bike,2018-12-31 06:20:00-07,-76.9961783333333,38.884145
JumpDC-bike_23164,JUMP DC-2473,2018-12-31 06:19:50-07,JumpDC,pedal-assist-bike,2018-12-31 06:20:00-07,-76.99617,38.884255
JumpDC-bike_23203,JUMP DC-2512,2018-12-31 06:19:50-07,JumpDC,pedal-assist-bike,2018-12-31 06:20:00-07,-76.9962233333333,38.883645
JumpDC-bike_23634,JUMP DC-2669,2018-12-31 06:19:50-07,JumpDC,pedal-assist-bike,2018-12-31 06:20:00-07,-76.9956933333333,38.88607
JumpDC-bike_18858,JUMP DC-0817,2018-12-31 06:19:50-07,JumpDC,pedal-assist-bike,2018-12-31 06:20:00-07,-76.990335,38.8858916666667
BirdDC-7FWC3,7FWC3,2018-12-31 06:20:05-07,BirdDC,electric-scooter,2018-12-31 06:20:00-07,-76.9539033333333,38.885715
BirdDC-U6K59,U6K59,2018-12-31 06:20:05-07,BirdDC,electric-scooter,2018-12-31 06:20:00-07,-76.953896,38.885666
JumpDC-bike_23637,JUMP DC-2672,2018-12-31 06:19:50-07,JumpDC,pedal-assist-bike,2018-12-31 06:20:00-07,-77.0466833333333,38.8926233333333
JumpDC-bike_23419,JUMP DC-2554,2018-12-31 06:19:50-07,JumpDC,pedal-assist-bike,2018-12-31 06:20:00-07,-76.99822,38.8960983333333
JumpDC-bike_23466,JUMP DC-2601,2018-12-31 06:19:50-07,JumpDC,pedal-assist-bike,2018-12-31 06:20:00-07,-76.9950233333333,38.8958683333333
JumpDC-bike_18823,JUMP DC-0700,2018-12-31 06:19:50-07,JumpDC,pedal-assist-bike,2018-12-31 06:20:00-07,-76.9844916666667,38.89237
JumpDC-bike_23197,JUMP DC-2506,2018-12-31 06:19:50-07,JumpDC,pedal-assist-bike,2018-12-31 06:20:00-07,-76.98861,38.90029
JumpDC-bike_18925,JUMP DC-0804,2018-12-31 06:19:50-07,JumpDC,pedal-assist-bike,2018-12-31 06:20:00-07,-76.9920183333333,38.9002566666667
JumpDC-bike_18898,JUMP DC-0777 ,2018-12-31 06:19:50-07,JumpDC,pedal-assist-bike,2018-12-31 06:20:00-07,-76.9923966666667,38.9003066666667
JumpDC-bike_18901,JUMP DC-0780,2018-12-31 06:19:50-07,JumpDC,pedal-assist-bike,2018-12-31 06:20:00-07,-76.99206,38.90023
JumpDC-bike_18930,JUMP DC-0809,2018-12-31 06:19:50-07,JumpDC,pedal-assist-bike,2018-12-31 06:20:00-07,-76.9925933333333,38.899075
JumpDC-bike_23683,JUMP DC-2718,2018-12-31 06:19:50-07,JumpDC,pedal-assist-bike,2018-12-31 06:20:00-07,-76.9869083333333,38.8968116666667
JumpDC-bike_23157,JUMP DC-2466,2018-12-31 06:19:50-07,JumpDC,pedal-assist-bike,2018-12-31 06:20:00-07,-76.9855533333333,38.90054
JumpDC-bike_23694,JUMP DC-2729,2018-12-31 06:19:50-07,JumpDC,pedal-assist-bike,2018-12-31 06:20:00-07,-76.9465933333333,38.89869
JumpDC-bike_23455,JUMP DC-2590,2018-12-31 06:19:50-07,JumpDC,pedal-assist-bike,2018-12-31 06:20:00-07,-76.946615,38.8987166666667
JumpDC-bike_23420,JUMP DC-2555,2018-12-31 06:19:50-07,JumpDC,pedal-assist-bike,2018-12-31 06:20:00-07,-76.94665,38.898725
JumpDC-bike_23152,JUMP DC-2461,2018-12-31 06:19:50-07,JumpDC,pedal-assist-bike,2018-12-31 06:20:00-07,-76.94668,38.8988116666667
BirdDC-5WLG1,5WLG1,2018-12-31 06:20:05-07,BirdDC,electric-scooter,2018-12-31 06:20:00-07,-77.0599816666667,38.9027666666667
BirdDC-Z9MB8,Z9MB8,2018-12-31 06:20:05-07,BirdDC,electric-scooter,2018-12-31 06:20:00-07,-77.063125,38.9024016666667
BirdDC-E8EEB,E8EEB,2018-12-31 06:20:05-07,BirdDC,electric-scooter,2018-12-31 06:20:00-07,-77.05494,38.9041016666667
JumpDC-bike_23706,JUMP DC-2741,2018-12-31 06:19:50-07,JumpDC,pedal-assist-bike,2018-12-31 06:20:00-07,-77.0483116666667,38.9051116666667
JumpDC-bike_17237,JUMP DC-0239,2018-12-31 06:19:50-07,JumpDC,pedal-assist-bike,2018-12-31 06:20:00-07,-77.0350266666667,38.90243
BirdDC-ECAKK,ECAKK,2018-12-31 06:20:05-07,BirdDC,electric-scooter,2018-12-31 06:20:00-07,-77.0270880684974,38.901141760907
JumpDC-bike_23636,JUMP DC-2671,2018-12-31 06:19:50-07,JumpDC,pedal-assist-bike,2018-12-31 06:20:00-07,-76.9986366666667,38.9024666666667
JumpDC-bike_23672,JUMP DC-2707,2018-12-31 06:19:50-07,JumpDC,pedal-assist-bike,2018-12-31 06:20:00-07,-76.9989116666667,38.9024483333333
JumpDC-bike_23691,JUMP DC-2726,2018-12-31 06:19:50-07,JumpDC,pedal-assist-bike,2018-12-31 06:20:00-07,-76.9836966666667,38.904125
JumpDC-bike_23228,JUMP DC-2537,2018-12-31 06:19:50-07,JumpDC,pedal-assist-bike,2018-12-31 06:20:00-07,-76.9840183333333,38.903845
JumpDC-bike_23140,JUMP DC-2449,2018-12-31 06:19:50-07,JumpDC,pedal-assist-bike,2018-12-31 06:20:00-07,-76.9860466666667,38.905195
BirdDC-X7QG5,X7QG5,2018-12-31 06:20:05-07,BirdDC,electric-scooter,2018-12-31 06:20:00-07,-76.9815289,38.9040998
JumpDC-bike_23662,JUMP DC-2697,2018-12-31 06:19:50-07,JumpDC,pedal-assist-bike,2018-12-31 06:20:00-07,-76.9783483333333,38.9043583333333
BirdDC-SBKSS,SBKSS,2018-12-31 06:20:05-07,BirdDC,electric-scooter,2018-12-31 06:20:00-07,-76.9746933333333,38.9045866666667
BirdDC-FST6Z,FST6Z,2018-12-31 06:20:05-07,BirdDC,electric-scooter,2018-12-31 06:20:00-07,-77.0652,38.9054533333333
SkipDC-352897091274020,"",2018-12-31 06:20:20-07,SkipDC,electric-scooter,2018-12-31 06:20:00-07,-77.0487683,38.9071117
BirdDC-86QVL,86QVL,2018-12-31 06:20:05-07,BirdDC,electric-scooter,2018-12-31 06:20:00-07,-77.0467066666667,38.9096366666667
JumpDC-bike_23616,JUMP DC-2651,2018-12-31 06:19:50-07,JumpDC,pedal-assist-bike,2018-12-31 06:20:00-07,-77.0446933333333,38.908055
BirdDC-2J81S,2J81S,2018-12-31 06:20:05-07,BirdDC,electric-scooter,2018-12-31 06:20:00-07,-77.0296933333333,38.9099083333333
JumpDC-bike_18880,JUMP DC-0839,2018-12-31 06:19:50-07,JumpDC,pedal-assist-bike,2018-12-31 06:20:00-07,-76.997335,38.9104366666667
JumpDC-bike_23633,JUMP DC-2668,2018-12-31 06:19:50-07,JumpDC,pedal-assist-bike,2018-12-31 06:20:00-07,-76.9975516666667,38.91051
JumpDC-bike_23668,JUMP DC-2703,2018-12-31 06:19:50-07,JumpDC,pedal-assist-bike,2018-12-31 06:20:00-07,-76.9973333333333,38.9104383333333
BirdDC-Z8AA4,Z8AA4,2018-12-31 06:20:05-07,BirdDC,electric-scooter,2018-12-31 06:20:00-07,-77.0729066666667,38.9170716666667
BirdDC-XAJMV,XAJMV,2018-12-31 06:20:05-07,BirdDC,electric-scooter,2018-12-31 06:20:00-07,-77.0390083333333,38.918815
BirdDC-VP73,VP73,2018-12-31 06:20:05-07,BirdDC,electric-scooter,2018-12-31 06:20:00-07,-77.0391862,38.9188162
BirdDC-BMWJM,BMWJM,2018-12-31 06:20:05-07,BirdDC,electric-scooter,2018-12-31 06:20:00-07,-77.0392401432289,38.9188356670921
BirdDC-CS68G,CS68G,2018-12-31 06:20:05-07,BirdDC,electric-scooter,2018-12-31 06:20:00-07,-77.0394000491291,38.91880622077
BirdDC-VSXD,VSXD,2018-12-31 06:20:05-07,BirdDC,electric-scooter,2018-12-31 06:20:00-07,-77.0392428339245,38.9187512174611
BirdDC-FT2RS,FT2RS,2018-12-31 06:20:05-07,BirdDC,electric-scooter,2018-12-31 06:20:00-07,-77.0392325241836,38.9188704081242
BirdDC-1UI2Z,1UI2Z,2018-12-31 06:20:05-07,BirdDC,electric-scooter,2018-12-31 06:20:00-07,-77.0392325241836,38.9188704081242
BirdDC-62K56,62K56,2018-12-31 06:20:05-07,BirdDC,electric-scooter,2018-12-31 06:20:00-07,-77.0392325241836,38.9188704081242
BirdDC-8DJWK,8DJWK,2018-12-31 06:20:05-07,BirdDC,electric-scooter,2018-12-31 06:20:00-07,-77.0392325241836,38.9188704081242
BirdDC-1BX55,1BX55,2018-12-31 06:20:05-07,BirdDC,electric-scooter,2018-12-31 06:20:00-07,-77.0392001502065,38.9188453866314
JumpDC-bike_23232,JUMP DC-2541,2018-12-31 06:19:50-07,JumpDC,pedal-assist-bike,2018-12-31 06:20:00-07,-77.0126183333333,38.915685
JumpDC-bike_23469,JUMP DC-2604,2018-12-31 06:19:50-07,JumpDC,pedal-assist-bike,2018-12-31 06:20:00-07,-77.011455,38.9150916666667
JumpDC-bike_23701,JUMP DC-2736,2018-12-31 06:19:50-07,JumpDC,pedal-assist-bike,2018-12-31 06:20:00-07,-76.9837316666667,38.9150383333333
JumpDC-bike_18927,JUMP DC-0806,2018-12-31 06:19:50-07,JumpDC,pedal-assist-bike,2018-12-31 06:20:00-07,-76.9716533333333,38.9180566666667
JumpDC-bike_23471,JUMP DC-2606,2018-12-31 06:19:50-07,JumpDC,pedal-assist-bike,2018-12-31 06:20:00-07,-77.0363283333333,38.927435
JumpDC-bike_23680,JUMP DC-2715,2018-12-31 06:19:50-07,JumpDC,pedal-assist-bike,2018-12-31 06:20:00-07,-77.0554516666667,38.9300683333333
JumpDC-bike_23220,JUMP DC-2529,2018-12-31 06:19:50-07,JumpDC,pedal-assist-bike,2018-12-31 06:20:00-07,-77.055145,38.9294733333333
JumpDC-bike_16514,JUMP DC-0202,2018-12-31 06:19:50-07,JumpDC,pedal-assist-bike,2018-12-31 06:20:00-07,-77.0385483333333,38.931305
JumpDC-bike_23430,JUMP DC-2565,2018-12-31 06:19:50-07,JumpDC,pedal-assist-bike,2018-12-31 06:20:00-07,-77.0278566666667,38.930555
JumpDC-bike_18922,JUMP DC-0801,2018-12-31 06:19:50-07,JumpDC,pedal-assist-bike,2018-12-31 06:20:00-07,-77.027705,38.9295983333333
JumpDC-bike_18883,JUMP DC-0842,2018-12-31 06:19:50-07,JumpDC,pedal-assist-bike,2018-12-31 06:20:00-07,-77.016735,38.9299433333333
JumpDC-bike_23440,JUMP DC-2575,2018-12-31 06:19:50-07,JumpDC,pedal-assist-bike,2018-12-31 06:20:00-07,-77.0442166666667,38.9332333333333
JumpDC-bike_18899,JUMP DC-0778,2018-12-31 06:19:50-07,JumpDC,pedal-assist-bike,2018-12-31 06:20:00-07,-77.0345633333333,38.9343866666667
JumpDC-bike_23710,JUMP DC-2745,2018-12-31 06:19:50-07,JumpDC,pedal-assist-bike,2018-12-31 06:20:00-07,-77.0331783333333,38.937135
JumpDC-bike_18827,JUMP DC-0704,2018-12-31 06:19:50-07,JumpDC,pedal-assist-bike,2018-12-31 06:20:00-07,-77.032435,38.9408666666667
JumpDC-bike_18848,JUMP DC-0693,2018-12-31 06:19:50-07,JumpDC,pedal-assist-bike,2018-12-31 06:20:00-07,-77.020255,38.94535
JumpDC-bike_23483,JUMP DC-2618,2018-12-31 06:19:50-07,JumpDC,pedal-assist-bike,2018-12-31 06:20:00-07,-76.97885,38.9453983333333
JumpDC-bike_18878,JUMP DC-0837,2018-12-31 06:19:50-07,JumpDC,pedal-assist-bike,2018-12-31 06:20:00-07,-77.02084,38.9490933333333
JumpDC-bike_23682,JUMP DC-2717,2018-12-31 06:19:50-07,JumpDC,pedal-assist-bike,2018-12-31 06:20:00-07,-76.986965,38.94941
JumpDC-bike_23202,JUMP DC-2511,2018-12-31 06:19:50-07,JumpDC,pedal-assist-bike,2018-12-31 06:20:00-07,-77.0143666666667,38.9511066666667
JumpDC-bike_23185,JUMP DC-2494,2018-12-31 06:19:50-07,JumpDC,pedal-assist-bike,2018-12-31 06:20:00-07,-77.032555,38.96162
JumpDC-bike_23673,JUMP DC-2708,2018-12-31 06:34:50-07,JumpDC,pedal-assist-bike,2018-12-31 06:35:00-07,-77.00381,38.8463316666667
JumpDC-bike_18919,JUMP DC-0798,2018-12-31 06:34:50-07,JumpDC,pedal-assist-bike,2018-12-31 06:35:00-07,-77.0176566666667,38.8771133333333
JumpDC-bike_23641,JUMP DC-2676,2018-12-31 06:34:50-07,JumpDC,pedal-assist-bike,2018-12-31 06:35:00-07,-77.0177666666667,38.8771283333333
JumpDC-bike_23199,JUMP DC-2508,2018-12-31 06:34:50-07,JumpDC,pedal-assist-bike,2018-12-31 06:35:00-07,-77.0176716666667,38.8772133333333
JumpDC-bike_23642,JUMP DC-2677,2018-12-31 06:34:50-07,JumpDC,pedal-assist-bike,2018-12-31 06:35:00-07,-77.0177466666667,38.8771516666667
JumpDC-bike_23696,JUMP DC-2731,2018-12-31 06:34:50-07,JumpDC,pedal-assist-bike,2018-12-31 06:35:00-07,-77.0177,38.8767783333333
JumpDC-bike_18870,JUMP DC-0829,2018-12-31 06:34:50-07,JumpDC,pedal-assist-bike,2018-12-31 06:35:00-07,-77.0176016666667,38.8771416666667
BirdDC-QKDF5,QKDF5,2018-12-31 06:35:05-07,BirdDC,electric-scooter,2018-12-31 06:35:00-07,-77.0115234,38.8765727
JumpDC-bike_23667,JUMP DC-2702,2018-12-31 06:34:50-07,JumpDC,pedal-assist-bike,2018-12-31 06:35:00-07,-77.0005683333333,38.8749516666667
JumpDC-bike_23639,JUMP DC-2674,2018-12-31 06:34:50-07,JumpDC,pedal-assist-bike,2018-12-31 06:35:00-07,-77.00072,38.874935
JumpDC-bike_16505,JUMP DC-0191,2018-12-31 06:34:50-07,JumpDC,pedal-assist-bike,2018-12-31 06:35:00-07,-77.0003933333333,38.87496
JumpDC-bike_23160,JUMP DC-2469,2018-12-31 06:34:50-07,JumpDC,pedal-assist-bike,2018-12-31 06:35:00-07,-77.0005466666667,38.8748633333333
JumpDC-bike_18865,JUMP DC-0824,2018-12-31 06:34:50-07,JumpDC,pedal-assist-bike,2018-12-31 06:35:00-07,-77.000655,38.8748316666667
JumpDC-bike_18924,JUMP DC-0803,2018-12-31 06:34:50-07,JumpDC,pedal-assist-bike,2018-12-31 06:35:00-07,-77.00073,38.8749283333333
JumpDC-bike_23648,JUMP DC-2683,2018-12-31 06:34:50-07,JumpDC,pedal-assist-bike,2018-12-31 06:35:00-07,-76.99597,38.8842983333333
JumpDC-bike_23203,JUMP DC-2512,2018-12-31 06:34:50-07,JumpDC,pedal-assist-bike,2018-12-31 06:35:00-07,-76.9962233333333,38.883645
JumpDC-bike_23630,JUMP DC-2665,2018-12-31 06:34:50-07,JumpDC,pedal-assist-bike,2018-12-31 06:35:00-07,-76.996595,38.88617
JumpDC-bike_18828,JUMP DC-0705,2018-12-31 06:34:50-07,JumpDC,pedal-assist-bike,2018-12-31 06:35:00-07,-76.9948816666667,38.8828916666667
JumpDC-bike_16516,JUMP DC-0174,2018-12-31 06:34:50-07,JumpDC,pedal-assist-bike,2018-12-31 06:35:00-07,-76.9961783333333,38.884145
JumpDC-bike_23164,JUMP DC-2473,2018-12-31 06:34:50-07,JumpDC,pedal-assist-bike,2018-12-31 06:35:00-07,-76.99617,38.884255
JumpDC-bike_23634,JUMP DC-2669,2018-12-31 06:34:50-07,JumpDC,pedal-assist-bike,2018-12-31 06:35:00-07,-76.9956933333333,38.88607
JumpDC-bike_23149,JUMP DC-2458,2018-12-31 06:34:50-07,JumpDC,pedal-assist-bike,2018-12-31 06:35:00-07,-76.9957566666667,38.88468
JumpDC-bike_18858,JUMP DC-0817,2018-12-31 06:34:50-07,JumpDC,pedal-assist-bike,2018-12-31 06:35:00-07,-76.990335,38.8858916666667
BirdDC-U6K59,U6K59,2018-12-31 06:35:05-07,BirdDC,electric-scooter,2018-12-31 06:35:00-07,-76.953956,38.885755
BirdDC-7FWC3,7FWC3,2018-12-31 06:35:05-07,BirdDC,electric-scooter,2018-12-31 06:35:00-07,-76.95391,38.88572
JumpDC-bike_23459,JUMP DC-2594,2018-12-31 06:34:50-07,JumpDC,pedal-assist-bike,2018-12-31 06:35:00-07,-76.98953,38.8890583333333
JumpDC-bike_23461,JUMP DC-2596,2018-12-31 06:34:50-07,JumpDC,pedal-assist-bike,2018-12-31 06:35:00-07,-76.9914483333333,38.889615
JumpDC-bike_23629,JUMP DC-2664,2018-12-31 06:34:50-07,JumpDC,pedal-assist-bike,2018-12-31 06:35:00-07,-76.9894133333333,38.88916
JumpDC-bike_23466,JUMP DC-2601,2018-12-31 06:34:50-07,JumpDC,pedal-assist-bike,2018-12-31 06:35:00-07,-76.9950233333333,38.8958683333333
JumpDC-bike_23419,JUMP DC-2554,2018-12-31 06:34:50-07,JumpDC,pedal-assist-bike,2018-12-31 06:35:00-07,-76.99822,38.8960983333333
JumpDC-bike_18823,JUMP DC-0700,2018-12-31 06:34:50-07,JumpDC,pedal-assist-bike,2018-12-31 06:35:00-07,-76.9844916666667,38.89237
SkipDC-352897091381726,"",2018-12-31 06:35:20-07,SkipDC,electric-scooter,2018-12-31 06:35:00-07,-77.0295183,38.8975783
BirdDC-5WLG1,5WLG1,2018-12-31 06:35:05-07,BirdDC,electric-scooter,2018-12-31 06:35:00-07,-77.059975,38.902755
BirdDC-Z9MB8,Z9MB8,2018-12-31 06:35:05-07,BirdDC,electric-scooter,2018-12-31 06:35:00-07,-77.0631183333333,38.9024016666667
BirdDC-E8EEB,E8EEB,2018-12-31 06:35:05-07,BirdDC,electric-scooter,2018-12-31 06:35:00-07,-77.0549233333333,38.9041366666667
JumpDC-bike_23706,JUMP DC-2741,2018-12-31 06:34:50-07,JumpDC,pedal-assist-bike,2018-12-31 06:35:00-07,-77.0483116666667,38.9051116666667
JumpDC-bike_17237,JUMP DC-0239,2018-12-31 06:34:50-07,JumpDC,pedal-assist-bike,2018-12-31 06:35:00-07,-77.0350266666667,38.90243
BirdDC-ECAKK,ECAKK,2018-12-31 06:35:05-07,BirdDC,electric-scooter,2018-12-31 06:35:00-07,-77.0270880684974,38.901141760907
JumpDC-bike_23672,JUMP DC-2707,2018-12-31 06:34:50-07,JumpDC,pedal-assist-bike,2018-12-31 06:35:00-07,-76.9989116666667,38.9024483333333
JumpDC-bike_23636,JUMP DC-2671,2018-12-31 06:34:50-07,JumpDC,pedal-assist-bike,2018-12-31 06:35:00-07,-76.9986366666667,38.9024666666667
JumpDC-bike_23691,JUMP DC-2726,2018-12-31 06:34:50-07,JumpDC,pedal-assist-bike,2018-12-31 06:35:00-07,-76.9836966666667,38.904125
JumpDC-bike_23228,JUMP DC-2537,2018-12-31 06:34:50-07,JumpDC,pedal-assist-bike,2018-12-31 06:35:00-07,-76.9840183333333,38.903845
JumpDC-bike_23140,JUMP DC-2449,2018-12-31 06:34:50-07,JumpDC,pedal-assist-bike,2018-12-31 06:35:00-07,-76.9860466666667,38.905195
JumpDC-bike_23662,JUMP DC-2697,2018-12-31 06:34:50-07,JumpDC,pedal-assist-bike,2018-12-31 06:35:00-07,-76.9783483333333,38.9043583333333
BirdDC-X7QG5,X7QG5,2018-12-31 06:35:05-07,BirdDC,electric-scooter,2018-12-31 06:35:00-07,-76.9815289,38.9040998
BirdDC-SBKSS,SBKSS,2018-12-31 06:35:05-07,BirdDC,electric-scooter,2018-12-31 06:35:00-07,-76.9746933333333,38.9045866666667
BirdDC-FST6Z,FST6Z,2018-12-31 06:35:05-07,BirdDC,electric-scooter,2018-12-31 06:35:00-07,-77.0652,38.9054483333333
SkipDC-352897091274020,"",2018-12-31 06:35:20-07,SkipDC,electric-scooter,2018-12-31 06:35:00-07,-77.0488833,38.9071283
JumpDC-bike_23616,JUMP DC-2651,2018-12-31 06:34:50-07,JumpDC,pedal-assist-bike,2018-12-31 06:35:00-07,-77.0446933333333,38.908055
BirdDC-86QVL,86QVL,2018-12-31 06:35:05-07,BirdDC,electric-scooter,2018-12-31 06:35:00-07,-77.0467066666667,38.9096366666667
JumpDC-bike_18824,JUMP DC-0701,2018-12-31 06:34:50-07,JumpDC,pedal-assist-bike,2018-12-31 06:35:00-07,-77.0294783333333,38.906055
BirdDC-2J81S,2J81S,2018-12-31 06:35:05-07,BirdDC,electric-scooter,2018-12-31 06:35:00-07,-77.0296933333333,38.909905
JumpDC-bike_23188,JUMP DC-2497,2018-12-31 06:34:50-07,JumpDC,pedal-assist-bike,2018-12-31 06:35:00-07,-77.0239716666667,38.9079833333333
JumpDC-bike_23669,JUMP DC-2704,2018-12-31 06:34:50-07,JumpDC,pedal-assist-bike,2018-12-31 06:35:00-07,-77.015695,38.9056833333333
JumpDC-bike_23433,JUMP DC-2568,2018-12-31 06:34:50-07,JumpDC,pedal-assist-bike,2018-12-31 06:35:00-07,-76.9980833333333,38.9056866666667
JumpDC-bike_23485,JUMP DC-2620,2018-12-31 06:34:50-07,JumpDC,pedal-assist-bike,2018-12-31 06:35:00-07,-76.9828466666667,38.9061216666667
JumpDC-bike_23166,JUMP DC-2475,2018-12-31 06:34:50-07,JumpDC,pedal-assist-bike,2018-12-31 06:35:00-07,-76.93444,38.9084833333333
JumpDC-bike_23497,JUMP DC-2632,2018-12-31 06:34:50-07,JumpDC,pedal-assist-bike,2018-12-31 06:35:00-07,-76.9344033333333,38.9084816666667
JumpDC-bike_23617,JUMP DC-2652,2018-12-31 06:34:50-07,JumpDC,pedal-assist-bike,2018-12-31 06:35:00-07,-76.9343883333333,38.908495
JumpDC-bike_23666,JUMP DC-2701,2018-12-31 06:34:50-07,JumpDC,pedal-assist-bike,2018-12-31 06:35:00-07,-77.0449033333333,38.9121516666667
SkipDC-352897091275282,"",2018-12-31 06:35:20-07,SkipDC,electric-scooter,2018-12-31 06:35:00-07,-77.0386433,38.9119067
JumpDC-bike_23231,JUMP DC-2540,2018-12-31 06:34:50-07,JumpDC,pedal-assist-bike,2018-12-31 06:35:00-07,-77.0223033333333,38.913005
JumpDC-bike_23490,JUMP DC-2625,2018-12-31 06:34:50-07,JumpDC,pedal-assist-bike,2018-12-31 06:35:00-07,-77.0225266666667,38.9127533333333
JumpDC-bike_18905,JUMP DC-0784,2018-12-31 06:34:50-07,JumpDC,pedal-assist-bike,2018-12-31 06:35:00-07,-77.0225,38.9127083333333
JumpDC-bike_18862,JUMP DC-0821,2018-12-31 06:34:50-07,JumpDC,pedal-assist-bike,2018-12-31 06:35:00-07,-77.0225233333333,38.9127216666667
JumpDC-bike_23705,JUMP DC-2740,2018-12-31 06:34:50-07,JumpDC,pedal-assist-bike,2018-12-31 06:35:00-07,-77.0222916666667,38.9125466666667
JumpDC-bike_23417,JUMP DC-2552,2018-12-31 06:34:50-07,JumpDC,pedal-assist-bike,2018-12-31 06:35:00-07,-77.0122083333333,38.9127766666667
SkipDC-352897091437486,"",2018-12-31 06:35:20-07,SkipDC,electric-scooter,2018-12-31 06:35:00-07,-77.013955,38.9119867
JumpDC-bike_23643,JUMP DC-2678,2018-12-31 06:34:50-07,JumpDC,pedal-assist-bike,2018-12-31 06:35:00-07,-77.0122333333333,38.9127016666667
JumpDC-bike_18880,JUMP DC-0839,2018-12-31 06:34:50-07,JumpDC,pedal-assist-bike,2018-12-31 06:35:00-07,-76.997335,38.9104366666667
JumpDC-bike_23633,JUMP DC-2668,2018-12-31 06:34:50-07,JumpDC,pedal-assist-bike,2018-12-31 06:35:00-07,-76.9975516666667,38.91051
JumpDC-bike_23668,JUMP DC-2703,2018-12-31 06:34:50-07,JumpDC,pedal-assist-bike,2018-12-31 06:35:00-07,-76.9973333333333,38.9104383333333
BirdDC-Z8AA4,Z8AA4,2018-12-31 06:35:05-07,BirdDC,electric-scooter,2018-12-31 06:35:00-07,-77.0728983333333,38.917065
BirdDC-62K56,62K56,2018-12-31 06:35:05-07,BirdDC,electric-scooter,2018-12-31 06:35:00-07,-77.0392325241836,38.9188704081242
BirdDC-BMWJM,BMWJM,2018-12-31 06:35:05-07,BirdDC,electric-scooter,2018-12-31 06:35:00-07,-77.0392401432289,38.9188356670921
BirdDC-2LLGX,2LLGX,2018-12-31 06:35:05-07,BirdDC,electric-scooter,2018-12-31 06:35:00-07,-77.000144,38.92088
JumpDC-bike_18831,JUMP DC-0708,2018-12-31 06:34:50-07,JumpDC,pedal-assist-bike,2018-12-31 06:35:00-07,-76.9978116666667,38.920105
BirdDC-C9RFT,C9RFT,2018-12-31 06:35:05-07,BirdDC,electric-scooter,2018-12-31 06:35:00-07,-76.9999705,38.9211654
JumpDC-bike_23945,JUMP DC-2454,2018-12-31 06:34:50-07,JumpDC,pedal-assist-bike,2018-12-31 06:35:00-07,-76.9621316666667,38.9191783333333
JumpDC-bike_23693,JUMP DC-2728,2018-12-31 06:34:50-07,JumpDC,pedal-assist-bike,2018-12-31 06:35:00-07,-76.96217,38.91907
JumpDC-bike_23458,JUMP DC-2593,2018-12-31 06:34:50-07,JumpDC,pedal-assist-bike,2018-12-31 06:35:00-07,-76.9605333333333,38.9229383333333
JumpDC-bike_23700,JUMP DC-2735,2018-12-31 06:34:50-07,JumpDC,pedal-assist-bike,2018-12-31 06:35:00-07,-76.96214,38.9191566666667
JumpDC-bike_23707,JUMP DC-2742,2018-12-31 06:34:50-07,JumpDC,pedal-assist-bike,2018-12-31 06:35:00-07,-76.9621416666667,38.9190633333333
JumpDC-bike_18839,JUMP DC-0716,2018-12-31 06:34:50-07,JumpDC,pedal-assist-bike,2018-12-31 06:35:00-07,-76.9621366666667,38.9190066666667
JumpDC-bike_23677,JUMP DC-2712,2018-12-31 06:34:50-07,JumpDC,pedal-assist-bike,2018-12-31 06:35:00-07,-77.041255,38.9236633333333
SkipDC-352897091391287,"",2018-12-31 06:35:20-07,SkipDC,electric-scooter,2018-12-31 06:35:00-07,-77.03614,38.9242833
JumpDC-bike_23471,JUMP DC-2606,2018-12-31 06:34:50-07,JumpDC,pedal-assist-bike,2018-12-31 06:35:00-07,-77.0363283333333,38.927435
JumpDC-bike_23680,JUMP DC-2715,2018-12-31 06:34:50-07,JumpDC,pedal-assist-bike,2018-12-31 06:35:00-07,-77.0554516666667,38.9300683333333
JumpDC-bike_23220,JUMP DC-2529,2018-12-31 06:34:50-07,JumpDC,pedal-assist-bike,2018-12-31 06:35:00-07,-77.055145,38.9294733333333
JumpDC-bike_16514,JUMP DC-0202,2018-12-31 06:34:50-07,JumpDC,pedal-assist-bike,2018-12-31 06:35:00-07,-77.0385483333333,38.931305
JumpDC-bike_18878,JUMP DC-0837,2018-12-31 06:34:50-07,JumpDC,pedal-assist-bike,2018-12-31 06:35:00-07,-77.02084,38.9490933333333
JumpDC-bike_23682,JUMP DC-2717,2018-12-31 06:34:50-07,JumpDC,pedal-assist-bike,2018-12-31 06:35:00-07,-76.986965,38.94941
JumpDC-bike_23202,JUMP DC-2511,2018-12-31 06:34:50-07,JumpDC,pedal-assist-bike,2018-12-31 06:35:00-07,-77.0143666666667,38.9511066666667
JumpDC-bike_23185,JUMP DC-2494,2018-12-31 06:34:50-07,JumpDC,pedal-assist-bike,2018-12-31 06:35:00-07,-77.032555,38.96162
JumpDC-bike_23213,JUMP DC-2522,2018-12-31 06:34:50-07,JumpDC,pedal-assist-bike,2018-12-31 06:35:00-07,-77.0336666666667,38.9899833333333
JumpDC-bike_23212,JUMP DC-2521,2018-12-31 06:49:50-07,JumpDC,pedal-assist-bike,2018-12-31 06:50:00-07,-76.9955183333333,38.8623883333333
JumpDC-bike_23428,JUMP DC-2563,2018-12-31 06:49:50-07,JumpDC,pedal-assist-bike,2018-12-31 06:50:00-07,-76.9946683333333,38.8626716666667
JumpDC-bike_18937,JUMP DC-0816,2018-12-31 06:49:50-07,JumpDC,pedal-assist-bike,2018-12-31 06:50:00-07,-76.9946716666667,38.8626533333333
JumpDC-bike_18856,JUMP DC-0765,2018-12-31 06:49:50-07,JumpDC,pedal-assist-bike,2018-12-31 06:50:00-07,-76.9947633333333,38.8626516666667
JumpDC-bike_23172,JUMP DC-2481,2018-12-31 06:49:50-07,JumpDC,pedal-assist-bike,2018-12-31 06:50:00-07,-76.99474,38.8626816666667
JumpDC-bike_23642,JUMP DC-2677,2018-12-31 06:49:50-07,JumpDC,pedal-assist-bike,2018-12-31 06:50:00-07,-77.0177466666667,38.8771516666667
JumpDC-bike_23696,JUMP DC-2731,2018-12-31 06:49:50-07,JumpDC,pedal-assist-bike,2018-12-31 06:50:00-07,-77.0177,38.8767783333333
JumpDC-bike_18919,JUMP DC-0798,2018-12-31 06:49:50-07,JumpDC,pedal-assist-bike,2018-12-31 06:50:00-07,-77.0176566666667,38.8771133333333
JumpDC-bike_23641,JUMP DC-2676,2018-12-31 06:49:50-07,JumpDC,pedal-assist-bike,2018-12-31 06:50:00-07,-77.0177666666667,38.8771283333333
JumpDC-bike_23180,JUMP DC-2489,2018-12-31 06:49:50-07,JumpDC,pedal-assist-bike,2018-12-31 06:50:00-07,-77.0460966666667,38.8838066666667
SkipDC-352897091310543,"",2018-12-31 06:50:20-07,SkipDC,electric-scooter,2018-12-31 06:50:00-07,-77.0048717,38.8839817
JumpDC-bike_18828,JUMP DC-0705,2018-12-31 06:49:50-07,JumpDC,pedal-assist-bike,2018-12-31 06:50:00-07,-76.9948816666667,38.8828916666667
JumpDC-bike_16516,JUMP DC-0174,2018-12-31 06:49:50-07,JumpDC,pedal-assist-bike,2018-12-31 06:50:00-07,-76.9961783333333,38.884145
JumpDC-bike_23164,JUMP DC-2473,2018-12-31 06:49:50-07,JumpDC,pedal-assist-bike,2018-12-31 06:50:00-07,-76.99617,38.884255
JumpDC-bike_23648,JUMP DC-2683,2018-12-31 06:49:50-07,JumpDC,pedal-assist-bike,2018-12-31 06:50:00-07,-76.99597,38.8842983333333
JumpDC-bike_23149,JUMP DC-2458,2018-12-31 06:49:50-07,JumpDC,pedal-assist-bike,2018-12-31 06:50:00-07,-76.9957566666667,38.88468
JumpDC-bike_23630,JUMP DC-2665,2018-12-31 06:49:50-07,JumpDC,pedal-assist-bike,2018-12-31 06:50:00-07,-76.996595,38.88617
JumpDC-bike_23634,JUMP DC-2669,2018-12-31 06:49:50-07,JumpDC,pedal-assist-bike,2018-12-31 06:50:00-07,-76.9956933333333,38.88607
JumpDC-bike_23203,JUMP DC-2512,2018-12-31 06:49:50-07,JumpDC,pedal-assist-bike,2018-12-31 06:50:00-07,-76.9962233333333,38.883645
JumpDC-bike_18858,JUMP DC-0817,2018-12-31 06:49:50-07,JumpDC,pedal-assist-bike,2018-12-31 06:50:00-07,-76.990335,38.8858916666667
BirdDC-U6K59,U6K59,2018-12-31 06:50:05-07,BirdDC,electric-scooter,2018-12-31 06:50:00-07,-76.953957,38.885737
BirdDC-7FWC3,7FWC3,2018-12-31 06:50:05-07,BirdDC,electric-scooter,2018-12-31 06:50:00-07,-76.9539033333333,38.8857833333333
JumpDC-bike_23629,JUMP DC-2664,2018-12-31 06:49:50-07,JumpDC,pedal-assist-bike,2018-12-31 06:50:00-07,-76.9894133333333,38.88916
JumpDC-bike_23461,JUMP DC-2596,2018-12-31 06:49:50-07,JumpDC,pedal-assist-bike,2018-12-31 06:50:00-07,-76.9914483333333,38.8896566666667
BirdDC-I2Z5H,I2Z5H,2018-12-31 06:50:05-07,BirdDC,electric-scooter,2018-12-31 06:50:00-07,-76.9564283333333,38.88784
JumpDC-bike_23638,JUMP DC-2673,2018-12-31 06:49:50-07,JumpDC,pedal-assist-bike,2018-12-31 06:50:00-07,-76.9477916666667,38.888865
JumpDC-bike_16615,JUMP DC-0250,2018-12-31 06:49:50-07,JumpDC,pedal-assist-bike,2018-12-31 06:50:00-07,-76.9477166666667,38.8888633333333
JumpDC-bike_23480,JUMP DC-2615,2018-12-31 06:49:50-07,JumpDC,pedal-assist-bike,2018-12-31 06:50:00-07,-76.9445783333333,38.8896833333333
SkipDC-352897091381726,"",2018-12-31 06:50:20-07,SkipDC,electric-scooter,2018-12-31 06:50:00-07,-77.0294467,38.8972933
JumpDC-bike_23196,JUMP DC-2505,2018-12-31 06:49:50-07,JumpDC,pedal-assist-bike,2018-12-31 06:50:00-07,-77.0118883333333,38.9002083333333
JumpDC-bike_23702,JUMP DC-2737,2018-12-31 06:49:50-07,JumpDC,pedal-assist-bike,2018-12-31 06:50:00-07,-77.012115,38.900545
JumpDC-bike_18864,JUMP DC-0823,2018-12-31 06:49:50-07,JumpDC,pedal-assist-bike,2018-12-31 06:50:00-07,-77.0049383333333,38.8969083333333
JumpDC-bike_23506,JUMP DC-2641,2018-12-31 06:49:50-07,JumpDC,pedal-assist-bike,2018-12-31 06:50:00-07,-77.00499,38.8968916666667
JumpDC-bike_18825,JUMP DC-0702,2018-12-31 06:49:50-07,JumpDC,pedal-assist-bike,2018-12-31 06:50:00-07,-77.0048466666667,38.896925
JumpDC-bike_23674,JUMP DC-2709,2018-12-31 06:49:50-07,JumpDC,pedal-assist-bike,2018-12-31 06:50:00-07,-77.00491,38.8969183333333
JumpDC-bike_23655,JUMP DC-2690,2018-12-31 06:49:50-07,JumpDC,pedal-assist-bike,2018-12-31 06:50:00-07,-76.99638,38.9001283333333
JumpDC-bike_23150,JUMP DC-2459,2018-12-31 06:49:50-07,JumpDC,pedal-assist-bike,2018-12-31 06:50:00-07,-76.9981516666667,38.900265
JumpDC-bike_23711,JUMP DC-2746,2018-12-31 06:49:50-07,JumpDC,pedal-assist-bike,2018-12-31 06:50:00-07,-76.9972616666667,38.90011
JumpDC-bike_17237,JUMP DC-0239,2018-12-31 06:49:50-07,JumpDC,pedal-assist-bike,2018-12-31 06:50:00-07,-77.0350266666667,38.90243
BirdDC-ECAKK,ECAKK,2018-12-31 06:50:05-07,BirdDC,electric-scooter,2018-12-31 06:50:00-07,-77.0270880684974,38.901141760907
JumpDC-bike_23230,JUMP DC-2539 ,2018-12-31 06:49:50-07,JumpDC,pedal-assist-bike,2018-12-31 06:50:00-07,-77.0116266666667,38.9030916666667
JumpDC-bike_23672,JUMP DC-2707,2018-12-31 06:49:50-07,JumpDC,pedal-assist-bike,2018-12-31 06:50:00-07,-76.9989116666667,38.9024483333333
JumpDC-bike_23636,JUMP DC-2671,2018-12-31 06:49:50-07,JumpDC,pedal-assist-bike,2018-12-31 06:50:00-07,-76.9986366666667,38.9024666666667
JumpDC-bike_23691,JUMP DC-2726,2018-12-31 06:49:50-07,JumpDC,pedal-assist-bike,2018-12-31 06:50:00-07,-76.9836966666667,38.904125
JumpDC-bike_23228,JUMP DC-2537,2018-12-31 06:49:50-07,JumpDC,pedal-assist-bike,2018-12-31 06:50:00-07,-76.9840183333333,38.903845
JumpDC-bike_23140,JUMP DC-2449,2018-12-31 06:49:50-07,JumpDC,pedal-assist-bike,2018-12-31 06:50:00-07,-76.9860466666667,38.905195
BirdDC-X7QG5,X7QG5,2018-12-31 06:50:05-07,BirdDC,electric-scooter,2018-12-31 06:50:00-07,-76.9815289,38.9040998
JumpDC-bike_23662,JUMP DC-2697,2018-12-31 06:49:50-07,JumpDC,pedal-assist-bike,2018-12-31 06:50:00-07,-76.9783483333333,38.9043583333333
BirdDC-SBKSS,SBKSS,2018-12-31 06:50:05-07,BirdDC,electric-scooter,2018-12-31 06:50:00-07,-76.9746933333333,38.90459
BirdDC-FST6Z,FST6Z,2018-12-31 06:50:05-07,BirdDC,electric-scooter,2018-12-31 06:50:00-07,-77.0652,38.9054566666667
SkipDC-352897091274020,"",2018-12-31 06:50:20-07,SkipDC,electric-scooter,2018-12-31 06:50:00-07,-77.0488833,38.9071283
BirdDC-86QVL,86QVL,2018-12-31 06:50:05-07,BirdDC,electric-scooter,2018-12-31 06:50:00-07,-77.0467066666667,38.9096366666667
JumpDC-bike_23616,JUMP DC-2651,2018-12-31 06:49:50-07,JumpDC,pedal-assist-bike,2018-12-31 06:50:00-07,-77.0446933333333,38.908055
JumpDC-bike_18824,JUMP DC-0701,2018-12-31 06:49:50-07,JumpDC,pedal-assist-bike,2018-12-31 06:50:00-07,-77.0294783333333,38.906055
BirdDC-2J81S,2J81S,2018-12-31 06:50:05-07,BirdDC,electric-scooter,2018-12-31 06:50:00-07,-77.0296483333333,38.9099083333333
JumpDC-bike_23188,JUMP DC-2497,2018-12-31 06:49:50-07,JumpDC,pedal-assist-bike,2018-12-31 06:50:00-07,-77.0239716666667,38.9079833333333
JumpDC-bike_23669,JUMP DC-2704,2018-12-31 06:49:50-07,JumpDC,pedal-assist-bike,2018-12-31 06:50:00-07,-77.015695,38.9056833333333
JumpDC-bike_23433,JUMP DC-2568,2018-12-31 06:49:50-07,JumpDC,pedal-assist-bike,2018-12-31 06:50:00-07,-76.9980833333333,38.9056866666667
JumpDC-bike_23485,JUMP DC-2620,2018-12-31 06:49:50-07,JumpDC,pedal-assist-bike,2018-12-31 06:50:00-07,-76.9828466666667,38.9061216666667
JumpDC-bike_23497,JUMP DC-2632,2018-12-31 06:49:50-07,JumpDC,pedal-assist-bike,2018-12-31 06:50:00-07,-76.9344033333333,38.9084816666667
JumpDC-bike_23617,JUMP DC-2652,2018-12-31 06:49:50-07,JumpDC,pedal-assist-bike,2018-12-31 06:50:00-07,-76.9343883333333,38.908495
JumpDC-bike_23166,JUMP DC-2475,2018-12-31 06:49:50-07,JumpDC,pedal-assist-bike,2018-12-31 06:50:00-07,-76.93444,38.9084833333333
JumpDC-bike_23666,JUMP DC-2701,2018-12-31 06:49:50-07,JumpDC,pedal-assist-bike,2018-12-31 06:50:00-07,-77.0449033333333,38.9121516666667
SkipDC-352897091275282,"",2018-12-31 06:50:20-07,SkipDC,electric-scooter,2018-12-31 06:50:00-07,-77.0386433,38.9119067
JumpDC-bike_23231,JUMP DC-2540,2018-12-31 06:49:50-07,JumpDC,pedal-assist-bike,2018-12-31 06:50:00-07,-77.0223033333333,38.913005
JumpDC-bike_23490,JUMP DC-2625,2018-12-31 06:49:50-07,JumpDC,pedal-assist-bike,2018-12-31 06:50:00-07,-77.0225266666667,38.9127533333333
JumpDC-bike_23701,JUMP DC-2736,2018-12-31 06:49:50-07,JumpDC,pedal-assist-bike,2018-12-31 06:50:00-07,-76.9837316666667,38.9150383333333
JumpDC-bike_18927,JUMP DC-0806,2018-12-31 06:49:50-07,JumpDC,pedal-assist-bike,2018-12-31 06:50:00-07,-76.9716533333333,38.9180566666667
JumpDC-bike_23482,JUMP DC-2617,2018-12-31 06:49:50-07,JumpDC,pedal-assist-bike,2018-12-31 06:50:00-07,-77.04204,38.92074
BirdDC-FWYI7,FWYI7,2018-12-31 06:50:05-07,BirdDC,electric-scooter,2018-12-31 06:50:00-07,-77.0392879,38.9189784
JumpDC-bike_23626,JUMP DC-2661,2018-12-31 06:49:50-07,JumpDC,pedal-assist-bike,2018-12-31 06:50:00-07,-77.0371683333333,38.9204166666667
BirdDC-Y1TA5,Y1TA5,2018-12-31 06:50:05-07,BirdDC,electric-scooter,2018-12-31 06:50:00-07,-77.0393011,38.9189451
BirdDC-8WMXD,8WMXD,2018-12-31 06:50:05-07,BirdDC,electric-scooter,2018-12-31 06:50:00-07,-77.0329433333333,38.9192883333333
JumpDC-bike_18835,JUMP DC-0712,2018-12-31 06:49:50-07,JumpDC,pedal-assist-bike,2018-12-31 06:50:00-07,-77.031775,38.9199183333333
BirdDC-2LLGX,2LLGX,2018-12-31 06:50:05-07,BirdDC,electric-scooter,2018-12-31 06:50:00-07,-77.000144,38.92088
JumpDC-bike_18831,JUMP DC-0708,2018-12-31 06:49:50-07,JumpDC,pedal-assist-bike,2018-12-31 06:50:00-07,-76.9978116666667,38.920105
BirdDC-C9RFT,C9RFT,2018-12-31 06:50:05-07,BirdDC,electric-scooter,2018-12-31 06:50:00-07,-76.9999705,38.9211654
JumpDC-bike_18839,JUMP DC-0716,2018-12-31 06:49:50-07,JumpDC,pedal-assist-bike,2018-12-31 06:50:00-07,-76.9621366666667,38.9190066666667
JumpDC-bike_23945,JUMP DC-2454,2018-12-31 06:49:50-07,JumpDC,pedal-assist-bike,2018-12-31 06:50:00-07,-76.9621316666667,38.9191783333333
JumpDC-bike_23693,JUMP DC-2728,2018-12-31 06:49:50-07,JumpDC,pedal-assist-bike,2018-12-31 06:50:00-07,-76.96217,38.91907
JumpDC-bike_23700,JUMP DC-2735,2018-12-31 06:49:50-07,JumpDC,pedal-assist-bike,2018-12-31 06:50:00-07,-76.96214,38.9191566666667
JumpDC-bike_23458,JUMP DC-2593,2018-12-31 06:49:50-07,JumpDC,pedal-assist-bike,2018-12-31 06:50:00-07,-76.9605333333333,38.9229383333333
JumpDC-bike_23707,JUMP DC-2742,2018-12-31 06:49:50-07,JumpDC,pedal-assist-bike,2018-12-31 06:50:00-07,-76.9621416666667,38.9190633333333
JumpDC-bike_16502,JUMP DC-0189,2018-12-31 06:49:50-07,JumpDC,pedal-assist-bike,2018-12-31 06:50:00-07,-76.9621883333333,38.91905
JumpDC-bike_23677,JUMP DC-2712,2018-12-31 06:49:50-07,JumpDC,pedal-assist-bike,2018-12-31 06:50:00-07,-77.041255,38.9236633333333
SkipDC-352897091391287,"",2018-12-31 06:50:20-07,SkipDC,electric-scooter,2018-12-31 06:50:00-07,-77.0368364,38.9241838
JumpDC-bike_23471,JUMP DC-2606,2018-12-31 06:49:50-07,JumpDC,pedal-assist-bike,2018-12-31 06:50:00-07,-77.0363283333333,38.927435
JumpDC-bike_23220,JUMP DC-2529,2018-12-31 06:49:50-07,JumpDC,pedal-assist-bike,2018-12-31 06:50:00-07,-77.055145,38.9294733333333
JumpDC-bike_23680,JUMP DC-2715,2018-12-31 06:49:50-07,JumpDC,pedal-assist-bike,2018-12-31 06:50:00-07,-77.0554516666667,38.9300683333333
JumpDC-bike_16514,JUMP DC-0202,2018-12-31 06:49:50-07,JumpDC,pedal-assist-bike,2018-12-31 06:50:00-07,-77.0385483333333,38.931305
JumpDC-bike_23430,JUMP DC-2565,2018-12-31 06:49:50-07,JumpDC,pedal-assist-bike,2018-12-31 06:50:00-07,-77.0278566666667,38.930555
JumpDC-bike_18922,JUMP DC-0801,2018-12-31 06:49:50-07,JumpDC,pedal-assist-bike,2018-12-31 06:50:00-07,-77.027705,38.9295983333333
JumpDC-bike_18883,JUMP DC-0842,2018-12-31 06:49:50-07,JumpDC,pedal-assist-bike,2018-12-31 06:50:00-07,-77.016735,38.9299433333333
JumpDC-bike_23185,JUMP DC-2494,2018-12-31 06:49:50-07,JumpDC,pedal-assist-bike,2018-12-31 06:50:00-07,-77.032555,38.96162
JumpDC-bike_23213,JUMP DC-2522,2018-12-31 06:49:50-07,JumpDC,pedal-assist-bike,2018-12-31 06:50:00-07,-77.0336666666667,38.9899833333333
JumpDC-bike_23506,JUMP DC-2641,2018-12-31 06:04:50-07,JumpDC,pedal-assist-bike,2018-12-31 06:05:00-07,-77.00499,38.8968916666667
JumpDC-bike_18825,JUMP DC-0702,2018-12-31 06:04:50-07,JumpDC,pedal-assist-bike,2018-12-31 06:05:00-07,-77.0048466666667,38.896925
JumpDC-bike_23674,JUMP DC-2709,2018-12-31 06:04:50-07,JumpDC,pedal-assist-bike,2018-12-31 06:05:00-07,-77.00491,38.8969183333333
JumpDC-bike_18864,JUMP DC-0823,2018-12-31 06:04:50-07,JumpDC,pedal-assist-bike,2018-12-31 06:05:00-07,-77.0049383333333,38.8969083333333
JumpDC-bike_23655,JUMP DC-2690,2018-12-31 06:04:50-07,JumpDC,pedal-assist-bike,2018-12-31 06:05:00-07,-76.99638,38.9001283333333
JumpDC-bike_23150,JUMP DC-2459,2018-12-31 06:04:50-07,JumpDC,pedal-assist-bike,2018-12-31 06:05:00-07,-76.9981516666667,38.900265
JumpDC-bike_23189,JUMP DC-2498,2018-12-31 06:04:50-07,JumpDC,pedal-assist-bike,2018-12-31 06:05:00-07,-76.998065,38.9002083333333
JumpDC-bike_23487,JUMP DC-2622,2018-12-31 06:04:50-07,JumpDC,pedal-assist-bike,2018-12-31 06:05:00-07,-76.9978066666667,38.9001
JumpDC-bike_23711,JUMP DC-2746,2018-12-31 06:04:50-07,JumpDC,pedal-assist-bike,2018-12-31 06:05:00-07,-76.9972616666667,38.90011
JumpDC-bike_18898,JUMP DC-0777 ,2018-12-31 06:04:50-07,JumpDC,pedal-assist-bike,2018-12-31 06:05:00-07,-76.9923966666667,38.9003066666667
JumpDC-bike_18930,JUMP DC-0809,2018-12-31 06:04:50-07,JumpDC,pedal-assist-bike,2018-12-31 06:05:00-07,-76.9925933333333,38.899075
JumpDC-bike_23504,JUMP DC-2639,2018-12-31 06:04:50-07,JumpDC,pedal-assist-bike,2018-12-31 06:05:00-07,-76.9892166666667,38.9002566666667
JumpDC-bike_18925,JUMP DC-0804,2018-12-31 06:04:50-07,JumpDC,pedal-assist-bike,2018-12-31 06:05:00-07,-76.9920183333333,38.9002566666667
JumpDC-bike_23147,JUMP DC-2456,2018-12-31 06:04:50-07,JumpDC,pedal-assist-bike,2018-12-31 06:05:00-07,-76.9884033333333,38.9000316666667
JumpDC-bike_23197,JUMP DC-2506,2018-12-31 06:04:50-07,JumpDC,pedal-assist-bike,2018-12-31 06:05:00-07,-76.98861,38.90029
JumpDC-bike_18901,JUMP DC-0780,2018-12-31 06:04:50-07,JumpDC,pedal-assist-bike,2018-12-31 06:05:00-07,-76.99206,38.90023
JumpDC-bike_23460,JUMP DC-2595,2018-12-31 06:04:50-07,JumpDC,pedal-assist-bike,2018-12-31 06:05:00-07,-76.9891666666667,38.9002816666667
JumpDC-bike_23157,JUMP DC-2466,2018-12-31 06:04:50-07,JumpDC,pedal-assist-bike,2018-12-31 06:05:00-07,-76.9855533333333,38.90054
JumpDC-bike_23683,JUMP DC-2718,2018-12-31 06:04:50-07,JumpDC,pedal-assist-bike,2018-12-31 06:05:00-07,-76.9869083333333,38.8968116666667
JumpDC-bike_23694,JUMP DC-2729,2018-12-31 06:04:50-07,JumpDC,pedal-assist-bike,2018-12-31 06:05:00-07,-76.9465933333333,38.89869
JumpDC-bike_23455,JUMP DC-2590,2018-12-31 06:04:50-07,JumpDC,pedal-assist-bike,2018-12-31 06:05:00-07,-76.946615,38.8987166666667
JumpDC-bike_23420,JUMP DC-2555,2018-12-31 06:04:50-07,JumpDC,pedal-assist-bike,2018-12-31 06:05:00-07,-76.94665,38.898725
JumpDC-bike_23152,JUMP DC-2461,2018-12-31 06:04:50-07,JumpDC,pedal-assist-bike,2018-12-31 06:05:00-07,-76.94668,38.8988116666667
JumpDC-bike_23666,JUMP DC-2701,2018-12-31 06:04:50-07,JumpDC,pedal-assist-bike,2018-12-31 06:05:00-07,-77.0449033333333,38.9121516666667
SkipDC-352897091275282,"",2018-12-31 06:05:20-07,SkipDC,electric-scooter,2018-12-31 06:05:00-07,-77.0386833,38.9118167
BirdDC-2J81S,2J81S,2018-12-31 06:05:05-07,BirdDC,electric-scooter,2018-12-31 06:05:00-07,-77.0297083333333,38.9099233333333
JumpDC-bike_23490,JUMP DC-2625,2018-12-31 06:04:50-07,JumpDC,pedal-assist-bike,2018-12-31 06:05:00-07,-77.0225266666667,38.9127533333333
JumpDC-bike_18905,JUMP DC-0784,2018-12-31 06:04:50-07,JumpDC,pedal-assist-bike,2018-12-31 06:05:00-07,-77.0225,38.9127083333333
JumpDC-bike_23705,JUMP DC-2740,2018-12-31 06:04:50-07,JumpDC,pedal-assist-bike,2018-12-31 06:05:00-07,-77.0222916666667,38.9125466666667
JumpDC-bike_23231,JUMP DC-2540,2018-12-31 06:04:50-07,JumpDC,pedal-assist-bike,2018-12-31 06:05:00-07,-77.0223033333333,38.913005
JumpDC-bike_18862,JUMP DC-0821,2018-12-31 06:04:50-07,JumpDC,pedal-assist-bike,2018-12-31 06:05:00-07,-77.0225233333333,38.9127216666667
JumpDC-bike_23643,JUMP DC-2678,2018-12-31 06:04:50-07,JumpDC,pedal-assist-bike,2018-12-31 06:05:00-07,-77.0122333333333,38.9127016666667
JumpDC-bike_23417,JUMP DC-2552,2018-12-31 06:04:50-07,JumpDC,pedal-assist-bike,2018-12-31 06:05:00-07,-77.0122083333333,38.9127766666667
SkipDC-352897091437486,"",2018-12-31 06:05:20-07,SkipDC,electric-scooter,2018-12-31 06:05:00-07,-77.013955,38.9119867
JumpDC-bike_18880,JUMP DC-0839,2018-12-31 06:04:50-07,JumpDC,pedal-assist-bike,2018-12-31 06:05:00-07,-76.997335,38.9104366666667
JumpDC-bike_23633,JUMP DC-2668,2018-12-31 06:04:50-07,JumpDC,pedal-assist-bike,2018-12-31 06:05:00-07,-76.9975516666667,38.91051
JumpDC-bike_23668,JUMP DC-2703,2018-12-31 06:04:50-07,JumpDC,pedal-assist-bike,2018-12-31 06:05:00-07,-76.9973333333333,38.9104383333333
BirdDC-Z8AA4,Z8AA4,2018-12-31 06:05:05-07,BirdDC,electric-scooter,2018-12-31 06:05:00-07,-77.0729066666667,38.91708
BirdDC-VSXD,VSXD,2018-12-31 06:05:05-07,BirdDC,electric-scooter,2018-12-31 06:05:00-07,-77.0392428339245,38.9187512174611
BirdDC-1BX55,1BX55,2018-12-31 06:05:05-07,BirdDC,electric-scooter,2018-12-31 06:05:00-07,-77.0392001502065,38.9188453866314
BirdDC-BMWJM,BMWJM,2018-12-31 06:05:05-07,BirdDC,electric-scooter,2018-12-31 06:05:00-07,-77.0392401432289,38.9188356670921
BirdDC-FT2RS,FT2RS,2018-12-31 06:05:05-07,BirdDC,electric-scooter,2018-12-31 06:05:00-07,-77.0392325241836,38.9188704081242
BirdDC-1UI2Z,1UI2Z,2018-12-31 06:05:05-07,BirdDC,electric-scooter,2018-12-31 06:05:00-07,-77.0392325241836,38.9188704081242
BirdDC-8DJWK,8DJWK,2018-12-31 06:05:05-07,BirdDC,electric-scooter,2018-12-31 06:05:00-07,-77.0392325241836,38.9188704081242
BirdDC-2LLGX,2LLGX,2018-12-31 06:05:05-07,BirdDC,electric-scooter,2018-12-31 06:05:00-07,-77.000144,38.92088
JumpDC-bike_23430,JUMP DC-2565,2018-12-31 06:04:50-07,JumpDC,pedal-assist-bike,2018-12-31 06:05:00-07,-77.0278566666667,38.930555
JumpDC-bike_18922,JUMP DC-0801,2018-12-31 06:04:50-07,JumpDC,pedal-assist-bike,2018-12-31 06:05:00-07,-77.027705,38.9295983333333
JumpDC-bike_18883,JUMP DC-0842,2018-12-31 06:04:50-07,JumpDC,pedal-assist-bike,2018-12-31 06:05:00-07,-77.016735,38.9299433333333
JumpDC-bike_23440,JUMP DC-2575,2018-12-31 06:04:50-07,JumpDC,pedal-assist-bike,2018-12-31 06:05:00-07,-77.0442166666667,38.9332333333333
JumpDC-bike_18899,JUMP DC-0778,2018-12-31 06:04:50-07,JumpDC,pedal-assist-bike,2018-12-31 06:05:00-07,-77.0345633333333,38.9343866666667
JumpDC-bike_23710,JUMP DC-2745,2018-12-31 06:04:50-07,JumpDC,pedal-assist-bike,2018-12-31 06:05:00-07,-77.0331783333333,38.937135
JumpDC-bike_18827,JUMP DC-0704,2018-12-31 06:04:50-07,JumpDC,pedal-assist-bike,2018-12-31 06:05:00-07,-77.032435,38.9408666666667
JumpDC-bike_18848,JUMP DC-0693,2018-12-31 06:04:50-07,JumpDC,pedal-assist-bike,2018-12-31 06:05:00-07,-77.020255,38.94535
JumpDC-bike_23483,JUMP DC-2618,2018-12-31 06:04:50-07,JumpDC,pedal-assist-bike,2018-12-31 06:05:00-07,-76.97885,38.9453983333333
JumpDC-bike_23212,JUMP DC-2521,2018-12-31 06:19:50-07,JumpDC,pedal-assist-bike,2018-12-31 06:20:00-07,-76.9955183333333,38.8623883333333
JumpDC-bike_23428,JUMP DC-2563,2018-12-31 06:19:50-07,JumpDC,pedal-assist-bike,2018-12-31 06:20:00-07,-76.9946683333333,38.8626716666667
JumpDC-bike_18937,JUMP DC-0816,2018-12-31 06:19:50-07,JumpDC,pedal-assist-bike,2018-12-31 06:20:00-07,-76.9946716666667,38.8626533333333
JumpDC-bike_18856,JUMP DC-0765,2018-12-31 06:19:50-07,JumpDC,pedal-assist-bike,2018-12-31 06:20:00-07,-76.9947633333333,38.8626516666667
JumpDC-bike_23172,JUMP DC-2481,2018-12-31 06:19:50-07,JumpDC,pedal-assist-bike,2018-12-31 06:20:00-07,-76.99474,38.8626816666667
JumpDC-bike_18919,JUMP DC-0798,2018-12-31 06:19:50-07,JumpDC,pedal-assist-bike,2018-12-31 06:20:00-07,-77.0176566666667,38.8771133333333
JumpDC-bike_23199,JUMP DC-2508,2018-12-31 06:19:50-07,JumpDC,pedal-assist-bike,2018-12-31 06:20:00-07,-77.0176716666667,38.8772133333333
JumpDC-bike_23642,JUMP DC-2677,2018-12-31 06:19:50-07,JumpDC,pedal-assist-bike,2018-12-31 06:20:00-07,-77.0177466666667,38.8771516666667
BirdDC-QKDF5,QKDF5,2018-12-31 06:20:05-07,BirdDC,electric-scooter,2018-12-31 06:20:00-07,-77.0115234,38.8765727
JumpDC-bike_23459,JUMP DC-2594,2018-12-31 06:19:50-07,JumpDC,pedal-assist-bike,2018-12-31 06:20:00-07,-76.98953,38.8890583333333
JumpDC-bike_23461,JUMP DC-2596,2018-12-31 06:19:50-07,JumpDC,pedal-assist-bike,2018-12-31 06:20:00-07,-76.9914483333333,38.889615
JumpDC-bike_23629,JUMP DC-2664,2018-12-31 06:19:50-07,JumpDC,pedal-assist-bike,2018-12-31 06:20:00-07,-76.9894133333333,38.88916
BirdDC-I2Z5H,I2Z5H,2018-12-31 06:20:05-07,BirdDC,electric-scooter,2018-12-31 06:20:00-07,-76.9564283333333,38.88784
JumpDC-bike_23638,JUMP DC-2673,2018-12-31 06:19:50-07,JumpDC,pedal-assist-bike,2018-12-31 06:20:00-07,-76.9477916666667,38.888865
JumpDC-bike_16615,JUMP DC-0250,2018-12-31 06:19:50-07,JumpDC,pedal-assist-bike,2018-12-31 06:20:00-07,-76.9477166666667,38.8888633333333
JumpDC-bike_23480,JUMP DC-2615,2018-12-31 06:19:50-07,JumpDC,pedal-assist-bike,2018-12-31 06:20:00-07,-76.9445783333333,38.8896833333333
BirdDC-BKIHT,BKIHT,2018-12-31 06:20:05-07,BirdDC,electric-scooter,2018-12-31 06:20:00-07,-77.054435,38.8960233333333
SkipDC-352897091381726,"",2018-12-31 06:20:20-07,SkipDC,electric-scooter,2018-12-31 06:20:00-07,-77.0294667,38.8973283
JumpDC-bike_23196,JUMP DC-2505,2018-12-31 06:19:50-07,JumpDC,pedal-assist-bike,2018-12-31 06:20:00-07,-77.0118883333333,38.9002083333333
JumpDC-bike_23506,JUMP DC-2641,2018-12-31 06:19:50-07,JumpDC,pedal-assist-bike,2018-12-31 06:20:00-07,-77.00499,38.8968916666667
JumpDC-bike_18825,JUMP DC-0702,2018-12-31 06:19:50-07,JumpDC,pedal-assist-bike,2018-12-31 06:20:00-07,-77.0048466666667,38.896925
JumpDC-bike_23674,JUMP DC-2709,2018-12-31 06:19:50-07,JumpDC,pedal-assist-bike,2018-12-31 06:20:00-07,-77.00491,38.8969183333333
JumpDC-bike_18864,JUMP DC-0823,2018-12-31 06:19:50-07,JumpDC,pedal-assist-bike,2018-12-31 06:20:00-07,-77.0049383333333,38.8969083333333
JumpDC-bike_23655,JUMP DC-2690,2018-12-31 06:19:50-07,JumpDC,pedal-assist-bike,2018-12-31 06:20:00-07,-76.99638,38.9001283333333
JumpDC-bike_23150,JUMP DC-2459,2018-12-31 06:19:50-07,JumpDC,pedal-assist-bike,2018-12-31 06:20:00-07,-76.9981516666667,38.900265
JumpDC-bike_23711,JUMP DC-2746,2018-12-31 06:19:50-07,JumpDC,pedal-assist-bike,2018-12-31 06:20:00-07,-76.9972616666667,38.90011
JumpDC-bike_23487,JUMP DC-2622,2018-12-31 06:19:50-07,JumpDC,pedal-assist-bike,2018-12-31 06:20:00-07,-76.9978066666667,38.9001
JumpDC-bike_23189,JUMP DC-2498,2018-12-31 06:19:50-07,JumpDC,pedal-assist-bike,2018-12-31 06:20:00-07,-76.998065,38.9002083333333
JumpDC-bike_23147,JUMP DC-2456,2018-12-31 06:19:50-07,JumpDC,pedal-assist-bike,2018-12-31 06:20:00-07,-76.9884033333333,38.9000316666667
JumpDC-bike_23460,JUMP DC-2595,2018-12-31 06:19:50-07,JumpDC,pedal-assist-bike,2018-12-31 06:20:00-07,-76.9891666666667,38.9002816666667
JumpDC-bike_23504,JUMP DC-2639,2018-12-31 06:19:50-07,JumpDC,pedal-assist-bike,2018-12-31 06:20:00-07,-76.9892166666667,38.9002566666667
JumpDC-bike_18824,JUMP DC-0701,2018-12-31 06:19:50-07,JumpDC,pedal-assist-bike,2018-12-31 06:20:00-07,-77.0294783333333,38.906055
JumpDC-bike_23188,JUMP DC-2497,2018-12-31 06:19:50-07,JumpDC,pedal-assist-bike,2018-12-31 06:20:00-07,-77.0239716666667,38.9079833333333
JumpDC-bike_23669,JUMP DC-2704,2018-12-31 06:19:50-07,JumpDC,pedal-assist-bike,2018-12-31 06:20:00-07,-77.015695,38.9056833333333
JumpDC-bike_23433,JUMP DC-2568,2018-12-31 06:19:50-07,JumpDC,pedal-assist-bike,2018-12-31 06:20:00-07,-76.9980833333333,38.9056866666667
JumpDC-bike_23485,JUMP DC-2620,2018-12-31 06:19:50-07,JumpDC,pedal-assist-bike,2018-12-31 06:20:00-07,-76.9828466666667,38.9061216666667
JumpDC-bike_23497,JUMP DC-2632,2018-12-31 06:19:50-07,JumpDC,pedal-assist-bike,2018-12-31 06:20:00-07,-76.9344033333333,38.9084816666667
JumpDC-bike_23617,JUMP DC-2652,2018-12-31 06:19:50-07,JumpDC,pedal-assist-bike,2018-12-31 06:20:00-07,-76.9343883333333,38.908495
JumpDC-bike_23166,JUMP DC-2475,2018-12-31 06:19:50-07,JumpDC,pedal-assist-bike,2018-12-31 06:20:00-07,-76.93444,38.9084833333333
JumpDC-bike_23666,JUMP DC-2701,2018-12-31 06:19:50-07,JumpDC,pedal-assist-bike,2018-12-31 06:20:00-07,-77.0449033333333,38.9121516666667
SkipDC-352897091275282,"",2018-12-31 06:20:20-07,SkipDC,electric-scooter,2018-12-31 06:20:00-07,-77.0386433,38.9119067
JumpDC-bike_23490,JUMP DC-2625,2018-12-31 06:19:50-07,JumpDC,pedal-assist-bike,2018-12-31 06:20:00-07,-77.0225266666667,38.9127533333333
JumpDC-bike_18905,JUMP DC-0784,2018-12-31 06:19:50-07,JumpDC,pedal-assist-bike,2018-12-31 06:20:00-07,-77.0225,38.9127083333333
JumpDC-bike_18862,JUMP DC-0821,2018-12-31 06:19:50-07,JumpDC,pedal-assist-bike,2018-12-31 06:20:00-07,-77.0225233333333,38.9127216666667
JumpDC-bike_23705,JUMP DC-2740,2018-12-31 06:19:50-07,JumpDC,pedal-assist-bike,2018-12-31 06:20:00-07,-77.0222916666667,38.9125466666667
JumpDC-bike_23231,JUMP DC-2540,2018-12-31 06:19:50-07,JumpDC,pedal-assist-bike,2018-12-31 06:20:00-07,-77.0223033333333,38.913005
SkipDC-352897091437486,"",2018-12-31 06:20:20-07,SkipDC,electric-scooter,2018-12-31 06:20:00-07,-77.013955,38.9119867
JumpDC-bike_23417,JUMP DC-2552,2018-12-31 06:19:50-07,JumpDC,pedal-assist-bike,2018-12-31 06:20:00-07,-77.0122083333333,38.9127766666667
JumpDC-bike_23643,JUMP DC-2678,2018-12-31 06:19:50-07,JumpDC,pedal-assist-bike,2018-12-31 06:20:00-07,-77.0122333333333,38.9127016666667
JumpDC-bike_23482,JUMP DC-2617,2018-12-31 06:19:50-07,JumpDC,pedal-assist-bike,2018-12-31 06:20:00-07,-77.04204,38.92074
BirdDC-Y1TA5,Y1TA5,2018-12-31 06:20:05-07,BirdDC,electric-scooter,2018-12-31 06:20:00-07,-77.0393011,38.9189451
BirdDC-FWYI7,FWYI7,2018-12-31 06:20:05-07,BirdDC,electric-scooter,2018-12-31 06:20:00-07,-77.0392879,38.9189784
JumpDC-bike_23626,JUMP DC-2661,2018-12-31 06:19:50-07,JumpDC,pedal-assist-bike,2018-12-31 06:20:00-07,-77.0371683333333,38.9204166666667
JumpDC-bike_18835,JUMP DC-0712,2018-12-31 06:19:50-07,JumpDC,pedal-assist-bike,2018-12-31 06:20:00-07,-77.0318466666667,38.9201233333333
BirdDC-8WMXD,8WMXD,2018-12-31 06:20:05-07,BirdDC,electric-scooter,2018-12-31 06:20:00-07,-77.0329966666667,38.91927
BirdDC-2LLGX,2LLGX,2018-12-31 06:20:05-07,BirdDC,electric-scooter,2018-12-31 06:20:00-07,-77.000144,38.92088
BirdDC-C9RFT,C9RFT,2018-12-31 06:20:05-07,BirdDC,electric-scooter,2018-12-31 06:20:00-07,-76.9999705,38.9211654
JumpDC-bike_18831,JUMP DC-0708,2018-12-31 06:19:50-07,JumpDC,pedal-assist-bike,2018-12-31 06:20:00-07,-76.9978116666667,38.920105
JumpDC-bike_23707,JUMP DC-2742,2018-12-31 06:19:50-07,JumpDC,pedal-assist-bike,2018-12-31 06:20:00-07,-76.9621416666667,38.9190633333333
JumpDC-bike_18839,JUMP DC-0716,2018-12-31 06:19:50-07,JumpDC,pedal-assist-bike,2018-12-31 06:20:00-07,-76.9621366666667,38.9190066666667
JumpDC-bike_23945,JUMP DC-2454,2018-12-31 06:19:50-07,JumpDC,pedal-assist-bike,2018-12-31 06:20:00-07,-76.9621316666667,38.9191783333333
JumpDC-bike_23693,JUMP DC-2728,2018-12-31 06:19:50-07,JumpDC,pedal-assist-bike,2018-12-31 06:20:00-07,-76.96217,38.91907
JumpDC-bike_23700,JUMP DC-2735,2018-12-31 06:19:50-07,JumpDC,pedal-assist-bike,2018-12-31 06:20:00-07,-76.96214,38.9191566666667
JumpDC-bike_23458,JUMP DC-2593,2018-12-31 06:19:50-07,JumpDC,pedal-assist-bike,2018-12-31 06:20:00-07,-76.9605333333333,38.9229383333333
JumpDC-bike_23677,JUMP DC-2712,2018-12-31 06:19:50-07,JumpDC,pedal-assist-bike,2018-12-31 06:20:00-07,-77.041255,38.9236633333333
SkipDC-352897091391287,"",2018-12-31 06:20:20-07,SkipDC,electric-scooter,2018-12-31 06:20:00-07,-77.0368364,38.9241838
JumpDC-bike_23213,JUMP DC-2522,2018-12-31 06:19:50-07,JumpDC,pedal-assist-bike,2018-12-31 06:20:00-07,-77.0336666666667,38.9899833333333
JumpDC-bike_18937,JUMP DC-0816,2018-12-31 06:34:50-07,JumpDC,pedal-assist-bike,2018-12-31 06:35:00-07,-76.9946716666667,38.8626533333333
JumpDC-bike_18856,JUMP DC-0765,2018-12-31 06:34:50-07,JumpDC,pedal-assist-bike,2018-12-31 06:35:00-07,-76.9947633333333,38.8626516666667
JumpDC-bike_23172,JUMP DC-2481,2018-12-31 06:34:50-07,JumpDC,pedal-assist-bike,2018-12-31 06:35:00-07,-76.99474,38.8626816666667
JumpDC-bike_23212,JUMP DC-2521,2018-12-31 06:34:50-07,JumpDC,pedal-assist-bike,2018-12-31 06:35:00-07,-76.9955183333333,38.8623883333333
JumpDC-bike_23428,JUMP DC-2563,2018-12-31 06:34:50-07,JumpDC,pedal-assist-bike,2018-12-31 06:35:00-07,-76.9946683333333,38.8626716666667
SkipDC-352897091381247,"",2018-12-31 06:35:20-07,SkipDC,electric-scooter,2018-12-31 06:35:00-07,-77.0353817,38.8800117
JumpDC-bike_18933,JUMP DC-0812,2018-12-31 06:34:50-07,JumpDC,pedal-assist-bike,2018-12-31 06:35:00-07,-77.0373883333333,38.8799733333333
JumpDC-bike_18849,JUMP DC-0694,2018-12-31 06:34:50-07,JumpDC,pedal-assist-bike,2018-12-31 06:35:00-07,-77.0285366666667,38.8800316666667
JumpDC-bike_18820,JUMP DC-0688,2018-12-31 06:34:50-07,JumpDC,pedal-assist-bike,2018-12-31 06:35:00-07,-76.9950766666667,38.882805
JumpDC-bike_18836,JUMP DC-0713,2018-12-31 06:34:50-07,JumpDC,pedal-assist-bike,2018-12-31 06:35:00-07,-76.9948833333333,38.88288
JumpDC-bike_23180,JUMP DC-2489,2018-12-31 06:34:50-07,JumpDC,pedal-assist-bike,2018-12-31 06:35:00-07,-77.0460966666667,38.8838066666667
SkipDC-352897091310543,"",2018-12-31 06:35:20-07,SkipDC,electric-scooter,2018-12-31 06:35:00-07,-77.0048717,38.8839817
BirdDC-I2Z5H,I2Z5H,2018-12-31 06:35:05-07,BirdDC,electric-scooter,2018-12-31 06:35:00-07,-76.9564283333333,38.88784
JumpDC-bike_23638,JUMP DC-2673,2018-12-31 06:34:50-07,JumpDC,pedal-assist-bike,2018-12-31 06:35:00-07,-76.9477916666667,38.888865
JumpDC-bike_16615,JUMP DC-0250,2018-12-31 06:34:50-07,JumpDC,pedal-assist-bike,2018-12-31 06:35:00-07,-76.9477166666667,38.8888633333333
JumpDC-bike_23480,JUMP DC-2615,2018-12-31 06:34:50-07,JumpDC,pedal-assist-bike,2018-12-31 06:35:00-07,-76.9445783333333,38.8896833333333
BirdDC-BKIHT,BKIHT,2018-12-31 06:35:05-07,BirdDC,electric-scooter,2018-12-31 06:35:00-07,-77.054435,38.8960233333333
JumpDC-bike_23637,JUMP DC-2672,2018-12-31 06:34:50-07,JumpDC,pedal-assist-bike,2018-12-31 06:35:00-07,-77.0466833333333,38.8926233333333
JumpDC-bike_23196,JUMP DC-2505,2018-12-31 06:34:50-07,JumpDC,pedal-assist-bike,2018-12-31 06:35:00-07,-77.0118883333333,38.9002083333333
JumpDC-bike_23702,JUMP DC-2737,2018-12-31 06:34:50-07,JumpDC,pedal-assist-bike,2018-12-31 06:35:00-07,-77.012115,38.900545
JumpDC-bike_18864,JUMP DC-0823,2018-12-31 06:34:50-07,JumpDC,pedal-assist-bike,2018-12-31 06:35:00-07,-77.0049383333333,38.8969083333333
JumpDC-bike_23506,JUMP DC-2641,2018-12-31 06:34:50-07,JumpDC,pedal-assist-bike,2018-12-31 06:35:00-07,-77.00499,38.8968916666667
JumpDC-bike_18825,JUMP DC-0702,2018-12-31 06:34:50-07,JumpDC,pedal-assist-bike,2018-12-31 06:35:00-07,-77.0048466666667,38.896925
JumpDC-bike_23674,JUMP DC-2709,2018-12-31 06:34:50-07,JumpDC,pedal-assist-bike,2018-12-31 06:35:00-07,-77.00491,38.8969183333333
JumpDC-bike_23189,JUMP DC-2498,2018-12-31 06:34:50-07,JumpDC,pedal-assist-bike,2018-12-31 06:35:00-07,-76.998065,38.9002083333333
JumpDC-bike_23655,JUMP DC-2690,2018-12-31 06:34:50-07,JumpDC,pedal-assist-bike,2018-12-31 06:35:00-07,-76.99638,38.9001283333333
JumpDC-bike_23150,JUMP DC-2459,2018-12-31 06:34:50-07,JumpDC,pedal-assist-bike,2018-12-31 06:35:00-07,-76.9981516666667,38.900265
JumpDC-bike_23487,JUMP DC-2622,2018-12-31 06:34:50-07,JumpDC,pedal-assist-bike,2018-12-31 06:35:00-07,-76.9978066666667,38.9001
JumpDC-bike_23711,JUMP DC-2746,2018-12-31 06:34:50-07,JumpDC,pedal-assist-bike,2018-12-31 06:35:00-07,-76.9972616666667,38.90011
JumpDC-bike_23147,JUMP DC-2456,2018-12-31 06:34:50-07,JumpDC,pedal-assist-bike,2018-12-31 06:35:00-07,-76.9884033333333,38.9000316666667
JumpDC-bike_23504,JUMP DC-2639,2018-12-31 06:34:50-07,JumpDC,pedal-assist-bike,2018-12-31 06:35:00-07,-76.9892166666667,38.9002566666667
JumpDC-bike_18898,JUMP DC-0777 ,2018-12-31 06:34:50-07,JumpDC,pedal-assist-bike,2018-12-31 06:35:00-07,-76.9923966666667,38.9003066666667
JumpDC-bike_18930,JUMP DC-0809,2018-12-31 06:34:50-07,JumpDC,pedal-assist-bike,2018-12-31 06:35:00-07,-76.9925933333333,38.899075
JumpDC-bike_18901,JUMP DC-0780,2018-12-31 06:34:50-07,JumpDC,pedal-assist-bike,2018-12-31 06:35:00-07,-76.99206,38.90023
JumpDC-bike_23460,JUMP DC-2595,2018-12-31 06:34:50-07,JumpDC,pedal-assist-bike,2018-12-31 06:35:00-07,-76.9891666666667,38.9002816666667
JumpDC-bike_23197,JUMP DC-2506,2018-12-31 06:34:50-07,JumpDC,pedal-assist-bike,2018-12-31 06:35:00-07,-76.98861,38.90029
JumpDC-bike_18925,JUMP DC-0804,2018-12-31 06:34:50-07,JumpDC,pedal-assist-bike,2018-12-31 06:35:00-07,-76.9920183333333,38.9002566666667
JumpDC-bike_23683,JUMP DC-2718,2018-12-31 06:34:50-07,JumpDC,pedal-assist-bike,2018-12-31 06:35:00-07,-76.9869083333333,38.8968116666667
JumpDC-bike_23157,JUMP DC-2466,2018-12-31 06:34:50-07,JumpDC,pedal-assist-bike,2018-12-31 06:35:00-07,-76.9855533333333,38.90054
JumpDC-bike_23152,JUMP DC-2461,2018-12-31 06:34:50-07,JumpDC,pedal-assist-bike,2018-12-31 06:35:00-07,-76.94668,38.8988116666667
JumpDC-bike_23694,JUMP DC-2729,2018-12-31 06:34:50-07,JumpDC,pedal-assist-bike,2018-12-31 06:35:00-07,-76.9465933333333,38.89869
JumpDC-bike_23455,JUMP DC-2590,2018-12-31 06:34:50-07,JumpDC,pedal-assist-bike,2018-12-31 06:35:00-07,-76.946615,38.8987166666667
JumpDC-bike_23420,JUMP DC-2555,2018-12-31 06:34:50-07,JumpDC,pedal-assist-bike,2018-12-31 06:35:00-07,-76.94665,38.898725
BirdDC-CS68G,CS68G,2018-12-31 06:35:05-07,BirdDC,electric-scooter,2018-12-31 06:35:00-07,-77.0394000491291,38.91880622077
BirdDC-FT2RS,FT2RS,2018-12-31 06:35:05-07,BirdDC,electric-scooter,2018-12-31 06:35:00-07,-77.0392325241836,38.9188704081242
BirdDC-1UI2Z,1UI2Z,2018-12-31 06:35:05-07,BirdDC,electric-scooter,2018-12-31 06:35:00-07,-77.0392325241836,38.9188704081242
BirdDC-VSXD,VSXD,2018-12-31 06:35:05-07,BirdDC,electric-scooter,2018-12-31 06:35:00-07,-77.0392428339245,38.9187512174611
BirdDC-XAJMV,XAJMV,2018-12-31 06:35:05-07,BirdDC,electric-scooter,2018-12-31 06:35:00-07,-77.0390083333333,38.918815
BirdDC-VP73,VP73,2018-12-31 06:35:05-07,BirdDC,electric-scooter,2018-12-31 06:35:00-07,-77.0391862,38.9188162
BirdDC-1BX55,1BX55,2018-12-31 06:35:05-07,BirdDC,electric-scooter,2018-12-31 06:35:00-07,-77.0392001502065,38.9188453866314
BirdDC-8DJWK,8DJWK,2018-12-31 06:35:05-07,BirdDC,electric-scooter,2018-12-31 06:35:00-07,-77.0392325241836,38.9188704081242
JumpDC-bike_23232,JUMP DC-2541,2018-12-31 06:34:50-07,JumpDC,pedal-assist-bike,2018-12-31 06:35:00-07,-77.0126183333333,38.915685
JumpDC-bike_23469,JUMP DC-2604,2018-12-31 06:34:50-07,JumpDC,pedal-assist-bike,2018-12-31 06:35:00-07,-77.011455,38.9150916666667
JumpDC-bike_23701,JUMP DC-2736,2018-12-31 06:34:50-07,JumpDC,pedal-assist-bike,2018-12-31 06:35:00-07,-76.9837316666667,38.9150383333333
JumpDC-bike_18927,JUMP DC-0806,2018-12-31 06:34:50-07,JumpDC,pedal-assist-bike,2018-12-31 06:35:00-07,-76.9716533333333,38.9180566666667
JumpDC-bike_23482,JUMP DC-2617,2018-12-31 06:34:50-07,JumpDC,pedal-assist-bike,2018-12-31 06:35:00-07,-77.04204,38.92074
JumpDC-bike_23626,JUMP DC-2661,2018-12-31 06:34:50-07,JumpDC,pedal-assist-bike,2018-12-31 06:35:00-07,-77.0371683333333,38.9204166666667
BirdDC-Y1TA5,Y1TA5,2018-12-31 06:35:05-07,BirdDC,electric-scooter,2018-12-31 06:35:00-07,-77.0393011,38.9189451
BirdDC-FWYI7,FWYI7,2018-12-31 06:35:05-07,BirdDC,electric-scooter,2018-12-31 06:35:00-07,-77.0392879,38.9189784
BirdDC-8WMXD,8WMXD,2018-12-31 06:35:05-07,BirdDC,electric-scooter,2018-12-31 06:35:00-07,-77.03302,38.919365
JumpDC-bike_23430,JUMP DC-2565,2018-12-31 06:34:50-07,JumpDC,pedal-assist-bike,2018-12-31 06:35:00-07,-77.0278566666667,38.930555
JumpDC-bike_18922,JUMP DC-0801,2018-12-31 06:34:50-07,JumpDC,pedal-assist-bike,2018-12-31 06:35:00-07,-77.027705,38.9295983333333
JumpDC-bike_18883,JUMP DC-0842,2018-12-31 06:34:50-07,JumpDC,pedal-assist-bike,2018-12-31 06:35:00-07,-77.016735,38.9299433333333
JumpDC-bike_23440,JUMP DC-2575,2018-12-31 06:34:50-07,JumpDC,pedal-assist-bike,2018-12-31 06:35:00-07,-77.0442166666667,38.9332333333333
JumpDC-bike_18899,JUMP DC-0778,2018-12-31 06:34:50-07,JumpDC,pedal-assist-bike,2018-12-31 06:35:00-07,-77.0345633333333,38.9343866666667
JumpDC-bike_23710,JUMP DC-2745,2018-12-31 06:34:50-07,JumpDC,pedal-assist-bike,2018-12-31 06:35:00-07,-77.0331783333333,38.937135
JumpDC-bike_18827,JUMP DC-0704,2018-12-31 06:34:50-07,JumpDC,pedal-assist-bike,2018-12-31 06:35:00-07,-77.032435,38.9408666666667
JumpDC-bike_18848,JUMP DC-0693,2018-12-31 06:34:50-07,JumpDC,pedal-assist-bike,2018-12-31 06:35:00-07,-77.020255,38.94535
JumpDC-bike_23483,JUMP DC-2618,2018-12-31 06:34:50-07,JumpDC,pedal-assist-bike,2018-12-31 06:35:00-07,-76.97885,38.9453983333333
JumpDC-bike_23673,JUMP DC-2708,2018-12-31 06:49:50-07,JumpDC,pedal-assist-bike,2018-12-31 06:50:00-07,-77.00381,38.8463316666667
JumpDC-bike_23199,JUMP DC-2508,2018-12-31 06:49:50-07,JumpDC,pedal-assist-bike,2018-12-31 06:50:00-07,-77.0176716666667,38.8772133333333
JumpDC-bike_18870,JUMP DC-0829,2018-12-31 06:49:50-07,JumpDC,pedal-assist-bike,2018-12-31 06:50:00-07,-77.0176016666667,38.8771416666667
BirdDC-QKDF5,QKDF5,2018-12-31 06:50:05-07,BirdDC,electric-scooter,2018-12-31 06:50:00-07,-77.0115234,38.8765727
JumpDC-bike_23160,JUMP DC-2469,2018-12-31 06:49:50-07,JumpDC,pedal-assist-bike,2018-12-31 06:50:00-07,-77.0005466666667,38.8748633333333
JumpDC-bike_18924,JUMP DC-0803,2018-12-31 06:49:50-07,JumpDC,pedal-assist-bike,2018-12-31 06:50:00-07,-77.00073,38.8749283333333
JumpDC-bike_23667,JUMP DC-2702,2018-12-31 06:49:50-07,JumpDC,pedal-assist-bike,2018-12-31 06:50:00-07,-77.0005683333333,38.8749516666667
JumpDC-bike_23639,JUMP DC-2674,2018-12-31 06:49:50-07,JumpDC,pedal-assist-bike,2018-12-31 06:50:00-07,-77.00072,38.874935
JumpDC-bike_16505,JUMP DC-0191,2018-12-31 06:49:50-07,JumpDC,pedal-assist-bike,2018-12-31 06:50:00-07,-77.0003933333333,38.87496
JumpDC-bike_18865,JUMP DC-0824,2018-12-31 06:49:50-07,JumpDC,pedal-assist-bike,2018-12-31 06:50:00-07,-77.000655,38.8748316666667
SkipDC-352897091381247,"",2018-12-31 06:50:20-07,SkipDC,electric-scooter,2018-12-31 06:50:00-07,-77.0353817,38.8800117
JumpDC-bike_18933,JUMP DC-0812,2018-12-31 06:49:50-07,JumpDC,pedal-assist-bike,2018-12-31 06:50:00-07,-77.0373883333333,38.8799733333333
JumpDC-bike_18849,JUMP DC-0694,2018-12-31 06:49:50-07,JumpDC,pedal-assist-bike,2018-12-31 06:50:00-07,-77.0285366666667,38.8800316666667
JumpDC-bike_18820,JUMP DC-0688,2018-12-31 06:49:50-07,JumpDC,pedal-assist-bike,2018-12-31 06:50:00-07,-76.9950766666667,38.882805
JumpDC-bike_18836,JUMP DC-0713,2018-12-31 06:49:50-07,JumpDC,pedal-assist-bike,2018-12-31 06:50:00-07,-76.9948833333333,38.88288
BirdDC-BKIHT,BKIHT,2018-12-31 06:50:05-07,BirdDC,electric-scooter,2018-12-31 06:50:00-07,-77.054435,38.8960233333333
JumpDC-bike_23637,JUMP DC-2672,2018-12-31 06:49:50-07,JumpDC,pedal-assist-bike,2018-12-31 06:50:00-07,-77.0466833333333,38.8926233333333
JumpDC-bike_23419,JUMP DC-2554,2018-12-31 06:49:50-07,JumpDC,pedal-assist-bike,2018-12-31 06:50:00-07,-76.99822,38.8960983333333
JumpDC-bike_23466,JUMP DC-2601,2018-12-31 06:49:50-07,JumpDC,pedal-assist-bike,2018-12-31 06:50:00-07,-76.9950233333333,38.8958683333333
JumpDC-bike_18823,JUMP DC-0700,2018-12-31 06:49:50-07,JumpDC,pedal-assist-bike,2018-12-31 06:50:00-07,-76.9844916666667,38.89237
JumpDC-bike_23487,JUMP DC-2622,2018-12-31 06:49:50-07,JumpDC,pedal-assist-bike,2018-12-31 06:50:00-07,-76.9978066666667,38.9001
JumpDC-bike_23189,JUMP DC-2498,2018-12-31 06:49:50-07,JumpDC,pedal-assist-bike,2018-12-31 06:50:00-07,-76.998065,38.9002083333333
JumpDC-bike_18930,JUMP DC-0809,2018-12-31 06:49:50-07,JumpDC,pedal-assist-bike,2018-12-31 06:50:00-07,-76.9925933333333,38.899075
JumpDC-bike_23504,JUMP DC-2639,2018-12-31 06:49:50-07,JumpDC,pedal-assist-bike,2018-12-31 06:50:00-07,-76.9892166666667,38.9002566666667
JumpDC-bike_18898,JUMP DC-0777 ,2018-12-31 06:49:50-07,JumpDC,pedal-assist-bike,2018-12-31 06:50:00-07,-76.9923966666667,38.9003066666667
JumpDC-bike_23147,JUMP DC-2456,2018-12-31 06:49:50-07,JumpDC,pedal-assist-bike,2018-12-31 06:50:00-07,-76.9884033333333,38.9000316666667
JumpDC-bike_23197,JUMP DC-2506,2018-12-31 06:49:50-07,JumpDC,pedal-assist-bike,2018-12-31 06:50:00-07,-76.98861,38.90029
JumpDC-bike_18925,JUMP DC-0804,2018-12-31 06:49:50-07,JumpDC,pedal-assist-bike,2018-12-31 06:50:00-07,-76.9920183333333,38.9002566666667
JumpDC-bike_23460,JUMP DC-2595,2018-12-31 06:49:50-07,JumpDC,pedal-assist-bike,2018-12-31 06:50:00-07,-76.9891666666667,38.9002816666667
JumpDC-bike_18901,JUMP DC-0780,2018-12-31 06:49:50-07,JumpDC,pedal-assist-bike,2018-12-31 06:50:00-07,-76.99206,38.90023
JumpDC-bike_23683,JUMP DC-2718,2018-12-31 06:49:50-07,JumpDC,pedal-assist-bike,2018-12-31 06:50:00-07,-76.9869083333333,38.8968116666667
JumpDC-bike_23157,JUMP DC-2466,2018-12-31 06:49:50-07,JumpDC,pedal-assist-bike,2018-12-31 06:50:00-07,-76.9855533333333,38.90054
JumpDC-bike_23694,JUMP DC-2729,2018-12-31 06:49:50-07,JumpDC,pedal-assist-bike,2018-12-31 06:50:00-07,-76.9465933333333,38.89869
JumpDC-bike_23455,JUMP DC-2590,2018-12-31 06:49:50-07,JumpDC,pedal-assist-bike,2018-12-31 06:50:00-07,-76.946615,38.8987166666667
JumpDC-bike_23420,JUMP DC-2555,2018-12-31 06:49:50-07,JumpDC,pedal-assist-bike,2018-12-31 06:50:00-07,-76.94665,38.898725
JumpDC-bike_23152,JUMP DC-2461,2018-12-31 06:49:50-07,JumpDC,pedal-assist-bike,2018-12-31 06:50:00-07,-76.94668,38.8988116666667
BirdDC-5WLG1,5WLG1,2018-12-31 06:50:05-07,BirdDC,electric-scooter,2018-12-31 06:50:00-07,-77.0599816666667,38.902755
BirdDC-Z9MB8,Z9MB8,2018-12-31 06:50:05-07,BirdDC,electric-scooter,2018-12-31 06:50:00-07,-77.0631033333333,38.90239
BirdDC-E8EEB,E8EEB,2018-12-31 06:50:05-07,BirdDC,electric-scooter,2018-12-31 06:50:00-07,-77.0549166666667,38.90416
JumpDC-bike_23706,JUMP DC-2741,2018-12-31 06:49:50-07,JumpDC,pedal-assist-bike,2018-12-31 06:50:00-07,-77.0483116666667,38.9051116666667
JumpDC-bike_18905,JUMP DC-0784,2018-12-31 06:49:50-07,JumpDC,pedal-assist-bike,2018-12-31 06:50:00-07,-77.0225,38.9127083333333
JumpDC-bike_18862,JUMP DC-0821,2018-12-31 06:49:50-07,JumpDC,pedal-assist-bike,2018-12-31 06:50:00-07,-77.0225233333333,38.9127216666667
JumpDC-bike_23705,JUMP DC-2740,2018-12-31 06:49:50-07,JumpDC,pedal-assist-bike,2018-12-31 06:50:00-07,-77.0222916666667,38.9125466666667
JumpDC-bike_23643,JUMP DC-2678,2018-12-31 06:49:50-07,JumpDC,pedal-assist-bike,2018-12-31 06:50:00-07,-77.0122333333333,38.9127016666667
SkipDC-352897091437486,"",2018-12-31 06:50:20-07,SkipDC,electric-scooter,2018-12-31 06:50:00-07,-77.013955,38.9119867
JumpDC-bike_23417,JUMP DC-2552,2018-12-31 06:49:50-07,JumpDC,pedal-assist-bike,2018-12-31 06:50:00-07,-77.0122083333333,38.9127766666667
JumpDC-bike_23668,JUMP DC-2703,2018-12-31 06:49:50-07,JumpDC,pedal-assist-bike,2018-12-31 06:50:00-07,-76.9973333333333,38.9104383333333
JumpDC-bike_18880,JUMP DC-0839,2018-12-31 06:49:50-07,JumpDC,pedal-assist-bike,2018-12-31 06:50:00-07,-76.997335,38.9104366666667
JumpDC-bike_23633,JUMP DC-2668,2018-12-31 06:49:50-07,JumpDC,pedal-assist-bike,2018-12-31 06:50:00-07,-76.9975516666667,38.91051
BirdDC-Z8AA4,Z8AA4,2018-12-31 06:50:05-07,BirdDC,electric-scooter,2018-12-31 06:50:00-07,-77.0728983333333,38.9170616666667
BirdDC-BMWJM,BMWJM,2018-12-31 06:50:05-07,BirdDC,electric-scooter,2018-12-31 06:50:00-07,-77.0392401432289,38.9188356670921
BirdDC-CS68G,CS68G,2018-12-31 06:50:05-07,BirdDC,electric-scooter,2018-12-31 06:50:00-07,-77.0394000491291,38.91880622077
BirdDC-FT2RS,FT2RS,2018-12-31 06:50:05-07,BirdDC,electric-scooter,2018-12-31 06:50:00-07,-77.0392325241836,38.9188704081242
BirdDC-VSXD,VSXD,2018-12-31 06:50:05-07,BirdDC,electric-scooter,2018-12-31 06:50:00-07,-77.0392428339245,38.9187512174611
BirdDC-VP73,VP73,2018-12-31 06:50:05-07,BirdDC,electric-scooter,2018-12-31 06:50:00-07,-77.0391862,38.9188162
BirdDC-1BX55,1BX55,2018-12-31 06:50:05-07,BirdDC,electric-scooter,2018-12-31 06:50:00-07,-77.0392001502065,38.9188453866314
BirdDC-1UI2Z,1UI2Z,2018-12-31 06:50:05-07,BirdDC,electric-scooter,2018-12-31 06:50:00-07,-77.0392325241836,38.9188704081242
BirdDC-62K56,62K56,2018-12-31 06:50:05-07,BirdDC,electric-scooter,2018-12-31 06:50:00-07,-77.0392325241836,38.9188704081242
BirdDC-8DJWK,8DJWK,2018-12-31 06:50:05-07,BirdDC,electric-scooter,2018-12-31 06:50:00-07,-77.0392325241836,38.9188704081242
BirdDC-XAJMV,XAJMV,2018-12-31 06:50:05-07,BirdDC,electric-scooter,2018-12-31 06:50:00-07,-77.0390083333333,38.918815
JumpDC-bike_23232,JUMP DC-2541,2018-12-31 06:49:50-07,JumpDC,pedal-assist-bike,2018-12-31 06:50:00-07,-77.0126183333333,38.915685
JumpDC-bike_23469,JUMP DC-2604,2018-12-31 06:49:50-07,JumpDC,pedal-assist-bike,2018-12-31 06:50:00-07,-77.011455,38.9150916666667
JumpDC-bike_23440,JUMP DC-2575,2018-12-31 06:49:50-07,JumpDC,pedal-assist-bike,2018-12-31 06:50:00-07,-77.0442166666667,38.9332333333333
JumpDC-bike_18899,JUMP DC-0778,2018-12-31 06:49:50-07,JumpDC,pedal-assist-bike,2018-12-31 06:50:00-07,-77.0345633333333,38.9343866666667
JumpDC-bike_23710,JUMP DC-2745,2018-12-31 06:49:50-07,JumpDC,pedal-assist-bike,2018-12-31 06:50:00-07,-77.0331783333333,38.937135
JumpDC-bike_18827,JUMP DC-0704,2018-12-31 06:49:50-07,JumpDC,pedal-assist-bike,2018-12-31 06:50:00-07,-77.032435,38.9408666666667
JumpDC-bike_18848,JUMP DC-0693,2018-12-31 06:49:50-07,JumpDC,pedal-assist-bike,2018-12-31 06:50:00-07,-77.020255,38.94535
JumpDC-bike_23483,JUMP DC-2618,2018-12-31 06:49:50-07,JumpDC,pedal-assist-bike,2018-12-31 06:50:00-07,-76.97885,38.9453983333333
JumpDC-bike_18878,JUMP DC-0837,2018-12-31 06:49:50-07,JumpDC,pedal-assist-bike,2018-12-31 06:50:00-07,-77.02084,38.9490933333333
JumpDC-bike_23682,JUMP DC-2717,2018-12-31 06:49:50-07,JumpDC,pedal-assist-bike,2018-12-31 06:50:00-07,-76.986965,38.94941
JumpDC-bike_23202,JUMP DC-2511,2018-12-31 06:49:50-07,JumpDC,pedal-assist-bike,2018-12-31 06:50:00-07,-77.0143666666667,38.9511066666667
JumpDC-bike_18919,JUMP DC-0798,2019-01-07 06:05:03-07,JumpDC,pedal-assist-bike,2019-01-07 06:05:00-07,-76.98791,38.8451483333333
JumpDC-bike_23691,JUMP DC-2726,2019-01-07 06:05:03-07,JumpDC,pedal-assist-bike,2019-01-07 06:05:00-07,-77.0507816666667,38.8620466666667
JumpDC-bike_18828,JUMP DC-0705,2019-01-07 06:05:03-07,JumpDC,pedal-assist-bike,2019-01-07 06:05:00-07,-76.9955316666667,38.86243
JumpDC-bike_23493,JUMP DC-2628,2019-01-07 06:05:03-07,JumpDC,pedal-assist-bike,2019-01-07 06:05:00-07,-76.9954733333333,38.8627416666667
JumpDC-bike_18843,JUMP DC-0720,2019-01-07 06:05:03-07,JumpDC,pedal-assist-bike,2019-01-07 06:05:00-07,-77.0105883333333,38.873915
JumpDC-bike_23668,JUMP DC-2703,2019-01-07 06:05:03-07,JumpDC,pedal-assist-bike,2019-01-07 06:05:00-07,-77.000365,38.87429
JumpDC-bike_23662,JUMP DC-2697,2019-01-07 06:05:03-07,JumpDC,pedal-assist-bike,2019-01-07 06:05:00-07,-76.9733333333333,38.8742333333333
JumpDC-bike_18826,JUMP DC-0703,2019-01-07 06:05:03-07,JumpDC,pedal-assist-bike,2019-01-07 06:05:00-07,-76.977405,38.8647833333333
JumpDC-bike_23490,JUMP DC-2625,2019-01-07 06:05:03-07,JumpDC,pedal-assist-bike,2019-01-07 06:05:00-07,-76.981795,38.8625083333333
JumpDC-bike_23460,JUMP DC-2595,2019-01-07 06:05:03-07,JumpDC,pedal-assist-bike,2019-01-07 06:05:00-07,-76.9853733333333,38.8808033333333
JumpDC-bike_23462,JUMP DC-2597,2019-01-07 06:05:03-07,JumpDC,pedal-assist-bike,2019-01-07 06:05:00-07,-77.0061683333333,38.8718116666667
JumpDC-bike_18832,JUMP DC-0709,2019-01-07 06:05:03-07,JumpDC,pedal-assist-bike,2019-01-07 06:05:00-07,-76.9852266666667,38.8808333333333
JumpDC-bike_23676,JUMP DC-2711,2019-01-07 06:05:03-07,JumpDC,pedal-assist-bike,2019-01-07 06:05:00-07,-77.006115,38.8717983333333
JumpDC-bike_23431,JUMP DC-2566,2019-01-07 06:05:03-07,JumpDC,pedal-assist-bike,2019-01-07 06:05:00-07,-76.9851616666667,38.8808433333333
JumpDC-bike_23630,JUMP DC-2665,2019-01-07 06:05:03-07,JumpDC,pedal-assist-bike,2019-01-07 06:05:00-07,-77.0177766666667,38.877025
JumpDC-bike_23681,JUMP DC-2716,2019-01-07 06:05:03-07,JumpDC,pedal-assist-bike,2019-01-07 06:05:00-07,-76.9879983333333,38.8451716666667
SkipDC-352897091381429,"",2019-01-07 06:05:01-07,SkipDC,electric-scooter,2019-01-07 06:05:00-07,-77.0190579,38.8772621
JumpDC-bike_18836,JUMP DC-0713,2019-01-07 06:05:03-07,JumpDC,pedal-assist-bike,2019-01-07 06:05:00-07,-76.9959083333333,38.8843183333333
JumpDC-bike_23620,JUMP DC-2655,2019-01-07 06:05:03-07,JumpDC,pedal-assist-bike,2019-01-07 06:05:00-07,-76.9878983333333,38.8451666666667
JumpDC-bike_23194,JUMP DC-2503,2019-01-07 06:05:03-07,JumpDC,pedal-assist-bike,2019-01-07 06:05:00-07,-76.99595,38.8842633333333
BirdDC-U6K59,U6K59,2019-01-07 06:04:58-07,BirdDC,electric-scooter,2019-01-07 06:05:00-07,-76.953856,38.885747
BirdDC-K69YG,K69YG,2019-01-07 06:04:58-07,BirdDC,electric-scooter,2019-01-07 06:05:00-07,-76.9563216666667,38.88779
JumpDC-bike_23699,JUMP DC-2734,2019-01-07 06:05:03-07,JumpDC,pedal-assist-bike,2019-01-07 06:05:00-07,-76.91396,38.8896366666667
BirdDC-TSX9B,TSX9B,2019-01-07 06:04:58-07,BirdDC,electric-scooter,2019-01-07 06:05:00-07,-77.054435,38.8960883333333
JumpDC-bike_16612,JUMP DC-0247,2019-01-07 06:05:03-07,JumpDC,pedal-assist-bike,2019-01-07 06:05:00-07,-77.0455216666667,38.8896883333333
BirdDC-1SCCZ,1SCCZ,2019-01-07 06:04:58-07,BirdDC,electric-scooter,2019-01-07 06:05:00-07,-76.972953,38.8543801
JumpDC-bike_23680,JUMP DC-2715,2019-01-07 06:05:03-07,JumpDC,pedal-assist-bike,2019-01-07 06:05:00-07,-77.0076583333333,38.8920816666667
JumpDC-bike_18867,JUMP DC-0826,2019-01-07 06:05:03-07,JumpDC,pedal-assist-bike,2019-01-07 06:05:00-07,-77.0318233333333,38.9051866666667
BirdDC-SXIUM,SXIUM,2019-01-07 06:04:58-07,BirdDC,electric-scooter,2019-01-07 06:05:00-07,-76.9131166666667,38.8957183333333
BirdDC-G1UXA,G1UXA,2019-01-07 06:04:58-07,BirdDC,electric-scooter,2019-01-07 06:05:00-07,-77.0548016666667,38.8973533333333
BirdDC-XWXXJ,XWXXJ,2019-01-07 06:04:58-07,BirdDC,electric-scooter,2019-01-07 06:05:00-07,-77.05481,38.8973233333333
JumpDC-bike_23636,JUMP DC-2671,2019-01-07 06:05:03-07,JumpDC,pedal-assist-bike,2019-01-07 06:05:00-07,-77.053285,38.900195
BirdDC-CHIZ5,CHIZ5,2019-01-07 06:04:58-07,BirdDC,electric-scooter,2019-01-07 06:05:00-07,-77.05001,38.9007916666667
BirdDC-ZG3PV,ZG3PV,2019-01-07 06:04:58-07,BirdDC,electric-scooter,2019-01-07 06:05:00-07,-77.0467216666667,38.8968116666667
JumpDC-bike_23202,JUMP DC-2511,2019-01-07 06:05:03-07,JumpDC,pedal-assist-bike,2019-01-07 06:05:00-07,-77.0323366666667,38.9095683333333
JumpDC-bike_16516,JUMP DC-0174,2019-01-07 06:05:03-07,JumpDC,pedal-assist-bike,2019-01-07 06:05:00-07,-77.0342616666667,38.909605
JumpDC-bike_16492,JUMP DC-0179,2019-01-07 06:05:03-07,JumpDC,pedal-assist-bike,2019-01-07 06:05:00-07,-77.0306783333333,38.9076466666667
BirdDC-6JU9K,6JU9K,2019-01-07 06:04:58-07,BirdDC,electric-scooter,2019-01-07 06:05:00-07,-77.0272133333333,38.9095616666667
JumpDC-bike_23666,JUMP DC-2701,2019-01-07 06:05:03-07,JumpDC,pedal-assist-bike,2019-01-07 06:05:00-07,-77.005545,38.9000183333333
JumpDC-bike_23419,JUMP DC-2554,2019-01-07 06:05:03-07,JumpDC,pedal-assist-bike,2019-01-07 06:05:00-07,-76.9982416666667,38.8994616666667
JumpDC-bike_23228,JUMP DC-2537,2019-01-07 06:05:03-07,JumpDC,pedal-assist-bike,2019-01-07 06:05:00-07,-76.9977683333333,38.90016
JumpDC-bike_23656,JUMP DC-2691 ,2019-01-07 06:05:03-07,JumpDC,pedal-assist-bike,2019-01-07 06:05:00-07,-76.9962483333333,38.899955
JumpDC-bike_23142,JUMP DC-2451,2019-01-07 06:05:03-07,JumpDC,pedal-assist-bike,2019-01-07 06:05:00-07,-76.9984766666667,38.9003083333333
JumpDC-bike_23147,JUMP DC-2456,2019-01-07 06:05:03-07,JumpDC,pedal-assist-bike,2019-01-07 06:05:00-07,-76.9473283333333,38.897335
JumpDC-bike_23667,JUMP DC-2702,2019-01-07 06:05:03-07,JumpDC,pedal-assist-bike,2019-01-07 06:05:00-07,-76.9472516666667,38.8974366666667
BirdDC-PTYLQ,PTYLQ,2019-01-07 06:04:58-07,BirdDC,electric-scooter,2019-01-07 06:05:00-07,-77.0612633333333,38.9026266666667
BirdDC-EXJKY,EXJKY,2019-01-07 06:04:58-07,BirdDC,electric-scooter,2019-01-07 06:05:00-07,-77.0636366666667,38.90519
JumpDC-bike_23430,JUMP DC-2565,2019-01-07 06:05:03-07,JumpDC,pedal-assist-bike,2019-01-07 06:05:00-07,-76.989215,38.9108416666667
BirdDC-177BK,177BK,2019-01-07 06:04:58-07,BirdDC,electric-scooter,2019-01-07 06:05:00-07,-77.0432816666667,38.91697
BirdDC-BMWJM,BMWJM,2019-01-07 06:04:58-07,BirdDC,electric-scooter,2019-01-07 06:05:00-07,-77.0392401432289,38.9188356670921
BirdDC-8DJWK,8DJWK,2019-01-07 06:04:58-07,BirdDC,electric-scooter,2019-01-07 06:05:00-07,-77.0392325241836,38.9188704081242
BirdDC-MNF5F,MNF5F,2019-01-07 06:04:58-07,BirdDC,electric-scooter,2019-01-07 06:05:00-07,-77.0390554219108,38.9186774171836
BirdDC-CS68G,CS68G,2019-01-07 06:04:58-07,BirdDC,electric-scooter,2019-01-07 06:05:00-07,-77.0394000491291,38.91880622077
BirdDC-62K56,62K56,2019-01-07 06:04:58-07,BirdDC,electric-scooter,2019-01-07 06:05:00-07,-77.0392325241836,38.9188704081242
JumpDC-bike_23500,JUMP DC-2635,2019-01-07 06:05:03-07,JumpDC,pedal-assist-bike,2019-01-07 06:05:00-07,-77.0384933333333,38.9166116666667
BirdDC-QEEQF,QEEQF,2019-01-07 06:04:58-07,BirdDC,electric-scooter,2019-01-07 06:05:00-07,-77.0389633333333,38.918815
BirdDC-FT2RS,FT2RS,2019-01-07 06:04:58-07,BirdDC,electric-scooter,2019-01-07 06:05:00-07,-77.039163272064,38.9187028208715
JumpDC-bike_23655,JUMP DC-2690,2019-01-07 06:05:03-07,JumpDC,pedal-assist-bike,2019-01-07 06:05:00-07,-77.0400833333333,38.9180533333333
BirdDC-VSXD,VSXD,2019-01-07 06:04:58-07,BirdDC,electric-scooter,2019-01-07 06:05:00-07,-77.0392428339245,38.9187512174611
BirdDC-XAJMV,XAJMV,2019-01-07 06:04:58-07,BirdDC,electric-scooter,2019-01-07 06:05:00-07,-77.0390083333333,38.918815
BirdDC-VP73,VP73,2019-01-07 06:04:58-07,BirdDC,electric-scooter,2019-01-07 06:05:00-07,-77.0391862,38.9188162
BirdDC-1BX55,1BX55,2019-01-07 06:04:58-07,BirdDC,electric-scooter,2019-01-07 06:05:00-07,-77.0392001502065,38.9188453866314
SkipDC-352897090241400,"",2019-01-07 06:05:01-07,SkipDC,electric-scooter,2019-01-07 06:05:00-07,-77.0285597,38.9168333
JumpDC-bike_23438,JUMP DC-2573,2019-01-07 06:05:03-07,JumpDC,pedal-assist-bike,2019-01-07 06:05:00-07,-77.0288483333333,38.9171966666667
JumpDC-bike_23203,JUMP DC-2512,2019-01-07 06:05:03-07,JumpDC,pedal-assist-bike,2019-01-07 06:05:00-07,-77.0183083333333,38.9086333333333
SkipDC-352897091311467,"",2019-01-07 06:05:01-07,SkipDC,electric-scooter,2019-01-07 06:05:00-07,-76.99715,38.9080533
SkipDC-352897091387384,"",2019-01-07 06:05:01-07,SkipDC,electric-scooter,2019-01-07 06:05:00-07,-76.9964683,38.9074817
JumpDC-bike_18933,JUMP DC-0812,2019-01-07 06:05:03-07,JumpDC,pedal-assist-bike,2019-01-07 06:05:00-07,-77.0444266666667,38.91258
JumpDC-bike_23617,JUMP DC-2652,2019-01-07 06:05:03-07,JumpDC,pedal-assist-bike,2019-01-07 06:05:00-07,-77.0434733333333,38.9135966666667
JumpDC-bike_23433,JUMP DC-2568,2019-01-07 06:05:03-07,JumpDC,pedal-assist-bike,2019-01-07 06:05:00-07,-77.0366116666667,38.9106783333333
JumpDC-bike_16623,JUMP DC-0231,2019-01-07 06:05:03-07,JumpDC,pedal-assist-bike,2019-01-07 06:05:00-07,-77.0376533333333,38.911165
JumpDC-bike_23216,JUMP DC-2525,2019-01-07 06:05:03-07,JumpDC,pedal-assist-bike,2019-01-07 06:05:00-07,-77.0269533333333,38.9130083333333
JumpDC-bike_23713,JUMP DC-2748,2019-01-07 06:05:03-07,JumpDC,pedal-assist-bike,2019-01-07 06:05:00-07,-77.0222383333333,38.912545
JumpDC-bike_23489,JUMP DC-2624,2019-01-07 06:05:03-07,JumpDC,pedal-assist-bike,2019-01-07 06:05:00-07,-77.0221183333333,38.912565
JumpDC-bike_23484,JUMP DC-2619,2019-01-07 06:05:03-07,JumpDC,pedal-assist-bike,2019-01-07 06:05:00-07,-77.0205116666667,38.91375
JumpDC-bike_23638,JUMP DC-2673,2019-01-07 06:05:03-07,JumpDC,pedal-assist-bike,2019-01-07 06:05:00-07,-77.0515783333333,38.91913
JumpDC-bike_23160,JUMP DC-2469,2019-01-07 06:05:03-07,JumpDC,pedal-assist-bike,2019-01-07 06:05:00-07,-77.0417366666667,38.919405
JumpDC-bike_23496,JUMP DC-2631,2019-01-07 06:05:03-07,JumpDC,pedal-assist-bike,2019-01-07 06:05:00-07,-77.0448616666667,38.9213866666667
BirdDC-Y1TA5,Y1TA5,2019-01-07 06:04:58-07,BirdDC,electric-scooter,2019-01-07 06:05:00-07,-77.0393011,38.9189451
BirdDC-FWYI7,FWYI7,2019-01-07 06:04:58-07,BirdDC,electric-scooter,2019-01-07 06:05:00-07,-77.0392879,38.9189784
BirdDC-1UI2Z,1UI2Z,2019-01-07 06:04:58-07,BirdDC,electric-scooter,2019-01-07 06:05:00-07,-77.0392763989813,38.918952309972
JumpDC-bike_23672,JUMP DC-2707,2019-01-07 06:05:03-07,JumpDC,pedal-assist-bike,2019-01-07 06:05:00-07,-77.0251433333333,38.9196583333333
SkipDC-352897091386527,"",2019-01-07 06:05:01-07,SkipDC,electric-scooter,2019-01-07 06:05:00-07,-77.0217167,38.92001
SkipDC-352897091343221,"",2019-01-07 06:05:01-07,SkipDC,electric-scooter,2019-01-07 06:05:00-07,-77.0216717,38.91992
SkipDC-352897091437866,"",2019-01-07 06:05:01-07,SkipDC,electric-scooter,2019-01-07 06:05:00-07,-77.021695,38.9200083
SkipDC-352897091291982,"",2019-01-07 06:05:01-07,SkipDC,electric-scooter,2019-01-07 06:05:00-07,-77.0216733,38.9200167
BirdDC-BX8WG,BX8WG,2019-01-07 06:04:58-07,BirdDC,electric-scooter,2019-01-07 06:05:00-07,-76.986695,38.9215166666667
JumpDC-bike_23693,JUMP DC-2728,2019-01-07 06:05:03-07,JumpDC,pedal-assist-bike,2019-01-07 06:05:00-07,-76.96217,38.91907
JumpDC-bike_23700,JUMP DC-2735,2019-01-07 06:05:03-07,JumpDC,pedal-assist-bike,2019-01-07 06:05:00-07,-76.96214,38.9191566666667
JumpDC-bike_18840,JUMP DC-0846,2019-01-07 06:05:03-07,JumpDC,pedal-assist-bike,2019-01-07 06:05:00-07,-76.9621666666667,38.9190966666667
JumpDC-bike_23634,JUMP DC-2669,2019-01-07 06:05:03-07,JumpDC,pedal-assist-bike,2019-01-07 06:05:00-07,-76.9621183333333,38.919115
JumpDC-bike_23209,JUMP DC-2518,2019-01-07 06:05:03-07,JumpDC,pedal-assist-bike,2019-01-07 06:05:00-07,-76.9623533333333,38.9193116666667
JumpDC-bike_23214,JUMP DC-2523,2019-01-07 06:05:03-07,JumpDC,pedal-assist-bike,2019-01-07 06:05:00-07,-76.9621783333333,38.9190816666667
JumpDC-bike_23230,JUMP DC-2539 ,2019-01-07 06:05:03-07,JumpDC,pedal-assist-bike,2019-01-07 06:05:00-07,-76.9622183333333,38.9190683333333
JumpDC-bike_23428,JUMP DC-2563,2019-01-07 06:05:03-07,JumpDC,pedal-assist-bike,2019-01-07 06:05:00-07,-76.9621816666667,38.9189983333333
JumpDC-bike_18834,JUMP DC-0711,2019-01-07 06:05:03-07,JumpDC,pedal-assist-bike,2019-01-07 06:05:00-07,-76.9622416666667,38.91928
JumpDC-bike_18827,JUMP DC-0704,2019-01-07 06:05:03-07,JumpDC,pedal-assist-bike,2019-01-07 06:05:00-07,-77.012475,38.9148816666667
JumpDC-bike_23497,JUMP DC-2632,2019-01-07 06:05:03-07,JumpDC,pedal-assist-bike,2019-01-07 06:05:00-07,-76.98005,38.9173516666667
JumpDC-bike_23660,JUMP DC-2695,2019-01-07 06:05:03-07,JumpDC,pedal-assist-bike,2019-01-07 06:05:00-07,-76.9623516666667,38.9189183333333
JumpDC-bike_18912,JUMP DC-0791,2019-01-07 06:05:03-07,JumpDC,pedal-assist-bike,2019-01-07 06:05:00-07,-77.0532833333333,38.92642
JumpDC-bike_18911,JUMP DC-0790,2019-01-07 06:05:03-07,JumpDC,pedal-assist-bike,2019-01-07 06:05:00-07,-77.052575,38.9238066666667
SkipDC-352897091328586,"",2019-01-07 06:05:01-07,SkipDC,electric-scooter,2019-01-07 06:05:00-07,-77.0226017,38.9242067
JumpDC-bike_23201,JUMP DC-2510,2019-01-07 06:05:03-07,JumpDC,pedal-assist-bike,2019-01-07 06:05:00-07,-77.0031516666667,38.9237466666667
JumpDC-bike_23665,JUMP DC-2700,2019-01-07 06:05:03-07,JumpDC,pedal-assist-bike,2019-01-07 06:05:00-07,-76.9903666666667,38.9258433333333
JumpDC-bike_18925,JUMP DC-0804,2019-01-07 06:05:03-07,JumpDC,pedal-assist-bike,2019-01-07 06:05:00-07,-77.0581016666667,38.9295816666667
JumpDC-bike_23619,JUMP DC-2654,2019-01-07 06:05:03-07,JumpDC,pedal-assist-bike,2019-01-07 06:05:00-07,-77.04305,38.9288533333333
JumpDC-bike_18849,JUMP DC-0694,2019-01-07 06:05:03-07,JumpDC,pedal-assist-bike,2019-01-07 06:05:00-07,-77.0310533333333,38.93196
SkipDC-352897091428147,"",2019-01-07 06:05:01-07,SkipDC,electric-scooter,2019-01-07 06:05:00-07,-77.0868444,38.9339717
SkipDC-352897091295009,"",2019-01-07 06:05:01-07,SkipDC,electric-scooter,2019-01-07 06:05:00-07,-77.0852726,38.9329192
BirdDC-9C1ZU,9C1ZU,2019-01-07 06:04:58-07,BirdDC,electric-scooter,2019-01-07 06:05:00-07,-77.049545,38.9339633333333
JumpDC-bike_23483,JUMP DC-2618,2019-01-07 06:05:03-07,JumpDC,pedal-assist-bike,2019-01-07 06:05:00-07,-77.0430683333333,38.935065
JumpDC-bike_23414,JUMP DC-2549,2019-01-07 06:05:03-07,JumpDC,pedal-assist-bike,2019-01-07 06:05:00-07,-76.9963883333333,38.935115
JumpDC-bike_23702,JUMP DC-2737,2019-01-07 06:05:03-07,JumpDC,pedal-assist-bike,2019-01-07 06:05:00-07,-77.0238983333333,38.9406833333333
JumpDC-bike_23176,JUMP DC-2485,2019-01-07 06:05:03-07,JumpDC,pedal-assist-bike,2019-01-07 06:05:00-07,-77.0608233333333,38.9424216666667
JumpDC-bike_23163,JUMP DC-2472,2019-01-07 06:05:03-07,JumpDC,pedal-assist-bike,2019-01-07 06:05:00-07,-77.03279,38.9469983333333
JumpDC-bike_23485,JUMP DC-2620,2019-01-07 06:05:03-07,JumpDC,pedal-assist-bike,2019-01-07 06:05:00-07,-76.9621833333333,38.919
JumpDC-bike_18835,JUMP DC-0712,2019-01-07 06:05:03-07,JumpDC,pedal-assist-bike,2019-01-07 06:05:00-07,-76.9621083333333,38.9190466666667
JumpDC-bike_23512,JUMP DC-2647,2019-01-07 06:05:03-07,JumpDC,pedal-assist-bike,2019-01-07 06:05:00-07,-76.96203,38.9191
JumpDC-bike_18930,JUMP DC-0809,2019-01-07 06:05:03-07,JumpDC,pedal-assist-bike,2019-01-07 06:05:00-07,-76.9601383333333,38.9225833333333
JumpDC-bike_18919,JUMP DC-0798,2019-01-07 06:20:03-07,JumpDC,pedal-assist-bike,2019-01-07 06:20:00-07,-76.98791,38.8451483333333
JumpDC-bike_23681,JUMP DC-2716,2019-01-07 06:20:03-07,JumpDC,pedal-assist-bike,2019-01-07 06:20:00-07,-76.9879983333333,38.8451716666667
JumpDC-bike_23620,JUMP DC-2655,2019-01-07 06:20:03-07,JumpDC,pedal-assist-bike,2019-01-07 06:20:00-07,-76.9878983333333,38.8451666666667
BirdDC-1SCCZ,1SCCZ,2019-01-07 06:19:58-07,BirdDC,electric-scooter,2019-01-07 06:20:00-07,-76.972953,38.8543801
JumpDC-bike_23691,JUMP DC-2726,2019-01-07 06:20:03-07,JumpDC,pedal-assist-bike,2019-01-07 06:20:00-07,-77.0507816666667,38.8620466666667
JumpDC-bike_18828,JUMP DC-0705,2019-01-07 06:20:03-07,JumpDC,pedal-assist-bike,2019-01-07 06:20:00-07,-76.9955316666667,38.86243
JumpDC-bike_23493,JUMP DC-2628,2019-01-07 06:20:03-07,JumpDC,pedal-assist-bike,2019-01-07 06:20:00-07,-76.9954733333333,38.8627416666667
JumpDC-bike_18826,JUMP DC-0703,2019-01-07 06:20:03-07,JumpDC,pedal-assist-bike,2019-01-07 06:20:00-07,-76.977405,38.8647833333333
JumpDC-bike_23490,JUMP DC-2625,2019-01-07 06:20:03-07,JumpDC,pedal-assist-bike,2019-01-07 06:20:00-07,-76.981795,38.8625083333333
JumpDC-bike_23462,JUMP DC-2597,2019-01-07 06:20:03-07,JumpDC,pedal-assist-bike,2019-01-07 06:20:00-07,-77.0061683333333,38.8718116666667
JumpDC-bike_23676,JUMP DC-2711,2019-01-07 06:20:03-07,JumpDC,pedal-assist-bike,2019-01-07 06:20:00-07,-77.006115,38.8717983333333
JumpDC-bike_23630,JUMP DC-2665,2019-01-07 06:20:03-07,JumpDC,pedal-assist-bike,2019-01-07 06:20:00-07,-77.0177766666667,38.877025
SkipDC-352897091381429,"",2019-01-07 06:20:01-07,SkipDC,electric-scooter,2019-01-07 06:20:00-07,-77.0190397,38.8772637
JumpDC-bike_18843,JUMP DC-0720,2019-01-07 06:20:03-07,JumpDC,pedal-assist-bike,2019-01-07 06:20:00-07,-77.0105883333333,38.873915
JumpDC-bike_23668,JUMP DC-2703,2019-01-07 06:20:03-07,JumpDC,pedal-assist-bike,2019-01-07 06:20:00-07,-77.000365,38.87429
JumpDC-bike_18832,JUMP DC-0709,2019-01-07 06:20:03-07,JumpDC,pedal-assist-bike,2019-01-07 06:20:00-07,-76.9852266666667,38.8808333333333
JumpDC-bike_23431,JUMP DC-2566,2019-01-07 06:20:03-07,JumpDC,pedal-assist-bike,2019-01-07 06:20:00-07,-76.9851616666667,38.8808433333333
JumpDC-bike_23460,JUMP DC-2595,2019-01-07 06:20:03-07,JumpDC,pedal-assist-bike,2019-01-07 06:20:00-07,-76.9853733333333,38.8808033333333
JumpDC-bike_18836,JUMP DC-0713,2019-01-07 06:20:03-07,JumpDC,pedal-assist-bike,2019-01-07 06:20:00-07,-76.9959083333333,38.8843183333333
JumpDC-bike_23487,JUMP DC-2622,2019-01-07 06:05:03-07,JumpDC,pedal-assist-bike,2019-01-07 06:05:00-07,-77.0188933333333,38.902685
JumpDC-bike_23194,JUMP DC-2503,2019-01-07 06:20:03-07,JumpDC,pedal-assist-bike,2019-01-07 06:20:00-07,-76.99595,38.8842633333333
BirdDC-U6K59,U6K59,2019-01-07 06:19:58-07,BirdDC,electric-scooter,2019-01-07 06:20:00-07,-76.953955,38.885736
BirdDC-TSX9B,TSX9B,2019-01-07 06:19:58-07,BirdDC,electric-scooter,2019-01-07 06:20:00-07,-77.054435,38.8960883333333
JumpDC-bike_23680,JUMP DC-2715,2019-01-07 06:20:03-07,JumpDC,pedal-assist-bike,2019-01-07 06:20:00-07,-77.0076583333333,38.8920816666667
JumpDC-bike_16612,JUMP DC-0247,2019-01-07 06:20:03-07,JumpDC,pedal-assist-bike,2019-01-07 06:20:00-07,-77.0455216666667,38.8896883333333
JumpDC-bike_23197,JUMP DC-2506,2019-01-07 06:05:03-07,JumpDC,pedal-assist-bike,2019-01-07 06:05:00-07,-76.9732466666667,38.90217
BirdDC-K69YG,K69YG,2019-01-07 06:19:58-07,BirdDC,electric-scooter,2019-01-07 06:20:00-07,-76.9562,38.8878166666667
JumpDC-bike_23699,JUMP DC-2734,2019-01-07 06:20:03-07,JumpDC,pedal-assist-bike,2019-01-07 06:20:00-07,-76.91396,38.8896366666667
BirdDC-SXIUM,SXIUM,2019-01-07 06:19:58-07,BirdDC,electric-scooter,2019-01-07 06:20:00-07,-76.9131233333333,38.8957183333333
BirdDC-XWXXJ,XWXXJ,2019-01-07 06:19:58-07,BirdDC,electric-scooter,2019-01-07 06:20:00-07,-77.05481,38.89732
JumpDC-bike_23616,JUMP DC-2651,2019-01-07 06:05:03-07,JumpDC,pedal-assist-bike,2019-01-07 06:05:00-07,-76.9391033333333,38.9017566666667
JumpDC-bike_23636,JUMP DC-2671,2019-01-07 06:20:03-07,JumpDC,pedal-assist-bike,2019-01-07 06:20:00-07,-77.053285,38.900195
BirdDC-G1UXA,G1UXA,2019-01-07 06:19:58-07,BirdDC,electric-scooter,2019-01-07 06:20:00-07,-77.054795,38.89735
BirdDC-CHIZ5,CHIZ5,2019-01-07 06:19:58-07,BirdDC,electric-scooter,2019-01-07 06:20:00-07,-77.0499883333333,38.90076
JumpDC-bike_23228,JUMP DC-2537,2019-01-07 06:20:03-07,JumpDC,pedal-assist-bike,2019-01-07 06:20:00-07,-76.9977683333333,38.90016
JumpDC-bike_23656,JUMP DC-2691 ,2019-01-07 06:20:03-07,JumpDC,pedal-assist-bike,2019-01-07 06:20:00-07,-76.9962483333333,38.899955
JumpDC-bike_23667,JUMP DC-2702,2019-01-07 06:20:03-07,JumpDC,pedal-assist-bike,2019-01-07 06:20:00-07,-76.9472516666667,38.8974366666667
JumpDC-bike_23147,JUMP DC-2456,2019-01-07 06:20:03-07,JumpDC,pedal-assist-bike,2019-01-07 06:20:00-07,-76.9473283333333,38.897335
BirdDC-EXJKY,EXJKY,2019-01-07 06:19:58-07,BirdDC,electric-scooter,2019-01-07 06:20:00-07,-77.0636516666667,38.9052166666667
BirdDC-PTYLQ,PTYLQ,2019-01-07 06:19:58-07,BirdDC,electric-scooter,2019-01-07 06:20:00-07,-77.0612866666667,38.9026566666667
JumpDC-bike_18867,JUMP DC-0826,2019-01-07 06:20:03-07,JumpDC,pedal-assist-bike,2019-01-07 06:20:00-07,-77.0318233333333,38.9051866666667
BirdDC-ZG3PV,ZG3PV,2019-01-07 06:19:58-07,BirdDC,electric-scooter,2019-01-07 06:20:00-07,-77.0467066666667,38.8967933333333
JumpDC-bike_23666,JUMP DC-2701,2019-01-07 06:20:03-07,JumpDC,pedal-assist-bike,2019-01-07 06:20:00-07,-77.005545,38.9000183333333
JumpDC-bike_23142,JUMP DC-2451,2019-01-07 06:20:03-07,JumpDC,pedal-assist-bike,2019-01-07 06:20:00-07,-76.9984766666667,38.9003083333333
JumpDC-bike_23419,JUMP DC-2554,2019-01-07 06:20:03-07,JumpDC,pedal-assist-bike,2019-01-07 06:20:00-07,-76.9982416666667,38.8994616666667
JumpDC-bike_23487,JUMP DC-2622,2019-01-07 06:20:03-07,JumpDC,pedal-assist-bike,2019-01-07 06:20:00-07,-77.0188933333333,38.902685
SkipDC-352897091311467,"",2019-01-07 06:20:01-07,SkipDC,electric-scooter,2019-01-07 06:20:00-07,-76.9971433,38.90805
SkipDC-352897091387384,"",2019-01-07 06:20:01-07,SkipDC,electric-scooter,2019-01-07 06:20:00-07,-76.996535,38.9075217
JumpDC-bike_23197,JUMP DC-2506,2019-01-07 06:20:03-07,JumpDC,pedal-assist-bike,2019-01-07 06:20:00-07,-76.9732466666667,38.90217
JumpDC-bike_23616,JUMP DC-2651,2019-01-07 06:20:03-07,JumpDC,pedal-assist-bike,2019-01-07 06:20:00-07,-76.9391033333333,38.9017566666667
JumpDC-bike_18933,JUMP DC-0812,2019-01-07 06:20:03-07,JumpDC,pedal-assist-bike,2019-01-07 06:20:00-07,-77.0444266666667,38.91258
JumpDC-bike_23617,JUMP DC-2652,2019-01-07 06:20:03-07,JumpDC,pedal-assist-bike,2019-01-07 06:20:00-07,-77.0434733333333,38.9135966666667
JumpDC-bike_23191,JUMP DC-2500,2019-01-07 06:20:03-07,JumpDC,pedal-assist-bike,2019-01-07 06:20:00-07,-77.0498866666667,38.905575
BirdDC-Z6W4H,Z6W4H,2019-01-07 06:19:58-07,BirdDC,electric-scooter,2019-01-07 06:20:00-07,-77.0488966666667,38.9092333333333
JumpDC-bike_23433,JUMP DC-2568,2019-01-07 06:20:03-07,JumpDC,pedal-assist-bike,2019-01-07 06:20:00-07,-77.0366116666667,38.9106783333333
JumpDC-bike_16623,JUMP DC-0231,2019-01-07 06:20:03-07,JumpDC,pedal-assist-bike,2019-01-07 06:20:00-07,-77.0376533333333,38.911165
JumpDC-bike_18862,JUMP DC-0821,2019-01-07 06:20:03-07,JumpDC,pedal-assist-bike,2019-01-07 06:20:00-07,-77.0417666666667,38.90762
JumpDC-bike_23232,JUMP DC-2541,2019-01-07 06:20:03-07,JumpDC,pedal-assist-bike,2019-01-07 06:20:00-07,-77.0417733333333,38.906275
JumpDC-bike_23216,JUMP DC-2525,2019-01-07 06:20:03-07,JumpDC,pedal-assist-bike,2019-01-07 06:20:00-07,-77.0269533333333,38.9130083333333
JumpDC-bike_23489,JUMP DC-2624,2019-01-07 06:20:03-07,JumpDC,pedal-assist-bike,2019-01-07 06:20:00-07,-77.0221183333333,38.912565
JumpDC-bike_23484,JUMP DC-2619,2019-01-07 06:20:03-07,JumpDC,pedal-assist-bike,2019-01-07 06:20:00-07,-77.0205116666667,38.91375
JumpDC-bike_23159,JUMP DC-2468,2019-01-07 06:20:03-07,JumpDC,pedal-assist-bike,2019-01-07 06:20:00-07,-77.0417566666667,38.9082
BirdDC-ZACQD,ZACQD,2019-01-07 06:19:58-07,BirdDC,electric-scooter,2019-01-07 06:20:00-07,-77.04193293467,38.9065854046781
JumpDC-bike_23202,JUMP DC-2511,2019-01-07 06:20:03-07,JumpDC,pedal-assist-bike,2019-01-07 06:20:00-07,-77.0323366666667,38.9095683333333
JumpDC-bike_16516,JUMP DC-0174,2019-01-07 06:20:03-07,JumpDC,pedal-assist-bike,2019-01-07 06:20:00-07,-77.0342616666667,38.909605
JumpDC-bike_23713,JUMP DC-2748,2019-01-07 06:20:03-07,JumpDC,pedal-assist-bike,2019-01-07 06:20:00-07,-77.0222383333333,38.912545
BirdDC-177BK,177BK,2019-01-07 06:19:58-07,BirdDC,electric-scooter,2019-01-07 06:20:00-07,-77.0432733333333,38.9169733333333
BirdDC-CS68G,CS68G,2019-01-07 06:19:58-07,BirdDC,electric-scooter,2019-01-07 06:20:00-07,-77.0394000491291,38.91880622077
BirdDC-QEEQF,QEEQF,2019-01-07 06:19:58-07,BirdDC,electric-scooter,2019-01-07 06:20:00-07,-77.0389633333333,38.918815
BirdDC-62K56,62K56,2019-01-07 06:19:58-07,BirdDC,electric-scooter,2019-01-07 06:20:00-07,-77.0392325241836,38.9188704081242
JumpDC-bike_23655,JUMP DC-2690,2019-01-07 06:20:03-07,JumpDC,pedal-assist-bike,2019-01-07 06:20:00-07,-77.0400833333333,38.9180533333333
JumpDC-bike_16492,JUMP DC-0179,2019-01-07 06:20:03-07,JumpDC,pedal-assist-bike,2019-01-07 06:20:00-07,-77.0306783333333,38.9076466666667
BirdDC-6JU9K,6JU9K,2019-01-07 06:19:58-07,BirdDC,electric-scooter,2019-01-07 06:20:00-07,-77.0272216666667,38.9095533333333
JumpDC-bike_23203,JUMP DC-2512,2019-01-07 06:20:03-07,JumpDC,pedal-assist-bike,2019-01-07 06:20:00-07,-77.0183083333333,38.9086333333333
BirdDC-BMWJM,BMWJM,2019-01-07 06:19:58-07,BirdDC,electric-scooter,2019-01-07 06:20:00-07,-77.0392401432289,38.9188356670921
BirdDC-XAJMV,XAJMV,2019-01-07 06:19:58-07,BirdDC,electric-scooter,2019-01-07 06:20:00-07,-77.0390083333333,38.918815
BirdDC-1BX55,1BX55,2019-01-07 06:19:58-07,BirdDC,electric-scooter,2019-01-07 06:20:00-07,-77.0392001502065,38.9188453866314
JumpDC-bike_23500,JUMP DC-2635,2019-01-07 06:20:03-07,JumpDC,pedal-assist-bike,2019-01-07 06:20:00-07,-77.0384933333333,38.9166116666667
BirdDC-VSXD,VSXD,2019-01-07 06:19:58-07,BirdDC,electric-scooter,2019-01-07 06:20:00-07,-77.0392428339245,38.9187512174611
JumpDC-bike_23672,JUMP DC-2707,2019-01-07 06:20:03-07,JumpDC,pedal-assist-bike,2019-01-07 06:20:00-07,-77.0251433333333,38.9196583333333
SkipDC-352897091437866,"",2019-01-07 06:20:01-07,SkipDC,electric-scooter,2019-01-07 06:20:00-07,-77.021695,38.9200083
BirdDC-VP73,VP73,2019-01-07 06:19:58-07,BirdDC,electric-scooter,2019-01-07 06:20:00-07,-77.0391862,38.9188162
BirdDC-FT2RS,FT2RS,2019-01-07 06:19:58-07,BirdDC,electric-scooter,2019-01-07 06:20:00-07,-77.039163272064,38.9187028208715
BirdDC-8DJWK,8DJWK,2019-01-07 06:19:58-07,BirdDC,electric-scooter,2019-01-07 06:20:00-07,-77.0392325241836,38.9188704081242
BirdDC-MNF5F,MNF5F,2019-01-07 06:19:58-07,BirdDC,electric-scooter,2019-01-07 06:20:00-07,-77.0390554219108,38.9186774171836
JumpDC-bike_23438,JUMP DC-2573,2019-01-07 06:20:03-07,JumpDC,pedal-assist-bike,2019-01-07 06:20:00-07,-77.0288483333333,38.9171966666667
SkipDC-352897091291982,"",2019-01-07 06:20:01-07,SkipDC,electric-scooter,2019-01-07 06:20:00-07,-77.0216733,38.9200167
SkipDC-352897091386527,"",2019-01-07 06:20:01-07,SkipDC,electric-scooter,2019-01-07 06:20:00-07,-77.0217167,38.92001
SkipDC-352897091343221,"",2019-01-07 06:20:01-07,SkipDC,electric-scooter,2019-01-07 06:20:00-07,-77.0216717,38.91992
BirdDC-BX8WG,BX8WG,2019-01-07 06:19:58-07,BirdDC,electric-scooter,2019-01-07 06:20:00-07,-76.986695,38.92152
JumpDC-bike_18834,JUMP DC-0711,2019-01-07 06:20:03-07,JumpDC,pedal-assist-bike,2019-01-07 06:20:00-07,-76.9622416666667,38.91928
JumpDC-bike_23700,JUMP DC-2735,2019-01-07 06:20:03-07,JumpDC,pedal-assist-bike,2019-01-07 06:20:00-07,-76.96214,38.9191566666667
SkipDC-352897090241400,"",2019-01-07 06:20:01-07,SkipDC,electric-scooter,2019-01-07 06:20:00-07,-77.0285597,38.9165123
JumpDC-bike_18827,JUMP DC-0704,2019-01-07 06:20:03-07,JumpDC,pedal-assist-bike,2019-01-07 06:20:00-07,-77.012475,38.9148816666667
JumpDC-bike_23497,JUMP DC-2632,2019-01-07 06:20:03-07,JumpDC,pedal-assist-bike,2019-01-07 06:20:00-07,-76.98005,38.9173516666667
JumpDC-bike_23638,JUMP DC-2673,2019-01-07 06:20:03-07,JumpDC,pedal-assist-bike,2019-01-07 06:20:00-07,-77.0515783333333,38.91913
JumpDC-bike_23160,JUMP DC-2469,2019-01-07 06:20:03-07,JumpDC,pedal-assist-bike,2019-01-07 06:20:00-07,-77.0417366666667,38.919405
JumpDC-bike_23209,JUMP DC-2518,2019-01-07 06:20:03-07,JumpDC,pedal-assist-bike,2019-01-07 06:20:00-07,-76.9623533333333,38.9193116666667
JumpDC-bike_23512,JUMP DC-2647,2019-01-07 06:20:03-07,JumpDC,pedal-assist-bike,2019-01-07 06:20:00-07,-76.96203,38.9191
JumpDC-bike_18840,JUMP DC-0846,2019-01-07 06:20:03-07,JumpDC,pedal-assist-bike,2019-01-07 06:20:00-07,-76.9621666666667,38.9190966666667
JumpDC-bike_23634,JUMP DC-2669,2019-01-07 06:20:03-07,JumpDC,pedal-assist-bike,2019-01-07 06:20:00-07,-76.9621183333333,38.919115
JumpDC-bike_23214,JUMP DC-2523,2019-01-07 06:20:03-07,JumpDC,pedal-assist-bike,2019-01-07 06:20:00-07,-76.9621783333333,38.9190816666667
JumpDC-bike_23693,JUMP DC-2728,2019-01-07 06:20:03-07,JumpDC,pedal-assist-bike,2019-01-07 06:20:00-07,-76.96217,38.91907
JumpDC-bike_18930,JUMP DC-0809,2019-01-07 06:20:03-07,JumpDC,pedal-assist-bike,2019-01-07 06:20:00-07,-76.9601383333333,38.9225833333333
JumpDC-bike_18912,JUMP DC-0791,2019-01-07 06:20:03-07,JumpDC,pedal-assist-bike,2019-01-07 06:20:00-07,-77.0532833333333,38.92642
JumpDC-bike_18911,JUMP DC-0790,2019-01-07 06:20:03-07,JumpDC,pedal-assist-bike,2019-01-07 06:20:00-07,-77.052575,38.9238066666667
SkipDC-352897091328586,"",2019-01-07 06:20:01-07,SkipDC,electric-scooter,2019-01-07 06:20:00-07,-77.0226017,38.9242067
JumpDC-bike_23201,JUMP DC-2510,2019-01-07 06:20:03-07,JumpDC,pedal-assist-bike,2019-01-07 06:20:00-07,-77.0031516666667,38.9237466666667
JumpDC-bike_23665,JUMP DC-2700,2019-01-07 06:20:03-07,JumpDC,pedal-assist-bike,2019-01-07 06:20:00-07,-76.9903666666667,38.9258433333333
JumpDC-bike_23176,JUMP DC-2485,2019-01-07 06:20:03-07,JumpDC,pedal-assist-bike,2019-01-07 06:20:00-07,-77.0608233333333,38.9424216666667
JumpDC-bike_23496,JUMP DC-2631,2019-01-07 06:20:03-07,JumpDC,pedal-assist-bike,2019-01-07 06:20:00-07,-77.0448616666667,38.9213866666667
BirdDC-Y1TA5,Y1TA5,2019-01-07 06:19:58-07,BirdDC,electric-scooter,2019-01-07 06:20:00-07,-77.0393011,38.9189451
BirdDC-FWYI7,FWYI7,2019-01-07 06:19:58-07,BirdDC,electric-scooter,2019-01-07 06:20:00-07,-77.0392879,38.9189784
BirdDC-1UI2Z,1UI2Z,2019-01-07 06:19:58-07,BirdDC,electric-scooter,2019-01-07 06:20:00-07,-77.0392763989813,38.918952309972
JumpDC-bike_18925,JUMP DC-0804,2019-01-07 06:20:03-07,JumpDC,pedal-assist-bike,2019-01-07 06:20:00-07,-77.0581016666667,38.9295816666667
JumpDC-bike_23619,JUMP DC-2654,2019-01-07 06:20:03-07,JumpDC,pedal-assist-bike,2019-01-07 06:20:00-07,-77.04305,38.9288533333333
JumpDC-bike_18849,JUMP DC-0694,2019-01-07 06:20:03-07,JumpDC,pedal-assist-bike,2019-01-07 06:20:00-07,-77.0310533333333,38.93196
SkipDC-352897091428147,"",2019-01-07 06:20:01-07,SkipDC,electric-scooter,2019-01-07 06:20:00-07,-77.0854733,38.933135
SkipDC-352897091295009,"",2019-01-07 06:20:01-07,SkipDC,electric-scooter,2019-01-07 06:20:00-07,-77.0855617,38.9331583
BirdDC-9C1ZU,9C1ZU,2019-01-07 06:19:58-07,BirdDC,electric-scooter,2019-01-07 06:20:00-07,-77.0495383333333,38.93396
JumpDC-bike_23483,JUMP DC-2618,2019-01-07 06:20:03-07,JumpDC,pedal-assist-bike,2019-01-07 06:20:00-07,-77.0430683333333,38.935065
JumpDC-bike_23414,JUMP DC-2549,2019-01-07 06:20:03-07,JumpDC,pedal-assist-bike,2019-01-07 06:20:00-07,-76.9963883333333,38.935115
JumpDC-bike_23702,JUMP DC-2737,2019-01-07 06:20:03-07,JumpDC,pedal-assist-bike,2019-01-07 06:20:00-07,-77.0238983333333,38.9406833333333
JumpDC-bike_23163,JUMP DC-2472,2019-01-07 06:20:03-07,JumpDC,pedal-assist-bike,2019-01-07 06:20:00-07,-77.03279,38.9469983333333
BirdDC-Z6W4H,Z6W4H,2019-01-07 06:04:58-07,BirdDC,electric-scooter,2019-01-07 06:05:00-07,-77.048905,38.90923
JumpDC-bike_18919,JUMP DC-0798,2019-01-07 06:35:01-07,JumpDC,pedal-assist-bike,2019-01-07 06:35:00-07,-76.98791,38.8451483333333
JumpDC-bike_23681,JUMP DC-2716,2019-01-07 06:35:01-07,JumpDC,pedal-assist-bike,2019-01-07 06:35:00-07,-76.9879983333333,38.8451716666667
JumpDC-bike_23620,JUMP DC-2655,2019-01-07 06:35:01-07,JumpDC,pedal-assist-bike,2019-01-07 06:35:00-07,-76.9878983333333,38.8451666666667
JumpDC-bike_23691,JUMP DC-2726,2019-01-07 06:35:01-07,JumpDC,pedal-assist-bike,2019-01-07 06:35:00-07,-77.0507816666667,38.8620466666667
JumpDC-bike_18828,JUMP DC-0705,2019-01-07 06:35:01-07,JumpDC,pedal-assist-bike,2019-01-07 06:35:00-07,-76.9955316666667,38.86243
JumpDC-bike_23493,JUMP DC-2628,2019-01-07 06:35:01-07,JumpDC,pedal-assist-bike,2019-01-07 06:35:00-07,-76.9954733333333,38.8627416666667
JumpDC-bike_18826,JUMP DC-0703,2019-01-07 06:35:01-07,JumpDC,pedal-assist-bike,2019-01-07 06:35:00-07,-76.977405,38.8647833333333
JumpDC-bike_23490,JUMP DC-2625,2019-01-07 06:35:01-07,JumpDC,pedal-assist-bike,2019-01-07 06:35:00-07,-76.981795,38.8625083333333
BirdDC-1SCCZ,1SCCZ,2019-01-07 06:34:58-07,BirdDC,electric-scooter,2019-01-07 06:35:00-07,-76.972953,38.8543801
JumpDC-bike_23630,JUMP DC-2665,2019-01-07 06:35:01-07,JumpDC,pedal-assist-bike,2019-01-07 06:35:00-07,-77.0177766666667,38.877025
SkipDC-352897091381429,"",2019-01-07 06:35:01-07,SkipDC,electric-scooter,2019-01-07 06:35:00-07,-77.0186833,38.87725
JumpDC-bike_23676,JUMP DC-2711,2019-01-07 06:35:01-07,JumpDC,pedal-assist-bike,2019-01-07 06:35:00-07,-77.006115,38.8717983333333
JumpDC-bike_23462,JUMP DC-2597,2019-01-07 06:35:01-07,JumpDC,pedal-assist-bike,2019-01-07 06:35:00-07,-77.0061683333333,38.8718116666667
JumpDC-bike_18843,JUMP DC-0720,2019-01-07 06:35:01-07,JumpDC,pedal-assist-bike,2019-01-07 06:35:00-07,-77.0105883333333,38.873915
JumpDC-bike_23668,JUMP DC-2703,2019-01-07 06:35:01-07,JumpDC,pedal-assist-bike,2019-01-07 06:35:00-07,-77.000365,38.87429
JumpDC-bike_23191,JUMP DC-2500,2019-01-07 06:05:03-07,JumpDC,pedal-assist-bike,2019-01-07 06:05:00-07,-77.0498866666667,38.905575
JumpDC-bike_23194,JUMP DC-2503,2019-01-07 06:35:01-07,JumpDC,pedal-assist-bike,2019-01-07 06:35:00-07,-76.99595,38.8842633333333
JumpDC-bike_18836,JUMP DC-0713,2019-01-07 06:35:01-07,JumpDC,pedal-assist-bike,2019-01-07 06:35:00-07,-76.9959083333333,38.8843183333333
JumpDC-bike_23431,JUMP DC-2566,2019-01-07 06:35:01-07,JumpDC,pedal-assist-bike,2019-01-07 06:35:00-07,-76.9851616666667,38.8808433333333
JumpDC-bike_23460,JUMP DC-2595,2019-01-07 06:35:01-07,JumpDC,pedal-assist-bike,2019-01-07 06:35:00-07,-76.9853733333333,38.8808033333333
BirdDC-U6K59,U6K59,2019-01-07 06:34:58-07,BirdDC,electric-scooter,2019-01-07 06:35:00-07,-76.953753,38.885765
JumpDC-bike_18832,JUMP DC-0709,2019-01-07 06:35:01-07,JumpDC,pedal-assist-bike,2019-01-07 06:35:00-07,-76.9852266666667,38.8808333333333
BirdDC-ZACQD,ZACQD,2019-01-07 06:04:58-07,BirdDC,electric-scooter,2019-01-07 06:05:00-07,-77.04193293467,38.9065854046781
JumpDC-bike_16612,JUMP DC-0247,2019-01-07 06:35:01-07,JumpDC,pedal-assist-bike,2019-01-07 06:35:00-07,-77.0455216666667,38.8896883333333
JumpDC-bike_23680,JUMP DC-2715,2019-01-07 06:35:01-07,JumpDC,pedal-assist-bike,2019-01-07 06:35:00-07,-77.0076583333333,38.8920816666667
JumpDC-bike_18862,JUMP DC-0821,2019-01-07 06:05:03-07,JumpDC,pedal-assist-bike,2019-01-07 06:05:00-07,-77.0417666666667,38.90762
BirdDC-SXIUM,SXIUM,2019-01-07 06:34:58-07,BirdDC,electric-scooter,2019-01-07 06:35:00-07,-76.9131233333333,38.8957183333333
BirdDC-K69YG,K69YG,2019-01-07 06:34:58-07,BirdDC,electric-scooter,2019-01-07 06:35:00-07,-76.956245,38.8877983333333
JumpDC-bike_23699,JUMP DC-2734,2019-01-07 06:35:01-07,JumpDC,pedal-assist-bike,2019-01-07 06:35:00-07,-76.91396,38.8896366666667
BirdDC-G1UXA,G1UXA,2019-01-07 06:34:58-07,BirdDC,electric-scooter,2019-01-07 06:35:00-07,-77.054795,38.8973466666667
BirdDC-XWXXJ,XWXXJ,2019-01-07 06:34:58-07,BirdDC,electric-scooter,2019-01-07 06:35:00-07,-77.05481,38.89732
BirdDC-TSX9B,TSX9B,2019-01-07 06:34:58-07,BirdDC,electric-scooter,2019-01-07 06:35:00-07,-77.054435,38.8960883333333
JumpDC-bike_23636,JUMP DC-2671,2019-01-07 06:35:01-07,JumpDC,pedal-assist-bike,2019-01-07 06:35:00-07,-77.053285,38.900195
JumpDC-bike_23232,JUMP DC-2541,2019-01-07 06:05:03-07,JumpDC,pedal-assist-bike,2019-01-07 06:05:00-07,-77.0417733333333,38.906275
BirdDC-CHIZ5,CHIZ5,2019-01-07 06:34:58-07,BirdDC,electric-scooter,2019-01-07 06:35:00-07,-77.0499733333333,38.90075
BirdDC-ZG3PV,ZG3PV,2019-01-07 06:34:58-07,BirdDC,electric-scooter,2019-01-07 06:35:00-07,-77.0467,38.8967483333333
JumpDC-bike_23666,JUMP DC-2701,2019-01-07 06:35:01-07,JumpDC,pedal-assist-bike,2019-01-07 06:35:00-07,-77.005545,38.9000183333333
JumpDC-bike_23419,JUMP DC-2554,2019-01-07 06:35:01-07,JumpDC,pedal-assist-bike,2019-01-07 06:35:00-07,-76.9982416666667,38.8994616666667
JumpDC-bike_23159,JUMP DC-2468,2019-01-07 06:05:03-07,JumpDC,pedal-assist-bike,2019-01-07 06:05:00-07,-77.0417566666667,38.9082
JumpDC-bike_23228,JUMP DC-2537,2019-01-07 06:35:01-07,JumpDC,pedal-assist-bike,2019-01-07 06:35:00-07,-76.9977683333333,38.90016
JumpDC-bike_23656,JUMP DC-2691 ,2019-01-07 06:35:01-07,JumpDC,pedal-assist-bike,2019-01-07 06:35:00-07,-76.9962483333333,38.899955
JumpDC-bike_23142,JUMP DC-2451,2019-01-07 06:35:01-07,JumpDC,pedal-assist-bike,2019-01-07 06:35:00-07,-76.9984766666667,38.9003083333333
JumpDC-bike_23147,JUMP DC-2456,2019-01-07 06:35:01-07,JumpDC,pedal-assist-bike,2019-01-07 06:35:00-07,-76.9473283333333,38.897335
JumpDC-bike_18867,JUMP DC-0826,2019-01-07 06:35:01-07,JumpDC,pedal-assist-bike,2019-01-07 06:35:00-07,-77.0318233333333,38.9051866666667
JumpDC-bike_23487,JUMP DC-2622,2019-01-07 06:35:01-07,JumpDC,pedal-assist-bike,2019-01-07 06:35:00-07,-77.0188933333333,38.902685
JumpDC-bike_23197,JUMP DC-2506,2019-01-07 06:35:01-07,JumpDC,pedal-assist-bike,2019-01-07 06:35:00-07,-76.9732466666667,38.90217
JumpDC-bike_23616,JUMP DC-2651,2019-01-07 06:35:01-07,JumpDC,pedal-assist-bike,2019-01-07 06:35:00-07,-76.9391033333333,38.9017566666667
JumpDC-bike_23191,JUMP DC-2500,2019-01-07 06:35:01-07,JumpDC,pedal-assist-bike,2019-01-07 06:35:00-07,-77.0498866666667,38.905575
JumpDC-bike_23667,JUMP DC-2702,2019-01-07 06:35:01-07,JumpDC,pedal-assist-bike,2019-01-07 06:35:00-07,-76.9472516666667,38.8974366666667
BirdDC-PTYLQ,PTYLQ,2019-01-07 06:34:58-07,BirdDC,electric-scooter,2019-01-07 06:35:00-07,-77.0613016666667,38.9026683333333
BirdDC-EXJKY,EXJKY,2019-01-07 06:34:58-07,BirdDC,electric-scooter,2019-01-07 06:35:00-07,-77.06366,38.9052283333333
BirdDC-Z6W4H,Z6W4H,2019-01-07 06:34:58-07,BirdDC,electric-scooter,2019-01-07 06:35:00-07,-77.0488966666667,38.9092333333333
BirdDC-ZACQD,ZACQD,2019-01-07 06:34:58-07,BirdDC,electric-scooter,2019-01-07 06:35:00-07,-77.04193293467,38.9065854046781
JumpDC-bike_18862,JUMP DC-0821,2019-01-07 06:35:01-07,JumpDC,pedal-assist-bike,2019-01-07 06:35:00-07,-77.0417666666667,38.90762
JumpDC-bike_23232,JUMP DC-2541,2019-01-07 06:35:01-07,JumpDC,pedal-assist-bike,2019-01-07 06:35:00-07,-77.0417733333333,38.906275
JumpDC-bike_23216,JUMP DC-2525,2019-01-07 06:35:01-07,JumpDC,pedal-assist-bike,2019-01-07 06:35:00-07,-77.0269533333333,38.9130083333333
JumpDC-bike_23489,JUMP DC-2624,2019-01-07 06:35:01-07,JumpDC,pedal-assist-bike,2019-01-07 06:35:00-07,-77.0221183333333,38.912565
JumpDC-bike_23159,JUMP DC-2468,2019-01-07 06:35:01-07,JumpDC,pedal-assist-bike,2019-01-07 06:35:00-07,-77.0417566666667,38.9082
JumpDC-bike_23480,JUMP DC-2615,2019-01-07 06:35:01-07,JumpDC,pedal-assist-bike,2019-01-07 06:35:00-07,-77.044725,38.9077833333333
JumpDC-bike_23484,JUMP DC-2619,2019-01-07 06:35:01-07,JumpDC,pedal-assist-bike,2019-01-07 06:35:00-07,-77.0205116666667,38.91375
JumpDC-bike_23713,JUMP DC-2748,2019-01-07 06:35:01-07,JumpDC,pedal-assist-bike,2019-01-07 06:35:00-07,-77.0222383333333,38.912545
JumpDC-bike_16492,JUMP DC-0179,2019-01-07 06:35:01-07,JumpDC,pedal-assist-bike,2019-01-07 06:35:00-07,-77.0306783333333,38.9076466666667
JumpDC-bike_23202,JUMP DC-2511,2019-01-07 06:35:01-07,JumpDC,pedal-assist-bike,2019-01-07 06:35:00-07,-77.0323366666667,38.9095683333333
BirdDC-177BK,177BK,2019-01-07 06:34:58-07,BirdDC,electric-scooter,2019-01-07 06:35:00-07,-77.0432733333333,38.9169733333333
JumpDC-bike_16516,JUMP DC-0174,2019-01-07 06:35:01-07,JumpDC,pedal-assist-bike,2019-01-07 06:35:00-07,-77.0342616666667,38.909605
BirdDC-6JU9K,6JU9K,2019-01-07 06:34:58-07,BirdDC,electric-scooter,2019-01-07 06:35:00-07,-77.0272666666667,38.90953
BirdDC-QEEQF,QEEQF,2019-01-07 06:34:58-07,BirdDC,electric-scooter,2019-01-07 06:35:00-07,-77.0389633333333,38.918815
BirdDC-8DJWK,8DJWK,2019-01-07 06:34:58-07,BirdDC,electric-scooter,2019-01-07 06:35:00-07,-77.0392325241836,38.9188704081242
JumpDC-bike_23655,JUMP DC-2690,2019-01-07 06:35:01-07,JumpDC,pedal-assist-bike,2019-01-07 06:35:00-07,-77.0400833333333,38.9180533333333
JumpDC-bike_23203,JUMP DC-2512,2019-01-07 06:35:01-07,JumpDC,pedal-assist-bike,2019-01-07 06:35:00-07,-77.0183083333333,38.9086333333333
SkipDC-352897091387384,"",2019-01-07 06:35:01-07,SkipDC,electric-scooter,2019-01-07 06:35:00-07,-76.9965683,38.9075383
BirdDC-VSXD,VSXD,2019-01-07 06:34:58-07,BirdDC,electric-scooter,2019-01-07 06:35:00-07,-77.0392428339245,38.9187512174611
BirdDC-VP73,VP73,2019-01-07 06:34:58-07,BirdDC,electric-scooter,2019-01-07 06:35:00-07,-77.0391862,38.9188162
BirdDC-BMWJM,BMWJM,2019-01-07 06:34:58-07,BirdDC,electric-scooter,2019-01-07 06:35:00-07,-77.0392401432289,38.9188356670921
BirdDC-CS68G,CS68G,2019-01-07 06:34:58-07,BirdDC,electric-scooter,2019-01-07 06:35:00-07,-77.0394000491291,38.91880622077
BirdDC-62K56,62K56,2019-01-07 06:34:58-07,BirdDC,electric-scooter,2019-01-07 06:35:00-07,-77.0392325241836,38.9188704081242
SkipDC-352897091311467,"",2019-01-07 06:35:01-07,SkipDC,electric-scooter,2019-01-07 06:35:00-07,-76.9971483,38.9080867
JumpDC-bike_18933,JUMP DC-0812,2019-01-07 06:35:01-07,JumpDC,pedal-assist-bike,2019-01-07 06:35:00-07,-77.0444266666667,38.91258
JumpDC-bike_23617,JUMP DC-2652,2019-01-07 06:35:01-07,JumpDC,pedal-assist-bike,2019-01-07 06:35:00-07,-77.0434733333333,38.9135966666667
JumpDC-bike_16623,JUMP DC-0231,2019-01-07 06:35:01-07,JumpDC,pedal-assist-bike,2019-01-07 06:35:00-07,-77.0376533333333,38.911165
JumpDC-bike_23433,JUMP DC-2568,2019-01-07 06:35:01-07,JumpDC,pedal-assist-bike,2019-01-07 06:35:00-07,-77.0366116666667,38.9106783333333
JumpDC-bike_23500,JUMP DC-2635,2019-01-07 06:35:01-07,JumpDC,pedal-assist-bike,2019-01-07 06:35:00-07,-77.0384933333333,38.9166116666667
BirdDC-XAJMV,XAJMV,2019-01-07 06:34:58-07,BirdDC,electric-scooter,2019-01-07 06:35:00-07,-77.0390083333333,38.918815
BirdDC-1BX55,1BX55,2019-01-07 06:34:58-07,BirdDC,electric-scooter,2019-01-07 06:35:00-07,-77.0392001502065,38.9188453866314
BirdDC-FT2RS,FT2RS,2019-01-07 06:34:58-07,BirdDC,electric-scooter,2019-01-07 06:35:00-07,-77.039163272064,38.9187028208715
BirdDC-MNF5F,MNF5F,2019-01-07 06:34:58-07,BirdDC,electric-scooter,2019-01-07 06:35:00-07,-77.0390554219108,38.9186774171836
JumpDC-bike_23497,JUMP DC-2632,2019-01-07 06:35:01-07,JumpDC,pedal-assist-bike,2019-01-07 06:35:00-07,-76.98005,38.9173516666667
JumpDC-bike_23638,JUMP DC-2673,2019-01-07 06:35:01-07,JumpDC,pedal-assist-bike,2019-01-07 06:35:00-07,-77.0515783333333,38.91913
JumpDC-bike_23160,JUMP DC-2469,2019-01-07 06:35:01-07,JumpDC,pedal-assist-bike,2019-01-07 06:35:00-07,-77.0417366666667,38.919405
JumpDC-bike_23496,JUMP DC-2631,2019-01-07 06:35:01-07,JumpDC,pedal-assist-bike,2019-01-07 06:35:00-07,-77.0448616666667,38.9213866666667
JumpDC-bike_23438,JUMP DC-2573,2019-01-07 06:35:01-07,JumpDC,pedal-assist-bike,2019-01-07 06:35:00-07,-77.0288483333333,38.9171966666667
SkipDC-352897090241400,"",2019-01-07 06:35:01-07,SkipDC,electric-scooter,2019-01-07 06:35:00-07,-77.0285597,38.9165123
JumpDC-bike_18827,JUMP DC-0704,2019-01-07 06:35:01-07,JumpDC,pedal-assist-bike,2019-01-07 06:35:00-07,-77.012475,38.9148816666667
BirdDC-Y1TA5,Y1TA5,2019-01-07 06:34:58-07,BirdDC,electric-scooter,2019-01-07 06:35:00-07,-77.0393011,38.9189451
BirdDC-FWYI7,FWYI7,2019-01-07 06:34:58-07,BirdDC,electric-scooter,2019-01-07 06:35:00-07,-77.0392879,38.9189784
BirdDC-1UI2Z,1UI2Z,2019-01-07 06:34:58-07,BirdDC,electric-scooter,2019-01-07 06:35:00-07,-77.0392763989813,38.918952309972
JumpDC-bike_23693,JUMP DC-2728,2019-01-07 06:35:01-07,JumpDC,pedal-assist-bike,2019-01-07 06:35:00-07,-76.96217,38.91907
JumpDC-bike_18834,JUMP DC-0711,2019-01-07 06:35:01-07,JumpDC,pedal-assist-bike,2019-01-07 06:35:00-07,-76.9622416666667,38.91928
JumpDC-bike_23700,JUMP DC-2735,2019-01-07 06:35:01-07,JumpDC,pedal-assist-bike,2019-01-07 06:35:00-07,-76.96214,38.9191566666667
JumpDC-bike_23672,JUMP DC-2707,2019-01-07 06:35:01-07,JumpDC,pedal-assist-bike,2019-01-07 06:35:00-07,-77.0251433333333,38.9196583333333
SkipDC-352897091291982,"",2019-01-07 06:35:01-07,SkipDC,electric-scooter,2019-01-07 06:35:00-07,-77.0216733,38.9200167
SkipDC-352897091386527,"",2019-01-07 06:35:01-07,SkipDC,electric-scooter,2019-01-07 06:35:00-07,-77.0217167,38.92001
SkipDC-352897091343221,"",2019-01-07 06:35:01-07,SkipDC,electric-scooter,2019-01-07 06:35:00-07,-77.0216717,38.91992
JumpDC-bike_18912,JUMP DC-0791,2019-01-07 06:35:01-07,JumpDC,pedal-assist-bike,2019-01-07 06:35:00-07,-77.0532833333333,38.92642
JumpDC-bike_18911,JUMP DC-0790,2019-01-07 06:35:01-07,JumpDC,pedal-assist-bike,2019-01-07 06:35:00-07,-77.052575,38.9238066666667
SkipDC-352897091328586,"",2019-01-07 06:35:01-07,SkipDC,electric-scooter,2019-01-07 06:35:00-07,-77.0226017,38.9242067
JumpDC-bike_23201,JUMP DC-2510,2019-01-07 06:35:01-07,JumpDC,pedal-assist-bike,2019-01-07 06:35:00-07,-77.0031516666667,38.9237466666667
JumpDC-bike_23665,JUMP DC-2700,2019-01-07 06:35:01-07,JumpDC,pedal-assist-bike,2019-01-07 06:35:00-07,-76.9903666666667,38.9258433333333
SkipDC-352897091437866,"",2019-01-07 06:35:01-07,SkipDC,electric-scooter,2019-01-07 06:35:00-07,-77.021695,38.9200083
BirdDC-BX8WG,BX8WG,2019-01-07 06:34:58-07,BirdDC,electric-scooter,2019-01-07 06:35:00-07,-76.9867016666667,38.9215283333333
JumpDC-bike_23512,JUMP DC-2647,2019-01-07 06:35:01-07,JumpDC,pedal-assist-bike,2019-01-07 06:35:00-07,-76.96203,38.9191
JumpDC-bike_23214,JUMP DC-2523,2019-01-07 06:35:01-07,JumpDC,pedal-assist-bike,2019-01-07 06:35:00-07,-76.9621783333333,38.9190816666667
JumpDC-bike_23678,JUMP DC-2713,2019-01-07 06:35:01-07,JumpDC,pedal-assist-bike,2019-01-07 06:35:00-07,-76.9621933333333,38.919045
JumpDC-bike_18930,JUMP DC-0809,2019-01-07 06:35:01-07,JumpDC,pedal-assist-bike,2019-01-07 06:35:00-07,-76.9601383333333,38.9225833333333
JumpDC-bike_23149,JUMP DC-2458,2019-01-07 06:35:01-07,JumpDC,pedal-assist-bike,2019-01-07 06:35:00-07,-76.96217,38.9189933333333
JumpDC-bike_18840,JUMP DC-0846,2019-01-07 06:35:01-07,JumpDC,pedal-assist-bike,2019-01-07 06:35:00-07,-76.9621666666667,38.9190966666667
JumpDC-bike_18925,JUMP DC-0804,2019-01-07 06:35:01-07,JumpDC,pedal-assist-bike,2019-01-07 06:35:00-07,-77.0581016666667,38.9295816666667
JumpDC-bike_23619,JUMP DC-2654,2019-01-07 06:35:01-07,JumpDC,pedal-assist-bike,2019-01-07 06:35:00-07,-77.04305,38.9288533333333
JumpDC-bike_18849,JUMP DC-0694,2019-01-07 06:35:01-07,JumpDC,pedal-assist-bike,2019-01-07 06:35:00-07,-77.0310533333333,38.93196
SkipDC-352897091428147,"",2019-01-07 06:35:01-07,SkipDC,electric-scooter,2019-01-07 06:35:00-07,-77.086125,38.9345329
SkipDC-352897091295009,"",2019-01-07 06:35:01-07,SkipDC,electric-scooter,2019-01-07 06:35:00-07,-77.0855617,38.9331583
JumpDC-bike_23634,JUMP DC-2669,2019-01-07 06:35:01-07,JumpDC,pedal-assist-bike,2019-01-07 06:35:00-07,-76.9621183333333,38.919115
JumpDC-bike_23209,JUMP DC-2518,2019-01-07 06:35:01-07,JumpDC,pedal-assist-bike,2019-01-07 06:35:00-07,-76.9623533333333,38.9193116666667
BirdDC-9C1ZU,9C1ZU,2019-01-07 06:34:58-07,BirdDC,electric-scooter,2019-01-07 06:35:00-07,-77.0495383333333,38.9339633333333
JumpDC-bike_23483,JUMP DC-2618,2019-01-07 06:35:01-07,JumpDC,pedal-assist-bike,2019-01-07 06:35:00-07,-77.0430683333333,38.935065
JumpDC-bike_18919,JUMP DC-0798,2019-01-07 06:50:03-07,JumpDC,pedal-assist-bike,2019-01-07 06:50:00-07,-76.98791,38.8451483333333
JumpDC-bike_23414,JUMP DC-2549,2019-01-07 06:35:01-07,JumpDC,pedal-assist-bike,2019-01-07 06:35:00-07,-76.9963883333333,38.935115
JumpDC-bike_23702,JUMP DC-2737,2019-01-07 06:35:01-07,JumpDC,pedal-assist-bike,2019-01-07 06:35:00-07,-77.0238983333333,38.9406833333333
JumpDC-bike_23176,JUMP DC-2485,2019-01-07 06:35:01-07,JumpDC,pedal-assist-bike,2019-01-07 06:35:00-07,-77.0608233333333,38.9424216666667
JumpDC-bike_23163,JUMP DC-2472,2019-01-07 06:35:01-07,JumpDC,pedal-assist-bike,2019-01-07 06:35:00-07,-77.03279,38.9469983333333
JumpDC-bike_23490,JUMP DC-2625,2019-01-07 06:50:03-07,JumpDC,pedal-assist-bike,2019-01-07 06:50:00-07,-76.981795,38.8625083333333
BirdDC-1SCCZ,1SCCZ,2019-01-07 06:49:58-07,BirdDC,electric-scooter,2019-01-07 06:50:00-07,-76.972953,38.8543801
JumpDC-bike_23681,JUMP DC-2716,2019-01-07 06:50:03-07,JumpDC,pedal-assist-bike,2019-01-07 06:50:00-07,-76.9879983333333,38.8451716666667
JumpDC-bike_23691,JUMP DC-2726,2019-01-07 06:50:03-07,JumpDC,pedal-assist-bike,2019-01-07 06:50:00-07,-77.0507816666667,38.8620466666667
JumpDC-bike_18828,JUMP DC-0705,2019-01-07 06:50:03-07,JumpDC,pedal-assist-bike,2019-01-07 06:50:00-07,-76.9955316666667,38.86243
JumpDC-bike_23462,JUMP DC-2597,2019-01-07 06:50:03-07,JumpDC,pedal-assist-bike,2019-01-07 06:50:00-07,-77.0061683333333,38.8718116666667
JumpDC-bike_23676,JUMP DC-2711,2019-01-07 06:50:03-07,JumpDC,pedal-assist-bike,2019-01-07 06:50:00-07,-77.006115,38.8717983333333
SkipDC-352897091381429,"",2019-01-07 06:50:01-07,SkipDC,electric-scooter,2019-01-07 06:50:00-07,-77.0190477,38.8772651
JumpDC-bike_23630,JUMP DC-2665,2019-01-07 06:50:03-07,JumpDC,pedal-assist-bike,2019-01-07 06:50:00-07,-77.0177766666667,38.877025
JumpDC-bike_23493,JUMP DC-2628,2019-01-07 06:50:03-07,JumpDC,pedal-assist-bike,2019-01-07 06:50:00-07,-76.9954733333333,38.8627416666667
JumpDC-bike_18826,JUMP DC-0703,2019-01-07 06:50:03-07,JumpDC,pedal-assist-bike,2019-01-07 06:50:00-07,-76.977405,38.8647833333333
JumpDC-bike_23431,JUMP DC-2566,2019-01-07 06:50:03-07,JumpDC,pedal-assist-bike,2019-01-07 06:50:00-07,-76.9851616666667,38.8808433333333
JumpDC-bike_18843,JUMP DC-0720,2019-01-07 06:50:03-07,JumpDC,pedal-assist-bike,2019-01-07 06:50:00-07,-77.0105883333333,38.873915
JumpDC-bike_23668,JUMP DC-2703,2019-01-07 06:50:03-07,JumpDC,pedal-assist-bike,2019-01-07 06:50:00-07,-77.000365,38.87429
JumpDC-bike_23460,JUMP DC-2595,2019-01-07 06:50:03-07,JumpDC,pedal-assist-bike,2019-01-07 06:50:00-07,-76.9853733333333,38.8808033333333
JumpDC-bike_18832,JUMP DC-0709,2019-01-07 06:50:03-07,JumpDC,pedal-assist-bike,2019-01-07 06:50:00-07,-76.9852266666667,38.8808333333333
JumpDC-bike_23620,JUMP DC-2655,2019-01-07 06:50:03-07,JumpDC,pedal-assist-bike,2019-01-07 06:50:00-07,-76.9878983333333,38.8451666666667
JumpDC-bike_18836,JUMP DC-0713,2019-01-07 06:50:03-07,JumpDC,pedal-assist-bike,2019-01-07 06:50:00-07,-76.9959083333333,38.8843183333333
JumpDC-bike_23194,JUMP DC-2503,2019-01-07 06:50:03-07,JumpDC,pedal-assist-bike,2019-01-07 06:50:00-07,-76.99595,38.8842633333333
BirdDC-U6K59,U6K59,2019-01-07 06:49:58-07,BirdDC,electric-scooter,2019-01-07 06:50:00-07,-76.953762,38.885727
BirdDC-TSX9B,TSX9B,2019-01-07 06:49:58-07,BirdDC,electric-scooter,2019-01-07 06:50:00-07,-77.054435,38.8960833333333
BirdDC-G1UXA,G1UXA,2019-01-07 06:49:58-07,BirdDC,electric-scooter,2019-01-07 06:50:00-07,-77.054795,38.8973466666667
JumpDC-bike_23680,JUMP DC-2715,2019-01-07 06:50:03-07,JumpDC,pedal-assist-bike,2019-01-07 06:50:00-07,-77.0076583333333,38.8920816666667
BirdDC-SXIUM,SXIUM,2019-01-07 06:49:58-07,BirdDC,electric-scooter,2019-01-07 06:50:00-07,-76.9131233333333,38.8957183333333
JumpDC-bike_16612,JUMP DC-0247,2019-01-07 06:50:03-07,JumpDC,pedal-assist-bike,2019-01-07 06:50:00-07,-77.0455216666667,38.8896883333333
BirdDC-K69YG,K69YG,2019-01-07 06:49:58-07,BirdDC,electric-scooter,2019-01-07 06:50:00-07,-76.9562533333333,38.88773
JumpDC-bike_23699,JUMP DC-2734,2019-01-07 06:50:03-07,JumpDC,pedal-assist-bike,2019-01-07 06:50:00-07,-76.91396,38.8896366666667
JumpDC-bike_18867,JUMP DC-0826,2019-01-07 06:50:03-07,JumpDC,pedal-assist-bike,2019-01-07 06:50:00-07,-77.0318233333333,38.9051866666667
JumpDC-bike_23419,JUMP DC-2554,2019-01-07 06:50:03-07,JumpDC,pedal-assist-bike,2019-01-07 06:50:00-07,-76.9982416666667,38.8994616666667
JumpDC-bike_23228,JUMP DC-2537,2019-01-07 06:50:03-07,JumpDC,pedal-assist-bike,2019-01-07 06:50:00-07,-76.9977683333333,38.90016
JumpDC-bike_23487,JUMP DC-2622,2019-01-07 06:50:03-07,JumpDC,pedal-assist-bike,2019-01-07 06:50:00-07,-77.0188933333333,38.902685
JumpDC-bike_23656,JUMP DC-2691 ,2019-01-07 06:50:03-07,JumpDC,pedal-assist-bike,2019-01-07 06:50:00-07,-76.9962483333333,38.899955
JumpDC-bike_23142,JUMP DC-2451,2019-01-07 06:50:03-07,JumpDC,pedal-assist-bike,2019-01-07 06:50:00-07,-76.9984766666667,38.9003083333333
JumpDC-bike_23197,JUMP DC-2506,2019-01-07 06:50:03-07,JumpDC,pedal-assist-bike,2019-01-07 06:50:00-07,-76.9732466666667,38.90217
JumpDC-bike_23616,JUMP DC-2651,2019-01-07 06:50:03-07,JumpDC,pedal-assist-bike,2019-01-07 06:50:00-07,-76.9391033333333,38.9017566666667
JumpDC-bike_23667,JUMP DC-2702,2019-01-07 06:50:03-07,JumpDC,pedal-assist-bike,2019-01-07 06:50:00-07,-76.9472516666667,38.8974366666667
JumpDC-bike_23147,JUMP DC-2456,2019-01-07 06:50:03-07,JumpDC,pedal-assist-bike,2019-01-07 06:50:00-07,-76.9473283333333,38.897335
BirdDC-Z6W4H,Z6W4H,2019-01-07 06:49:58-07,BirdDC,electric-scooter,2019-01-07 06:50:00-07,-77.048905,38.90923
JumpDC-bike_23191,JUMP DC-2500,2019-01-07 06:50:03-07,JumpDC,pedal-assist-bike,2019-01-07 06:50:00-07,-77.0498866666667,38.905575
JumpDC-bike_23159,JUMP DC-2468,2019-01-07 06:50:03-07,JumpDC,pedal-assist-bike,2019-01-07 06:50:00-07,-77.0417566666667,38.9082
JumpDC-bike_23480,JUMP DC-2615,2019-01-07 06:50:03-07,JumpDC,pedal-assist-bike,2019-01-07 06:50:00-07,-77.044725,38.9077833333333
BirdDC-ZACQD,ZACQD,2019-01-07 06:49:58-07,BirdDC,electric-scooter,2019-01-07 06:50:00-07,-77.04193293467,38.9065854046781
BirdDC-PTYLQ,PTYLQ,2019-01-07 06:49:58-07,BirdDC,electric-scooter,2019-01-07 06:50:00-07,-77.06131,38.9026916666667
BirdDC-EXJKY,EXJKY,2019-01-07 06:49:58-07,BirdDC,electric-scooter,2019-01-07 06:50:00-07,-77.0636666666667,38.9052466666667
JumpDC-bike_18862,JUMP DC-0821,2019-01-07 06:50:03-07,JumpDC,pedal-assist-bike,2019-01-07 06:50:00-07,-77.0417666666667,38.90762
JumpDC-bike_23232,JUMP DC-2541,2019-01-07 06:50:03-07,JumpDC,pedal-assist-bike,2019-01-07 06:50:00-07,-77.0417733333333,38.906275
JumpDC-bike_23203,JUMP DC-2512,2019-01-07 06:50:03-07,JumpDC,pedal-assist-bike,2019-01-07 06:50:00-07,-77.0183083333333,38.9086333333333
SkipDC-352897091387384,"",2019-01-07 06:50:01-07,SkipDC,electric-scooter,2019-01-07 06:50:00-07,-76.9965617,38.9075383
JumpDC-bike_23202,JUMP DC-2511,2019-01-07 06:50:03-07,JumpDC,pedal-assist-bike,2019-01-07 06:50:00-07,-77.0323366666667,38.9095683333333
JumpDC-bike_16516,JUMP DC-0174,2019-01-07 06:50:03-07,JumpDC,pedal-assist-bike,2019-01-07 06:50:00-07,-77.0342616666667,38.909605
SkipDC-352897091311467,"",2019-01-07 06:50:01-07,SkipDC,electric-scooter,2019-01-07 06:50:00-07,-76.99712,38.9081017
JumpDC-bike_18933,JUMP DC-0812,2019-01-07 06:50:03-07,JumpDC,pedal-assist-bike,2019-01-07 06:50:00-07,-77.0444266666667,38.91258
JumpDC-bike_16492,JUMP DC-0179,2019-01-07 06:50:03-07,JumpDC,pedal-assist-bike,2019-01-07 06:50:00-07,-77.0306783333333,38.9076466666667
BirdDC-6JU9K,6JU9K,2019-01-07 06:49:58-07,BirdDC,electric-scooter,2019-01-07 06:50:00-07,-77.027245,38.909535
JumpDC-bike_23617,JUMP DC-2652,2019-01-07 06:50:03-07,JumpDC,pedal-assist-bike,2019-01-07 06:50:00-07,-77.0434733333333,38.9135966666667
JumpDC-bike_23433,JUMP DC-2568,2019-01-07 06:50:03-07,JumpDC,pedal-assist-bike,2019-01-07 06:50:00-07,-77.0366116666667,38.9106783333333
BirdDC-XWXXJ,XWXXJ,2019-01-07 06:49:58-07,BirdDC,electric-scooter,2019-01-07 06:50:00-07,-77.05481,38.8973166666667
JumpDC-bike_16623,JUMP DC-0231,2019-01-07 06:50:03-07,JumpDC,pedal-assist-bike,2019-01-07 06:50:00-07,-77.0376533333333,38.911165
JumpDC-bike_23216,JUMP DC-2525,2019-01-07 06:50:03-07,JumpDC,pedal-assist-bike,2019-01-07 06:50:00-07,-77.0269533333333,38.9130083333333
JumpDC-bike_23489,JUMP DC-2624,2019-01-07 06:50:03-07,JumpDC,pedal-assist-bike,2019-01-07 06:50:00-07,-77.0221183333333,38.912565
BirdDC-VSXD,VSXD,2019-01-07 06:49:58-07,BirdDC,electric-scooter,2019-01-07 06:50:00-07,-77.0392428339245,38.9187512174611
BirdDC-XAJMV,XAJMV,2019-01-07 06:49:58-07,BirdDC,electric-scooter,2019-01-07 06:50:00-07,-77.0390083333333,38.918815
BirdDC-CS68G,CS68G,2019-01-07 06:49:58-07,BirdDC,electric-scooter,2019-01-07 06:50:00-07,-77.0394000491291,38.91880622077
BirdDC-62K56,62K56,2019-01-07 06:49:58-07,BirdDC,electric-scooter,2019-01-07 06:50:00-07,-77.0392325241836,38.9188704081242
BirdDC-1BX55,1BX55,2019-01-07 06:49:58-07,BirdDC,electric-scooter,2019-01-07 06:50:00-07,-77.0392001502065,38.9188453866314
BirdDC-QEEQF,QEEQF,2019-01-07 06:49:58-07,BirdDC,electric-scooter,2019-01-07 06:50:00-07,-77.0389633333333,38.918815
BirdDC-FT2RS,FT2RS,2019-01-07 06:49:58-07,BirdDC,electric-scooter,2019-01-07 06:50:00-07,-77.039163272064,38.9187028208715
JumpDC-bike_23484,JUMP DC-2619,2019-01-07 06:50:03-07,JumpDC,pedal-assist-bike,2019-01-07 06:50:00-07,-77.0205116666667,38.91375
JumpDC-bike_23713,JUMP DC-2748,2019-01-07 06:50:03-07,JumpDC,pedal-assist-bike,2019-01-07 06:50:00-07,-77.0222383333333,38.912545
BirdDC-177BK,177BK,2019-01-07 06:49:58-07,BirdDC,electric-scooter,2019-01-07 06:50:00-07,-77.0432816666667,38.9169733333333
JumpDC-bike_23655,JUMP DC-2690,2019-01-07 06:50:03-07,JumpDC,pedal-assist-bike,2019-01-07 06:50:00-07,-77.0400833333333,38.9180533333333
JumpDC-bike_23500,JUMP DC-2635,2019-01-07 06:50:03-07,JumpDC,pedal-assist-bike,2019-01-07 06:50:00-07,-77.0384933333333,38.9166116666667
JumpDC-bike_23160,JUMP DC-2469,2019-01-07 06:50:03-07,JumpDC,pedal-assist-bike,2019-01-07 06:50:00-07,-77.0417366666667,38.919405
BirdDC-FWYI7,FWYI7,2019-01-07 06:49:58-07,BirdDC,electric-scooter,2019-01-07 06:50:00-07,-77.0392879,38.9189784
BirdDC-8DJWK,8DJWK,2019-01-07 06:49:58-07,BirdDC,electric-scooter,2019-01-07 06:50:00-07,-77.0392325241836,38.9188704081242
BirdDC-MNF5F,MNF5F,2019-01-07 06:49:58-07,BirdDC,electric-scooter,2019-01-07 06:50:00-07,-77.0390554219108,38.9186774171836
BirdDC-VP73,VP73,2019-01-07 06:49:58-07,BirdDC,electric-scooter,2019-01-07 06:50:00-07,-77.0391862,38.9188162
BirdDC-BMWJM,BMWJM,2019-01-07 06:49:58-07,BirdDC,electric-scooter,2019-01-07 06:50:00-07,-77.0392401432289,38.9188356670921
JumpDC-bike_23438,JUMP DC-2573,2019-01-07 06:50:03-07,JumpDC,pedal-assist-bike,2019-01-07 06:50:00-07,-77.0288483333333,38.9171966666667
SkipDC-352897090241400,"",2019-01-07 06:50:01-07,SkipDC,electric-scooter,2019-01-07 06:50:00-07,-77.0285597,38.9165123
JumpDC-bike_18827,JUMP DC-0704,2019-01-07 06:50:03-07,JumpDC,pedal-assist-bike,2019-01-07 06:50:00-07,-77.012475,38.9148816666667
JumpDC-bike_23497,JUMP DC-2632,2019-01-07 06:50:03-07,JumpDC,pedal-assist-bike,2019-01-07 06:50:00-07,-76.98005,38.9173516666667
BirdDC-1UI2Z,1UI2Z,2019-01-07 06:49:58-07,BirdDC,electric-scooter,2019-01-07 06:50:00-07,-77.0392763989813,38.918952309972
BirdDC-Y1TA5,Y1TA5,2019-01-07 06:49:58-07,BirdDC,electric-scooter,2019-01-07 06:50:00-07,-77.0393011,38.9189451
JumpDC-bike_23672,JUMP DC-2707,2019-01-07 06:50:03-07,JumpDC,pedal-assist-bike,2019-01-07 06:50:00-07,-77.0251433333333,38.9196583333333
SkipDC-352897091386527,"",2019-01-07 06:50:01-07,SkipDC,electric-scooter,2019-01-07 06:50:00-07,-77.0217167,38.92001
SkipDC-352897091343221,"",2019-01-07 06:50:01-07,SkipDC,electric-scooter,2019-01-07 06:50:00-07,-77.0216717,38.91992
SkipDC-352897091437866,"",2019-01-07 06:50:01-07,SkipDC,electric-scooter,2019-01-07 06:50:00-07,-77.021695,38.9200083
SkipDC-352897091291982,"",2019-01-07 06:50:01-07,SkipDC,electric-scooter,2019-01-07 06:50:00-07,-77.0216733,38.9200167
BirdDC-BX8WG,BX8WG,2019-01-07 06:49:58-07,BirdDC,electric-scooter,2019-01-07 06:50:00-07,-76.9867016666667,38.9215233333333
JumpDC-bike_23693,JUMP DC-2728,2019-01-07 06:50:03-07,JumpDC,pedal-assist-bike,2019-01-07 06:50:00-07,-76.96217,38.91907
JumpDC-bike_23638,JUMP DC-2673,2019-01-07 06:50:03-07,JumpDC,pedal-assist-bike,2019-01-07 06:50:00-07,-77.0515783333333,38.91913
JumpDC-bike_23496,JUMP DC-2631,2019-01-07 06:50:03-07,JumpDC,pedal-assist-bike,2019-01-07 06:50:00-07,-77.0448616666667,38.9213866666667
SkipDC-352897091328586,"",2019-01-07 06:50:01-07,SkipDC,electric-scooter,2019-01-07 06:50:00-07,-77.0226017,38.9242067
JumpDC-bike_23201,JUMP DC-2510,2019-01-07 06:50:03-07,JumpDC,pedal-assist-bike,2019-01-07 06:50:00-07,-77.0031516666667,38.9237466666667
JumpDC-bike_23665,JUMP DC-2700,2019-01-07 06:50:03-07,JumpDC,pedal-assist-bike,2019-01-07 06:50:00-07,-76.9903666666667,38.9258433333333
JumpDC-bike_18925,JUMP DC-0804,2019-01-07 06:50:03-07,JumpDC,pedal-assist-bike,2019-01-07 06:50:00-07,-77.0581016666667,38.9295816666667
JumpDC-bike_23619,JUMP DC-2654,2019-01-07 06:50:03-07,JumpDC,pedal-assist-bike,2019-01-07 06:50:00-07,-77.04305,38.9288533333333
JumpDC-bike_23678,JUMP DC-2713,2019-01-07 06:50:03-07,JumpDC,pedal-assist-bike,2019-01-07 06:50:00-07,-76.9621933333333,38.919045
JumpDC-bike_18930,JUMP DC-0809,2019-01-07 06:50:03-07,JumpDC,pedal-assist-bike,2019-01-07 06:50:00-07,-76.9601383333333,38.9225833333333
JumpDC-bike_23512,JUMP DC-2647,2019-01-07 06:50:03-07,JumpDC,pedal-assist-bike,2019-01-07 06:50:00-07,-76.96203,38.9191
JumpDC-bike_18840,JUMP DC-0846,2019-01-07 06:50:03-07,JumpDC,pedal-assist-bike,2019-01-07 06:50:00-07,-76.9621666666667,38.9190966666667
JumpDC-bike_23700,JUMP DC-2735,2019-01-07 06:50:03-07,JumpDC,pedal-assist-bike,2019-01-07 06:50:00-07,-76.96214,38.9191566666667
JumpDC-bike_23153,JUMP DC-2462,2019-01-07 06:50:03-07,JumpDC,pedal-assist-bike,2019-01-07 06:50:00-07,-76.9623183333333,38.9190683333333
JumpDC-bike_23634,JUMP DC-2669,2019-01-07 06:50:03-07,JumpDC,pedal-assist-bike,2019-01-07 06:50:00-07,-76.9621183333333,38.919115
JumpDC-bike_18834,JUMP DC-0711,2019-01-07 06:50:03-07,JumpDC,pedal-assist-bike,2019-01-07 06:50:00-07,-76.9622416666667,38.91928
JumpDC-bike_23214,JUMP DC-2523,2019-01-07 06:50:03-07,JumpDC,pedal-assist-bike,2019-01-07 06:50:00-07,-76.9621783333333,38.9190816666667
JumpDC-bike_23660,JUMP DC-2695,2019-01-07 06:50:03-07,JumpDC,pedal-assist-bike,2019-01-07 06:50:00-07,-76.9623166666667,38.91896
JumpDC-bike_23209,JUMP DC-2518,2019-01-07 06:50:03-07,JumpDC,pedal-assist-bike,2019-01-07 06:50:00-07,-76.9623533333333,38.9193116666667
JumpDC-bike_18849,JUMP DC-0694,2019-01-07 06:50:03-07,JumpDC,pedal-assist-bike,2019-01-07 06:50:00-07,-77.0310533333333,38.93196
SkipDC-352897091295009,"",2019-01-07 06:50:01-07,SkipDC,electric-scooter,2019-01-07 06:50:00-07,-77.0855612,38.9331579
SkipDC-352897091428147,"",2019-01-07 06:50:01-07,SkipDC,electric-scooter,2019-01-07 06:50:00-07,-77.086125,38.9345329
BirdDC-9C1ZU,9C1ZU,2019-01-07 06:49:58-07,BirdDC,electric-scooter,2019-01-07 06:50:00-07,-77.0495,38.93401
JumpDC-bike_23483,JUMP DC-2618,2019-01-07 06:50:03-07,JumpDC,pedal-assist-bike,2019-01-07 06:50:00-07,-77.0430683333333,38.935065
JumpDC-bike_23414,JUMP DC-2549,2019-01-07 06:50:03-07,JumpDC,pedal-assist-bike,2019-01-07 06:50:00-07,-76.9963883333333,38.935115
JumpDC-bike_23702,JUMP DC-2737,2019-01-07 06:50:03-07,JumpDC,pedal-assist-bike,2019-01-07 06:50:00-07,-77.0238983333333,38.9406833333333
JumpDC-bike_23176,JUMP DC-2485,2019-01-07 06:50:03-07,JumpDC,pedal-assist-bike,2019-01-07 06:50:00-07,-77.0608233333333,38.9424216666667
JumpDC-bike_23163,JUMP DC-2472,2019-01-07 06:50:03-07,JumpDC,pedal-assist-bike,2019-01-07 06:50:00-07,-77.03279,38.9469983333333
JumpDC-bike_18912,JUMP DC-0791,2019-01-07 06:50:03-07,JumpDC,pedal-assist-bike,2019-01-07 06:50:00-07,-77.0532833333333,38.92642
JumpDC-bike_18911,JUMP DC-0790,2019-01-07 06:50:03-07,JumpDC,pedal-assist-bike,2019-01-07 06:50:00-07,-77.052575,38.9238066666667
JumpDC-bike_23636,JUMP DC-2671,2019-01-07 06:50:03-07,JumpDC,pedal-assist-bike,2019-01-07 06:50:00-07,-77.053285,38.900195
BirdDC-CHIZ5,CHIZ5,2019-01-07 06:49:58-07,BirdDC,electric-scooter,2019-01-07 06:50:00-07,-77.0499566666667,38.9007183333333
BirdDC-ZG3PV,ZG3PV,2019-01-07 06:49:58-07,BirdDC,electric-scooter,2019-01-07 06:50:00-07,-77.046685,38.8967583333333
JumpDC-bike_23666,JUMP DC-2701,2019-01-07 06:50:03-07,JumpDC,pedal-assist-bike,2019-01-07 06:50:00-07,-77.005545,38.9000183333333
JumpDC-bike_18911,JUMP DC-0790,2019-01-14 06:04:55-07,JumpDC,pedal-assist-bike,2019-01-14 06:05:00-07,-76.991235,38.8555533333333
JumpDC-bike_18828,JUMP DC-0705,2019-01-14 06:04:55-07,JumpDC,pedal-assist-bike,2019-01-14 06:05:00-07,-76.98792,38.8451633333333
JumpDC-bike_18856,JUMP DC-0765,2019-01-14 06:04:55-07,JumpDC,pedal-assist-bike,2019-01-14 06:05:00-07,-76.9879733333333,38.84517
JumpDC-bike_23172,JUMP DC-2481,2019-01-14 06:04:55-07,JumpDC,pedal-assist-bike,2019-01-14 06:05:00-07,-76.9878466666667,38.845155
JumpDC-bike_23201,JUMP DC-2510,2019-01-14 06:04:55-07,JumpDC,pedal-assist-bike,2019-01-14 06:05:00-07,-76.98343,38.8654566666667
JumpDC-bike_23130,JUMP DC-0820,2019-01-14 06:04:55-07,JumpDC,pedal-assist-bike,2019-01-14 06:05:00-07,-77.0008883333333,38.873735
JumpDC-bike_23705,JUMP DC-2740,2019-01-14 06:04:55-07,JumpDC,pedal-assist-bike,2019-01-14 06:05:00-07,-77.0043533333333,38.8767183333333
JumpDC-bike_23487,JUMP DC-2622,2019-01-14 06:04:55-07,JumpDC,pedal-assist-bike,2019-01-14 06:05:00-07,-77.0049816666667,38.8764883333333
JumpDC-bike_23461,JUMP DC-2596,2019-01-14 06:04:55-07,JumpDC,pedal-assist-bike,2019-01-14 06:05:00-07,-76.995135,38.877605
JumpDC-bike_18830,JUMP DC-0707,2019-01-14 06:04:55-07,JumpDC,pedal-assist-bike,2019-01-14 06:05:00-07,-77.01623,38.8791616666667
JumpDC-bike_23669,JUMP DC-2704,2019-01-14 06:04:55-07,JumpDC,pedal-assist-bike,2019-01-14 06:05:00-07,-76.98157,38.8811733333333
JumpDC-bike_23216,JUMP DC-2525,2019-01-14 06:04:55-07,JumpDC,pedal-assist-bike,2019-01-14 06:05:00-07,-76.9357233333333,38.8816416666667
JumpDC-bike_16502,JUMP DC-0189,2019-01-14 06:04:55-07,JumpDC,pedal-assist-bike,2019-01-14 06:05:00-07,-76.938405,38.891215
JumpDC-bike_18898,JUMP DC-0777 ,2019-01-14 06:04:55-07,JumpDC,pedal-assist-bike,2019-01-14 06:05:00-07,-77.0235033333333,38.8963133333333
JumpDC-bike_23143,JUMP DC-2452,2019-01-14 06:04:55-07,JumpDC,pedal-assist-bike,2019-01-14 06:05:00-07,-77.0194266666667,38.8963433333333
JumpDC-bike_23493,JUMP DC-2628,2019-01-14 06:04:55-07,JumpDC,pedal-assist-bike,2019-01-14 06:05:00-07,-77.01973,38.8928866666667
JumpDC-bike_23229,JUMP DC-2538,2019-01-14 06:04:55-07,JumpDC,pedal-assist-bike,2019-01-14 06:05:00-07,-76.9962233333333,38.8945083333333
JumpDC-bike_23691,JUMP DC-2726,2019-01-14 06:04:55-07,JumpDC,pedal-assist-bike,2019-01-14 06:05:00-07,-76.9855933333333,38.893475
JumpDC-bike_18933,JUMP DC-0812,2019-01-14 06:04:55-07,JumpDC,pedal-assist-bike,2019-01-14 06:05:00-07,-76.9853883333333,38.8920516666667
JumpDC-bike_23475,JUMP DC-2610,2019-01-14 06:04:55-07,JumpDC,pedal-assist-bike,2019-01-14 06:05:00-07,-76.98372,38.89269
JumpDC-bike_18837,JUMP DC-0714,2019-01-14 06:04:55-07,JumpDC,pedal-assist-bike,2019-01-14 06:05:00-07,-76.9489233333333,38.89577
JumpDC-bike_18937,JUMP DC-0816,2019-01-14 06:04:55-07,JumpDC,pedal-assist-bike,2019-01-14 06:05:00-07,-77.047805,38.90079
JumpDC-bike_23212,JUMP DC-2521,2019-01-14 06:04:55-07,JumpDC,pedal-assist-bike,2019-01-14 06:05:00-07,-77.0491316666667,38.899675
JumpDC-bike_23628,JUMP DC-2663,2019-01-14 06:04:55-07,JumpDC,pedal-assist-bike,2019-01-14 06:05:00-07,-77.05011,38.90065
JumpDC-bike_23678,JUMP DC-2713,2019-01-14 06:04:55-07,JumpDC,pedal-assist-bike,2019-01-14 06:05:00-07,-77.0505383333333,38.9008066666667
JumpDC-bike_23513,JUMP DC-2648,2019-01-14 06:04:55-07,JumpDC,pedal-assist-bike,2019-01-14 06:05:00-07,-77.0504316666667,38.90089
JumpDC-bike_16501,JUMP DC-0188,2019-01-14 06:04:55-07,JumpDC,pedal-assist-bike,2019-01-14 06:05:00-07,-77.027755,38.897275
JumpDC-bike_23504,JUMP DC-2639,2019-01-14 06:04:55-07,JumpDC,pedal-assist-bike,2019-01-14 06:05:00-07,-76.9976,38.885115
JumpDC-bike_23681,JUMP DC-2716,2019-01-14 06:04:55-07,JumpDC,pedal-assist-bike,2019-01-14 06:05:00-07,-76.9960733333333,38.8871766666667
JumpDC-bike_23178,JUMP DC-2487,2019-01-14 06:04:55-07,JumpDC,pedal-assist-bike,2019-01-14 06:05:00-07,-76.9964716666667,38.8870483333333
JumpDC-bike_23422,JUMP DC-2557,2019-01-14 06:04:55-07,JumpDC,pedal-assist-bike,2019-01-14 06:05:00-07,-76.9978916666667,38.8852066666667
JumpDC-bike_18868,JUMP DC-0827,2019-01-14 06:04:55-07,JumpDC,pedal-assist-bike,2019-01-14 06:05:00-07,-76.9936933333333,38.88511
JumpDC-bike_18855,JUMP DC-0691,2019-01-14 06:04:55-07,JumpDC,pedal-assist-bike,2019-01-14 06:05:00-07,-76.9871216666667,38.8861383333333
JumpDC-bike_23713,JUMP DC-2748,2019-01-14 06:04:55-07,JumpDC,pedal-assist-bike,2019-01-14 06:05:00-07,-76.9884183333333,38.8893183333333
JumpDC-bike_23165,JUMP DC-2474,2019-01-14 06:04:55-07,JumpDC,pedal-assist-bike,2019-01-14 06:05:00-07,-76.9884016666667,38.8896216666667
JumpDC-bike_23660,JUMP DC-2695,2019-01-14 06:04:55-07,JumpDC,pedal-assist-bike,2019-01-14 06:05:00-07,-76.9913933333333,38.8895866666667
JumpDC-bike_23234,JUMP DC-2543,2019-01-14 06:04:55-07,JumpDC,pedal-assist-bike,2019-01-14 06:05:00-07,-76.99351,38.8887383333333
JumpDC-bike_23142,JUMP DC-2451,2019-01-14 06:04:55-07,JumpDC,pedal-assist-bike,2019-01-14 06:05:00-07,-76.9889283333333,38.8897233333333
JumpDC-bike_18853,JUMP DC-0695,2019-01-14 06:04:55-07,JumpDC,pedal-assist-bike,2019-01-14 06:05:00-07,-77.0190083333333,38.898825
JumpDC-bike_23506,JUMP DC-2641,2019-01-14 06:04:55-07,JumpDC,pedal-assist-bike,2019-01-14 06:05:00-07,-77.0121333333333,38.90065
JumpDC-bike_23508,JUMP DC-2643,2019-01-14 06:04:55-07,JumpDC,pedal-assist-bike,2019-01-14 06:05:00-07,-76.9981633333333,38.9000066666667
JumpDC-bike_18899,JUMP DC-0778,2019-01-14 06:04:55-07,JumpDC,pedal-assist-bike,2019-01-14 06:05:00-07,-76.997875,38.90029
JumpDC-bike_23673,JUMP DC-2708,2019-01-14 06:04:55-07,JumpDC,pedal-assist-bike,2019-01-14 06:05:00-07,-76.9999716666667,38.8973616666667
JumpDC-bike_23237,JUMP DC-2546,2019-01-14 06:04:55-07,JumpDC,pedal-assist-bike,2019-01-14 06:05:00-07,-76.99212,38.9003266666667
JumpDC-bike_23496,JUMP DC-2631,2019-01-14 06:04:55-07,JumpDC,pedal-assist-bike,2019-01-14 06:05:00-07,-76.9920966666667,38.90027
JumpDC-bike_23452,JUMP DC-2587,2019-01-14 06:04:55-07,JumpDC,pedal-assist-bike,2019-01-14 06:05:00-07,-76.9925666666667,38.8990633333333
JumpDC-bike_23497,JUMP DC-2632,2019-01-14 06:04:55-07,JumpDC,pedal-assist-bike,2019-01-14 06:05:00-07,-76.9936683333333,38.90042
JumpDC-bike_23642,JUMP DC-2677,2019-01-14 06:04:55-07,JumpDC,pedal-assist-bike,2019-01-14 06:05:00-07,-76.9742066666667,38.897455
JumpDC-bike_18851,JUMP DC-0696 (Dummy Controller),2019-01-14 06:04:55-07,JumpDC,pedal-assist-bike,2019-01-14 06:05:00-07,-76.9472766666667,38.8974116666667
JumpDC-bike_23156,JUMP DC-2465,2019-01-14 06:04:55-07,JumpDC,pedal-assist-bike,2019-01-14 06:05:00-07,-76.9463866666667,38.8989083333333
JumpDC-bike_23668,JUMP DC-2703,2019-01-14 06:04:55-07,JumpDC,pedal-assist-bike,2019-01-14 06:05:00-07,-76.94647,38.89895
JumpDC-bike_23207,JUMP DC-2516,2019-01-14 06:04:55-07,JumpDC,pedal-assist-bike,2019-01-14 06:05:00-07,-76.945985,38.8993433333333
JumpDC-bike_18827,JUMP DC-0704,2019-01-14 06:04:55-07,JumpDC,pedal-assist-bike,2019-01-14 06:05:00-07,-76.9465166666667,38.8986533333333
JumpDC-bike_18919,JUMP DC-0798,2019-01-14 06:04:55-07,JumpDC,pedal-assist-bike,2019-01-14 06:05:00-07,-76.9465733333333,38.8986716666667
JumpDC-bike_23194,JUMP DC-2503,2019-01-14 06:04:55-07,JumpDC,pedal-assist-bike,2019-01-14 06:05:00-07,-77.0667416666667,38.9045783333333
JumpDC-bike_23154,JUMP DC-2463,2019-01-14 06:04:55-07,JumpDC,pedal-assist-bike,2019-01-14 06:05:00-07,-77.074325,38.91252
JumpDC-bike_23676,JUMP DC-2711,2019-01-14 06:04:55-07,JumpDC,pedal-assist-bike,2019-01-14 06:05:00-07,-77.047855,38.913515
JumpDC-bike_23176,JUMP DC-2485,2019-01-14 06:04:55-07,JumpDC,pedal-assist-bike,2019-01-14 06:05:00-07,-77.04448,38.9109716666667
JumpDC-bike_23666,JUMP DC-2701,2019-01-14 06:04:55-07,JumpDC,pedal-assist-bike,2019-01-14 06:05:00-07,-77.0445783333333,38.9110466666667
JumpDC-bike_18924,JUMP DC-0803,2019-01-14 06:04:55-07,JumpDC,pedal-assist-bike,2019-01-14 06:05:00-07,-77.0445066666667,38.9110783333333
JumpDC-bike_23683,JUMP DC-2718,2019-01-14 06:04:55-07,JumpDC,pedal-assist-bike,2019-01-14 06:05:00-07,-77.044625,38.9111533333333
JumpDC-bike_18903,JUMP DC-0782,2019-01-14 06:04:55-07,JumpDC,pedal-assist-bike,2019-01-14 06:05:00-07,-77.04412,38.910105
JumpDC-bike_23482,JUMP DC-2617,2019-01-14 06:04:55-07,JumpDC,pedal-assist-bike,2019-01-14 06:05:00-07,-77.038375,38.9100383333333
JumpDC-bike_23698,JUMP DC-2733,2019-01-14 06:04:55-07,JumpDC,pedal-assist-bike,2019-01-14 06:05:00-07,-77.0332666666667,38.9139783333333
JumpDC-bike_23438,JUMP DC-2573,2019-01-14 06:04:55-07,JumpDC,pedal-assist-bike,2019-01-14 06:05:00-07,-77.02246,38.912755
JumpDC-bike_23650,JUMP DC-2685,2019-01-14 06:04:55-07,JumpDC,pedal-assist-bike,2019-01-14 06:05:00-07,-77.02223,38.9125783333333
JumpDC-bike_16633,JUMP DC-0225,2019-01-14 06:04:55-07,JumpDC,pedal-assist-bike,2019-01-14 06:05:00-07,-77.0143916666667,38.9131133333333
JumpDC-bike_23197,JUMP DC-2506,2019-01-14 06:04:55-07,JumpDC,pedal-assist-bike,2019-01-14 06:05:00-07,-77.0037383333333,38.9111983333333
JumpDC-bike_23620,JUMP DC-2655,2019-01-14 06:04:55-07,JumpDC,pedal-assist-bike,2019-01-14 06:05:00-07,-77.0039833333333,38.91104
JumpDC-bike_23458,JUMP DC-2593,2019-01-14 06:04:55-07,JumpDC,pedal-assist-bike,2019-01-14 06:05:00-07,-77.0041366666667,38.911125
JumpDC-bike_16598,JUMP DC-0232,2019-01-14 06:04:55-07,JumpDC,pedal-assist-bike,2019-01-14 06:05:00-07,-77.0032833333333,38.9116616666667
JumpDC-bike_23210,JUMP DC-2519,2019-01-14 06:04:55-07,JumpDC,pedal-assist-bike,2019-01-14 06:05:00-07,-77.0014716666667,38.9112683333333
JumpDC-bike_23480,JUMP DC-2615,2019-01-14 06:04:55-07,JumpDC,pedal-assist-bike,2019-01-14 06:05:00-07,-76.9496783333333,38.9115316666667
JumpDC-bike_17237,JUMP DC-0239,2019-01-14 06:04:55-07,JumpDC,pedal-assist-bike,2019-01-14 06:05:00-07,-77.0454333333333,38.9184233333333
JumpDC-bike_16492,JUMP DC-0179,2019-01-14 06:04:55-07,JumpDC,pedal-assist-bike,2019-01-14 06:05:00-07,-77.0461316666667,38.9154716666667
JumpDC-bike_23471,JUMP DC-2606,2019-01-14 06:04:55-07,JumpDC,pedal-assist-bike,2019-01-14 06:05:00-07,-77.0609433333333,38.9023933333333
JumpDC-bike_18840,JUMP DC-0846,2019-01-14 06:04:55-07,JumpDC,pedal-assist-bike,2019-01-14 06:05:00-07,-77.0611033333333,38.9026816666667
JumpDC-bike_18826,JUMP DC-0703,2019-01-14 06:04:55-07,JumpDC,pedal-assist-bike,2019-01-14 06:05:00-07,-77.0220333333333,38.9042066666667
JumpDC-bike_18841,JUMP DC-0718,2019-01-14 06:04:55-07,JumpDC,pedal-assist-bike,2019-01-14 06:05:00-07,-77.0220733333333,38.9052983333333
JumpDC-bike_23160,JUMP DC-2469,2019-01-14 06:04:55-07,JumpDC,pedal-assist-bike,2019-01-14 06:05:00-07,-77.022025,38.90426
JumpDC-bike_23441,JUMP DC-2576,2019-01-14 06:04:55-07,JumpDC,pedal-assist-bike,2019-01-14 06:05:00-07,-77.01697,38.9042766666667
JumpDC-bike_18823,JUMP DC-0700,2019-01-14 06:04:55-07,JumpDC,pedal-assist-bike,2019-01-14 06:05:00-07,-77.0134383333333,38.901855
JumpDC-bike_23166,JUMP DC-2475,2019-01-14 06:04:55-07,JumpDC,pedal-assist-bike,2019-01-14 06:05:00-07,-76.99835,38.9032716666667
JumpDC-bike_23466,JUMP DC-2601,2019-01-14 06:04:55-07,JumpDC,pedal-assist-bike,2019-01-14 06:05:00-07,-77.04166,38.9069883333333
JumpDC-bike_23152,JUMP DC-2461,2019-01-14 06:04:55-07,JumpDC,pedal-assist-bike,2019-01-14 06:05:00-07,-77.0446466666667,38.9083833333333
JumpDC-bike_23179,JUMP DC-2488,2019-01-14 06:04:55-07,JumpDC,pedal-assist-bike,2019-01-14 06:05:00-07,-77.033395,38.9097066666667
JumpDC-bike_23215,JUMP DC-2524,2019-01-14 06:04:55-07,JumpDC,pedal-assist-bike,2019-01-14 06:05:00-07,-77.0337966666667,38.9097216666667
JumpDC-bike_23663,JUMP DC-2698,2019-01-14 06:04:55-07,JumpDC,pedal-assist-bike,2019-01-14 06:05:00-07,-77.0297733333333,38.9087566666667
JumpDC-bike_18848,JUMP DC-0693,2019-01-14 06:04:55-07,JumpDC,pedal-assist-bike,2019-01-14 06:05:00-07,-77.0295616666667,38.908815
JumpDC-bike_18887,JUMP DC-0764,2019-01-14 06:04:55-07,JumpDC,pedal-assist-bike,2019-01-14 06:05:00-07,-77.03332,38.9097866666667
JumpDC-bike_23153,JUMP DC-2462,2019-01-14 06:04:55-07,JumpDC,pedal-assist-bike,2019-01-14 06:05:00-07,-77.03284,38.90978
JumpDC-bike_18858,JUMP DC-0817,2019-01-14 06:04:55-07,JumpDC,pedal-assist-bike,2019-01-14 06:05:00-07,-77.0297366666667,38.9089283333333
JumpDC-bike_23665,JUMP DC-2700,2019-01-14 06:04:55-07,JumpDC,pedal-assist-bike,2019-01-14 06:05:00-07,-77.02997,38.908985
JumpDC-bike_16519,JUMP DC-0172,2019-01-14 06:04:55-07,JumpDC,pedal-assist-bike,2019-01-14 06:05:00-07,-77.0221366666667,38.90543
JumpDC-bike_23235,JUMP DC-2544,2019-01-14 06:04:55-07,JumpDC,pedal-assist-bike,2019-01-14 06:05:00-07,-77.0151016666667,38.909135
JumpDC-bike_23629,JUMP DC-2664,2019-01-14 06:04:55-07,JumpDC,pedal-assist-bike,2019-01-14 06:05:00-07,-77.0088483333333,38.90581
JumpDC-bike_23671,JUMP DC-2706,2019-01-14 06:04:55-07,JumpDC,pedal-assist-bike,2019-01-14 06:05:00-07,-77.0033716666667,38.9071016666667
JumpDC-bike_23467,JUMP DC-2602,2019-01-14 06:04:55-07,JumpDC,pedal-assist-bike,2019-01-14 06:05:00-07,-77.0039083333333,38.90627
JumpDC-bike_23415,JUMP DC-2550,2019-01-14 06:04:55-07,JumpDC,pedal-assist-bike,2019-01-14 06:05:00-07,-77.003275,38.9072383333333
JumpDC-bike_23651,JUMP DC-2686,2019-01-14 06:04:55-07,JumpDC,pedal-assist-bike,2019-01-14 06:05:00-07,-77.0036283333333,38.9072983333333
JumpDC-bike_18912,JUMP DC-0791,2019-01-14 06:04:55-07,JumpDC,pedal-assist-bike,2019-01-14 06:05:00-07,-77.00333,38.90718
JumpDC-bike_23420,JUMP DC-2555,2019-01-14 06:04:55-07,JumpDC,pedal-assist-bike,2019-01-14 06:05:00-07,-77.003375,38.907115
JumpDC-bike_23144,JUMP DC-2453,2019-01-14 06:04:55-07,JumpDC,pedal-assist-bike,2019-01-14 06:05:00-07,-77.0036683333333,38.9073216666667
JumpDC-bike_23636,JUMP DC-2671,2019-01-14 06:04:55-07,JumpDC,pedal-assist-bike,2019-01-14 06:05:00-07,-77.04281,38.92147
JumpDC-bike_23712,JUMP DC-2747,2019-01-14 06:04:55-07,JumpDC,pedal-assist-bike,2019-01-14 06:05:00-07,-77.0460866666667,38.923325
BirdDC-Y1TA5,Y1TA5,2019-01-14 06:05:02-07,BirdDC,electric-scooter,2019-01-14 06:05:00-07,-77.0393011,38.9189451
BirdDC-FWYI7,FWYI7,2019-01-14 06:05:02-07,BirdDC,electric-scooter,2019-01-14 06:05:00-07,-77.0392879,38.9189784
JumpDC-bike_23149,JUMP DC-2458,2019-01-14 06:04:55-07,JumpDC,pedal-assist-bike,2019-01-14 06:05:00-07,-77.0351466666667,38.9219666666667
JumpDC-bike_23453,JUMP DC-2588  ,2019-01-14 06:04:55-07,JumpDC,pedal-assist-bike,2019-01-14 06:05:00-07,-77.0252183333333,38.91963
JumpDC-bike_16608,JUMP DC-0243,2019-01-14 06:04:55-07,JumpDC,pedal-assist-bike,2019-01-14 06:05:00-07,-77.02882,38.9199833333333
JumpDC-bike_23617,JUMP DC-2652,2019-01-14 06:04:55-07,JumpDC,pedal-assist-bike,2019-01-14 06:05:00-07,-77.0157866666667,38.9190983333333
JumpDC-bike_23490,JUMP DC-2625,2019-01-14 06:04:55-07,JumpDC,pedal-assist-bike,2019-01-14 06:05:00-07,-76.9994333333333,38.9209683333333
JumpDC-bike_18928,JUMP DC-0807,2019-01-14 06:04:55-07,JumpDC,pedal-assist-bike,2019-01-14 06:05:00-07,-76.9621883333333,38.9191083333333
JumpDC-bike_23230,JUMP DC-2539 ,2019-01-14 06:04:55-07,JumpDC,pedal-assist-bike,2019-01-14 06:05:00-07,-76.9622116666667,38.91915
JumpDC-bike_18857,JUMP DC-0766,2019-01-14 06:04:55-07,JumpDC,pedal-assist-bike,2019-01-14 06:05:00-07,-76.9620816666667,38.919035
JumpDC-bike_23225,JUMP DC-2534,2019-01-14 06:04:55-07,JumpDC,pedal-assist-bike,2019-01-14 06:05:00-07,-76.962185,38.9191283333333
JumpDC-bike_23670,JUMP DC-2705,2019-01-14 06:04:55-07,JumpDC,pedal-assist-bike,2019-01-14 06:05:00-07,-77.0570133333333,38.9260633333333
JumpDC-bike_18909,JUMP DC-0788,2019-01-14 06:04:55-07,JumpDC,pedal-assist-bike,2019-01-14 06:05:00-07,-77.04307,38.92662
JumpDC-bike_23672,JUMP DC-2707,2019-01-14 06:04:55-07,JumpDC,pedal-assist-bike,2019-01-14 06:05:00-07,-77.018235,38.9261683333333
JumpDC-bike_23213,JUMP DC-2522,2019-01-14 06:04:55-07,JumpDC,pedal-assist-bike,2019-01-14 06:05:00-07,-76.9923716666667,38.9249133333333
JumpDC-bike_18835,JUMP DC-0712,2019-01-14 06:04:55-07,JumpDC,pedal-assist-bike,2019-01-14 06:05:00-07,-77.0662133333333,38.9315066666667
JumpDC-bike_23460,JUMP DC-2595,2019-01-14 06:04:55-07,JumpDC,pedal-assist-bike,2019-01-14 06:05:00-07,-77.0336616666667,38.93051
JumpDC-bike_23485,JUMP DC-2620,2019-01-14 06:04:55-07,JumpDC,pedal-assist-bike,2019-01-14 06:05:00-07,-77.0241433333333,38.930965
JumpDC-bike_16612,JUMP DC-0247,2019-01-14 06:04:55-07,JumpDC,pedal-assist-bike,2019-01-14 06:05:00-07,-77.0704266666667,38.9347066666667
JumpDC-bike_23674,JUMP DC-2709,2019-01-14 06:04:55-07,JumpDC,pedal-assist-bike,2019-01-14 06:05:00-07,-77.0585966666667,38.9360166666667
JumpDC-bike_16615,JUMP DC-0250,2019-01-14 06:04:55-07,JumpDC,pedal-assist-bike,2019-01-14 06:05:00-07,-77.055065,38.9354916666667
JumpDC-bike_23648,JUMP DC-2683,2019-01-14 06:04:55-07,JumpDC,pedal-assist-bike,2019-01-14 06:05:00-07,-77.0587283333333,38.9362316666667
JumpDC-bike_18930,JUMP DC-0809,2019-01-14 06:04:55-07,JumpDC,pedal-assist-bike,2019-01-14 06:05:00-07,-77.0586133333333,38.9360716666667
JumpDC-bike_23199,JUMP DC-2508,2019-01-14 06:04:55-07,JumpDC,pedal-assist-bike,2019-01-14 06:05:00-07,-77.0413666666667,38.9333916666667
JumpDC-bike_23696,JUMP DC-2731,2019-01-14 06:04:55-07,JumpDC,pedal-assist-bike,2019-01-14 06:05:00-07,-77.0365266666667,38.9363216666667
JumpDC-bike_23227,JUMP DC-2536,2019-01-14 06:04:55-07,JumpDC,pedal-assist-bike,2019-01-14 06:05:00-07,-77.0349716666667,38.9344966666667
JumpDC-bike_18875,JUMP DC-0834,2019-01-14 06:04:55-07,JumpDC,pedal-assist-bike,2019-01-14 06:05:00-07,-77.032635,38.9363816666667
JumpDC-bike_23702,JUMP DC-2737,2019-01-14 06:04:55-07,JumpDC,pedal-assist-bike,2019-01-14 06:05:00-07,-77.03269,38.9325716666667
JumpDC-bike_18856,JUMP DC-0765,2019-01-14 06:20:17-07,JumpDC,pedal-assist-bike,2019-01-14 06:20:00-07,-76.9879733333333,38.84517
JumpDC-bike_23172,JUMP DC-2481,2019-01-14 06:20:17-07,JumpDC,pedal-assist-bike,2019-01-14 06:20:00-07,-76.9878466666667,38.845155
JumpDC-bike_18828,JUMP DC-0705,2019-01-14 06:20:17-07,JumpDC,pedal-assist-bike,2019-01-14 06:20:00-07,-76.98792,38.8451633333333
JumpDC-bike_18911,JUMP DC-0790,2019-01-14 06:20:17-07,JumpDC,pedal-assist-bike,2019-01-14 06:20:00-07,-76.991235,38.8555533333333
JumpDC-bike_16488,JUMP DC-0214,2019-01-14 06:20:17-07,JumpDC,pedal-assist-bike,2019-01-14 06:20:00-07,-76.9910333333333,38.855475
JumpDC-bike_23432,JUMP DC-2567,2019-01-14 06:20:17-07,JumpDC,pedal-assist-bike,2019-01-14 06:20:00-07,-77.0145883333333,38.8644283333333
JumpDC-bike_23164,JUMP DC-2473,2019-01-14 06:20:17-07,JumpDC,pedal-assist-bike,2019-01-14 06:20:00-07,-76.99551,38.8623233333333
JumpDC-bike_23157,JUMP DC-2466,2019-01-14 06:20:17-07,JumpDC,pedal-assist-bike,2019-01-14 06:20:00-07,-76.995515,38.8623183333333
JumpDC-bike_23634,JUMP DC-2669,2019-01-14 06:20:17-07,JumpDC,pedal-assist-bike,2019-01-14 06:20:00-07,-76.9817716666667,38.8625166666667
BirdDC-VSXD,VSXD,2019-01-14 06:05:02-07,BirdDC,electric-scooter,2019-01-14 06:05:00-07,-77.0392428339245,38.9187512174611
BirdDC-XAJMV,XAJMV,2019-01-14 06:05:02-07,BirdDC,electric-scooter,2019-01-14 06:05:00-07,-77.0390083333333,38.918815
BirdDC-CS68G,CS68G,2019-01-14 06:05:02-07,BirdDC,electric-scooter,2019-01-14 06:05:00-07,-77.0394000491291,38.91880622077
BirdDC-D9JXN,D9JXN,2019-01-14 06:05:02-07,BirdDC,electric-scooter,2019-01-14 06:05:00-07,-77.0391787562488,38.9187717810823
BirdDC-BMWJM,BMWJM,2019-01-14 06:05:02-07,BirdDC,electric-scooter,2019-01-14 06:05:00-07,-77.0392401432289,38.9188356670921
BirdDC-VP73,VP73,2019-01-14 06:05:02-07,BirdDC,electric-scooter,2019-01-14 06:05:00-07,-77.0391862,38.9188162
BirdDC-V6GR3,V6GR3,2019-01-14 06:05:02-07,BirdDC,electric-scooter,2019-01-14 06:05:00-07,-77.0391272277014,38.9185322618444
JumpDC-bike_18878,JUMP DC-0837,2019-01-14 06:04:55-07,JumpDC,pedal-assist-bike,2019-01-14 06:05:00-07,-77.0318616666667,38.9166933333333
JumpDC-bike_18832,JUMP DC-0709,2019-01-14 06:04:55-07,JumpDC,pedal-assist-bike,2019-01-14 06:05:00-07,-77.035275,38.9183016666667
JumpDC-bike_18901,JUMP DC-0780,2019-01-14 06:04:55-07,JumpDC,pedal-assist-bike,2019-01-14 06:05:00-07,-77.028845,38.9169283333333
JumpDC-bike_23639,JUMP DC-2674,2019-01-14 06:04:55-07,JumpDC,pedal-assist-bike,2019-01-14 06:05:00-07,-77.0287533333333,38.916835
JumpDC-bike_23619,JUMP DC-2654,2019-01-14 06:04:55-07,JumpDC,pedal-assist-bike,2019-01-14 06:05:00-07,-77.0240066666667,38.917565
JumpDC-bike_23509,JUMP DC-2644 ,2019-01-14 06:04:55-07,JumpDC,pedal-assist-bike,2019-01-14 06:05:00-07,-77.0290216666667,38.9169666666667
JumpDC-bike_18865,JUMP DC-0824,2019-01-14 06:04:55-07,JumpDC,pedal-assist-bike,2019-01-14 06:05:00-07,-77.02544,38.9165566666667
JumpDC-bike_18879,JUMP DC-0838,2019-01-14 06:04:55-07,JumpDC,pedal-assist-bike,2019-01-14 06:05:00-07,-77.0290533333333,38.9169183333333
JumpDC-bike_23512,JUMP DC-2647,2019-01-14 06:04:55-07,JumpDC,pedal-assist-bike,2019-01-14 06:05:00-07,-77.0143383333333,38.9146416666667
JumpDC-bike_23414,JUMP DC-2549,2019-01-14 06:04:55-07,JumpDC,pedal-assist-bike,2019-01-14 06:05:00-07,-77.012245,38.9151283333333
JumpDC-bike_16505,JUMP DC-0191,2019-01-14 06:04:55-07,JumpDC,pedal-assist-bike,2019-01-14 06:05:00-07,-76.9621616666667,38.918705
JumpDC-bike_18896,JUMP DC-0775,2019-01-14 06:04:55-07,JumpDC,pedal-assist-bike,2019-01-14 06:05:00-07,-77.0460566666667,38.9191283333333
JumpDC-bike_23228,JUMP DC-2537,2019-01-14 06:04:55-07,JumpDC,pedal-assist-bike,2019-01-14 06:05:00-07,-77.02502,38.93963
JumpDC-bike_23232,JUMP DC-2541,2019-01-14 06:04:55-07,JumpDC,pedal-assist-bike,2019-01-14 06:05:00-07,-77.0170533333333,38.9394766666667
JumpDC-bike_16629,JUMP DC-0219,2019-01-14 06:04:55-07,JumpDC,pedal-assist-bike,2019-01-14 06:05:00-07,-77.0634533333333,38.9443683333333
JumpDC-bike_23647,JUMP DC-2682,2019-01-14 06:04:55-07,JumpDC,pedal-assist-bike,2019-01-14 06:05:00-07,-77.0634516666667,38.94442
JumpDC-bike_23489,JUMP DC-2624,2019-01-14 06:04:55-07,JumpDC,pedal-assist-bike,2019-01-14 06:05:00-07,-77.0636066666667,38.944415
JumpDC-bike_23667,JUMP DC-2702,2019-01-14 06:04:55-07,JumpDC,pedal-assist-bike,2019-01-14 06:05:00-07,-77.0582216666667,38.9420483333333
JumpDC-bike_23203,JUMP DC-2512,2019-01-14 06:04:55-07,JumpDC,pedal-assist-bike,2019-01-14 06:05:00-07,-77.0353383333333,38.9429183333333
JumpDC-bike_23484,JUMP DC-2619,2019-01-14 06:04:55-07,JumpDC,pedal-assist-bike,2019-01-14 06:05:00-07,-77.00457,38.9435016666667
JumpDC-bike_23697,JUMP DC-2732,2019-01-14 06:04:55-07,JumpDC,pedal-assist-bike,2019-01-14 06:05:00-07,-77.0663733333333,38.948935
JumpDC-bike_16523,JUMP DC-0167,2019-01-14 06:04:55-07,JumpDC,pedal-assist-bike,2019-01-14 06:05:00-07,-77.034365,38.9482516666667
JumpDC-bike_16634,JUMP DC-0226,2019-01-14 06:04:55-07,JumpDC,pedal-assist-bike,2019-01-14 06:05:00-07,-77.027085,38.9483816666667
JumpDC-bike_18843,JUMP DC-0720,2019-01-14 06:04:55-07,JumpDC,pedal-assist-bike,2019-01-14 06:05:00-07,-76.9917516666667,38.9504483333333
JumpDC-bike_23616,JUMP DC-2651,2019-01-14 06:04:55-07,JumpDC,pedal-assist-bike,2019-01-14 06:05:00-07,-77.0228933333333,38.95174
JumpDC-bike_23662,JUMP DC-2697,2019-01-14 06:04:55-07,JumpDC,pedal-assist-bike,2019-01-14 06:05:00-07,-77.0342783333333,38.9627283333333
JumpDC-bike_23201,JUMP DC-2510,2019-01-14 06:20:17-07,JumpDC,pedal-assist-bike,2019-01-14 06:20:00-07,-76.98343,38.8654566666667
JumpDC-bike_23130,JUMP DC-0820,2019-01-14 06:20:17-07,JumpDC,pedal-assist-bike,2019-01-14 06:20:00-07,-77.0008883333333,38.873735
JumpDC-bike_23487,JUMP DC-2622,2019-01-14 06:20:17-07,JumpDC,pedal-assist-bike,2019-01-14 06:20:00-07,-77.0049816666667,38.8764883333333
JumpDC-bike_23705,JUMP DC-2740,2019-01-14 06:20:17-07,JumpDC,pedal-assist-bike,2019-01-14 06:20:00-07,-77.0043533333333,38.8767183333333
JumpDC-bike_23461,JUMP DC-2596,2019-01-14 06:20:17-07,JumpDC,pedal-assist-bike,2019-01-14 06:20:00-07,-76.995135,38.877605
JumpDC-bike_18868,JUMP DC-0827,2019-01-14 06:20:17-07,JumpDC,pedal-assist-bike,2019-01-14 06:20:00-07,-76.9936933333333,38.88511
JumpDC-bike_18855,JUMP DC-0691,2019-01-14 06:20:17-07,JumpDC,pedal-assist-bike,2019-01-14 06:20:00-07,-76.9871216666667,38.8861383333333
JumpDC-bike_23660,JUMP DC-2695,2019-01-14 06:20:17-07,JumpDC,pedal-assist-bike,2019-01-14 06:20:00-07,-76.9913933333333,38.8895866666667
JumpDC-bike_23142,JUMP DC-2451,2019-01-14 06:20:17-07,JumpDC,pedal-assist-bike,2019-01-14 06:20:00-07,-76.9889283333333,38.8897233333333
JumpDC-bike_23713,JUMP DC-2748,2019-01-14 06:20:17-07,JumpDC,pedal-assist-bike,2019-01-14 06:20:00-07,-76.9884183333333,38.8893183333333
JumpDC-bike_23165,JUMP DC-2474,2019-01-14 06:20:17-07,JumpDC,pedal-assist-bike,2019-01-14 06:20:00-07,-76.9884016666667,38.8896216666667
JumpDC-bike_23234,JUMP DC-2543,2019-01-14 06:20:17-07,JumpDC,pedal-assist-bike,2019-01-14 06:20:00-07,-76.99351,38.8887383333333
JumpDC-bike_16502,JUMP DC-0189,2019-01-14 06:20:17-07,JumpDC,pedal-assist-bike,2019-01-14 06:20:00-07,-76.938405,38.891215
JumpDC-bike_18837,JUMP DC-0714,2019-01-14 06:20:17-07,JumpDC,pedal-assist-bike,2019-01-14 06:20:00-07,-76.9489233333333,38.89577
JumpDC-bike_18937,JUMP DC-0816,2019-01-14 06:20:17-07,JumpDC,pedal-assist-bike,2019-01-14 06:20:00-07,-77.047805,38.90079
JumpDC-bike_23212,JUMP DC-2521,2019-01-14 06:20:17-07,JumpDC,pedal-assist-bike,2019-01-14 06:20:00-07,-77.0491316666667,38.899675
JumpDC-bike_23628,JUMP DC-2663,2019-01-14 06:20:17-07,JumpDC,pedal-assist-bike,2019-01-14 06:20:00-07,-77.05011,38.90065
JumpDC-bike_23678,JUMP DC-2713,2019-01-14 06:20:17-07,JumpDC,pedal-assist-bike,2019-01-14 06:20:00-07,-77.0505383333333,38.9008066666667
JumpDC-bike_23513,JUMP DC-2648,2019-01-14 06:20:17-07,JumpDC,pedal-assist-bike,2019-01-14 06:20:00-07,-77.0504316666667,38.90089
JumpDC-bike_16501,JUMP DC-0188,2019-01-14 06:20:17-07,JumpDC,pedal-assist-bike,2019-01-14 06:20:00-07,-77.027755,38.897275
JumpDC-bike_18853,JUMP DC-0695,2019-01-14 06:20:17-07,JumpDC,pedal-assist-bike,2019-01-14 06:20:00-07,-77.0190083333333,38.898825
JumpDC-bike_23506,JUMP DC-2641,2019-01-14 06:20:17-07,JumpDC,pedal-assist-bike,2019-01-14 06:20:00-07,-77.0121333333333,38.90065
JumpDC-bike_23160,JUMP DC-2469,2019-01-14 06:20:17-07,JumpDC,pedal-assist-bike,2019-01-14 06:20:00-07,-77.022025,38.90426
JumpDC-bike_18841,JUMP DC-0718,2019-01-14 06:20:17-07,JumpDC,pedal-assist-bike,2019-01-14 06:20:00-07,-77.0220733333333,38.9052983333333
JumpDC-bike_18826,JUMP DC-0703,2019-01-14 06:20:17-07,JumpDC,pedal-assist-bike,2019-01-14 06:20:00-07,-77.0220333333333,38.9042066666667
JumpDC-bike_23441,JUMP DC-2576,2019-01-14 06:20:17-07,JumpDC,pedal-assist-bike,2019-01-14 06:20:00-07,-77.01697,38.9042766666667
JumpDC-bike_18823,JUMP DC-0700,2019-01-14 06:20:17-07,JumpDC,pedal-assist-bike,2019-01-14 06:20:00-07,-77.0134383333333,38.901855
JumpDC-bike_23166,JUMP DC-2475,2019-01-14 06:20:17-07,JumpDC,pedal-assist-bike,2019-01-14 06:20:00-07,-76.99835,38.9032716666667
JumpDC-bike_18867,JUMP DC-0826,2019-01-14 06:20:17-07,JumpDC,pedal-assist-bike,2019-01-14 06:20:00-07,-76.9822483333333,38.903595
JumpDC-bike_23154,JUMP DC-2463,2019-01-14 06:20:17-07,JumpDC,pedal-assist-bike,2019-01-14 06:20:00-07,-77.074325,38.91252
JumpDC-bike_23676,JUMP DC-2711,2019-01-14 06:20:17-07,JumpDC,pedal-assist-bike,2019-01-14 06:20:00-07,-77.047855,38.913515
JumpDC-bike_18924,JUMP DC-0803,2019-01-14 06:20:17-07,JumpDC,pedal-assist-bike,2019-01-14 06:20:00-07,-77.0445066666667,38.9110783333333
JumpDC-bike_18830,JUMP DC-0707,2019-01-14 06:20:17-07,JumpDC,pedal-assist-bike,2019-01-14 06:20:00-07,-77.01623,38.8791616666667
JumpDC-bike_23669,JUMP DC-2704,2019-01-14 06:20:17-07,JumpDC,pedal-assist-bike,2019-01-14 06:20:00-07,-76.98157,38.8811733333333
JumpDC-bike_23216,JUMP DC-2525,2019-01-14 06:20:17-07,JumpDC,pedal-assist-bike,2019-01-14 06:20:00-07,-76.9357233333333,38.8816416666667
JumpDC-bike_23681,JUMP DC-2716,2019-01-14 06:20:17-07,JumpDC,pedal-assist-bike,2019-01-14 06:20:00-07,-76.9960733333333,38.8871766666667
JumpDC-bike_23504,JUMP DC-2639,2019-01-14 06:20:17-07,JumpDC,pedal-assist-bike,2019-01-14 06:20:00-07,-76.9976,38.885115
JumpDC-bike_23178,JUMP DC-2487,2019-01-14 06:20:17-07,JumpDC,pedal-assist-bike,2019-01-14 06:20:00-07,-76.9964716666667,38.8870483333333
JumpDC-bike_23422,JUMP DC-2557,2019-01-14 06:20:17-07,JumpDC,pedal-assist-bike,2019-01-14 06:20:00-07,-76.9978916666667,38.8852066666667
JumpDC-bike_23493,JUMP DC-2628,2019-01-14 06:20:17-07,JumpDC,pedal-assist-bike,2019-01-14 06:20:00-07,-77.01973,38.8928866666667
JumpDC-bike_23143,JUMP DC-2452,2019-01-14 06:20:17-07,JumpDC,pedal-assist-bike,2019-01-14 06:20:00-07,-77.0194266666667,38.8963433333333
JumpDC-bike_18898,JUMP DC-0777 ,2019-01-14 06:20:17-07,JumpDC,pedal-assist-bike,2019-01-14 06:20:00-07,-77.0235033333333,38.8963133333333
JumpDC-bike_23229,JUMP DC-2538,2019-01-14 06:20:17-07,JumpDC,pedal-assist-bike,2019-01-14 06:20:00-07,-76.9962233333333,38.8945083333333
JumpDC-bike_23475,JUMP DC-2610,2019-01-14 06:20:17-07,JumpDC,pedal-assist-bike,2019-01-14 06:20:00-07,-76.98372,38.89269
JumpDC-bike_23691,JUMP DC-2726,2019-01-14 06:20:17-07,JumpDC,pedal-assist-bike,2019-01-14 06:20:00-07,-76.9855933333333,38.893475
JumpDC-bike_18933,JUMP DC-0812,2019-01-14 06:20:17-07,JumpDC,pedal-assist-bike,2019-01-14 06:20:00-07,-76.9853883333333,38.8920516666667
JumpDC-bike_23508,JUMP DC-2643,2019-01-14 06:20:17-07,JumpDC,pedal-assist-bike,2019-01-14 06:20:00-07,-76.9981633333333,38.9000066666667
JumpDC-bike_18899,JUMP DC-0778,2019-01-14 06:20:17-07,JumpDC,pedal-assist-bike,2019-01-14 06:20:00-07,-76.997875,38.90029
JumpDC-bike_23673,JUMP DC-2708,2019-01-14 06:20:17-07,JumpDC,pedal-assist-bike,2019-01-14 06:20:00-07,-76.9999716666667,38.8973616666667
JumpDC-bike_23496,JUMP DC-2631,2019-01-14 06:20:17-07,JumpDC,pedal-assist-bike,2019-01-14 06:20:00-07,-76.9920966666667,38.90027
JumpDC-bike_23452,JUMP DC-2587,2019-01-14 06:20:17-07,JumpDC,pedal-assist-bike,2019-01-14 06:20:00-07,-76.9925666666667,38.8990633333333
JumpDC-bike_23497,JUMP DC-2632,2019-01-14 06:20:17-07,JumpDC,pedal-assist-bike,2019-01-14 06:20:00-07,-76.9936683333333,38.90042
JumpDC-bike_23237,JUMP DC-2546,2019-01-14 06:20:17-07,JumpDC,pedal-assist-bike,2019-01-14 06:20:00-07,-76.99212,38.9003266666667
JumpDC-bike_23642,JUMP DC-2677,2019-01-14 06:20:17-07,JumpDC,pedal-assist-bike,2019-01-14 06:20:00-07,-76.9742066666667,38.897455
JumpDC-bike_18851,JUMP DC-0696 (Dummy Controller),2019-01-14 06:20:17-07,JumpDC,pedal-assist-bike,2019-01-14 06:20:00-07,-76.9472766666667,38.8974116666667
JumpDC-bike_23156,JUMP DC-2465,2019-01-14 06:20:17-07,JumpDC,pedal-assist-bike,2019-01-14 06:20:00-07,-76.9463866666667,38.8989083333333
JumpDC-bike_23668,JUMP DC-2703,2019-01-14 06:20:17-07,JumpDC,pedal-assist-bike,2019-01-14 06:20:00-07,-76.94647,38.89895
JumpDC-bike_23207,JUMP DC-2516,2019-01-14 06:20:17-07,JumpDC,pedal-assist-bike,2019-01-14 06:20:00-07,-76.945985,38.8993433333333
JumpDC-bike_18827,JUMP DC-0704,2019-01-14 06:20:17-07,JumpDC,pedal-assist-bike,2019-01-14 06:20:00-07,-76.9465166666667,38.8986533333333
JumpDC-bike_18919,JUMP DC-0798,2019-01-14 06:20:17-07,JumpDC,pedal-assist-bike,2019-01-14 06:20:00-07,-76.9465733333333,38.8986716666667
JumpDC-bike_23194,JUMP DC-2503,2019-01-14 06:20:17-07,JumpDC,pedal-assist-bike,2019-01-14 06:20:00-07,-77.0667416666667,38.9045783333333
JumpDC-bike_23471,JUMP DC-2606,2019-01-14 06:20:17-07,JumpDC,pedal-assist-bike,2019-01-14 06:20:00-07,-77.0609433333333,38.9023933333333
JumpDC-bike_18840,JUMP DC-0846,2019-01-14 06:20:17-07,JumpDC,pedal-assist-bike,2019-01-14 06:20:00-07,-77.0611033333333,38.9026816666667
JumpDC-bike_23466,JUMP DC-2601,2019-01-14 06:20:17-07,JumpDC,pedal-assist-bike,2019-01-14 06:20:00-07,-77.04166,38.9069883333333
JumpDC-bike_23196,JUMP DC-2505,2019-01-14 06:20:17-07,JumpDC,pedal-assist-bike,2019-01-14 06:20:00-07,-77.04474,38.90795
JumpDC-bike_23152,JUMP DC-2461,2019-01-14 06:20:17-07,JumpDC,pedal-assist-bike,2019-01-14 06:20:00-07,-77.0446466666667,38.9083833333333
JumpDC-bike_18848,JUMP DC-0693,2019-01-14 06:20:17-07,JumpDC,pedal-assist-bike,2019-01-14 06:20:00-07,-77.0295616666667,38.908815
JumpDC-bike_23153,JUMP DC-2462,2019-01-14 06:20:17-07,JumpDC,pedal-assist-bike,2019-01-14 06:20:00-07,-77.03284,38.90978
JumpDC-bike_23215,JUMP DC-2524,2019-01-14 06:20:17-07,JumpDC,pedal-assist-bike,2019-01-14 06:20:00-07,-77.0337966666667,38.9097216666667
JumpDC-bike_23665,JUMP DC-2700,2019-01-14 06:20:17-07,JumpDC,pedal-assist-bike,2019-01-14 06:20:00-07,-77.02997,38.908985
JumpDC-bike_23663,JUMP DC-2698,2019-01-14 06:20:17-07,JumpDC,pedal-assist-bike,2019-01-14 06:20:00-07,-77.0297733333333,38.9087566666667
JumpDC-bike_18858,JUMP DC-0817,2019-01-14 06:20:17-07,JumpDC,pedal-assist-bike,2019-01-14 06:20:00-07,-77.0297366666667,38.9089283333333
JumpDC-bike_18887,JUMP DC-0764,2019-01-14 06:20:17-07,JumpDC,pedal-assist-bike,2019-01-14 06:20:00-07,-77.03332,38.9097866666667
JumpDC-bike_23179,JUMP DC-2488,2019-01-14 06:20:17-07,JumpDC,pedal-assist-bike,2019-01-14 06:20:00-07,-77.033395,38.9097066666667
JumpDC-bike_16519,JUMP DC-0172,2019-01-14 06:20:17-07,JumpDC,pedal-assist-bike,2019-01-14 06:20:00-07,-77.0221366666667,38.90543
JumpDC-bike_23235,JUMP DC-2544,2019-01-14 06:20:17-07,JumpDC,pedal-assist-bike,2019-01-14 06:20:00-07,-77.0151016666667,38.909135
JumpDC-bike_23629,JUMP DC-2664,2019-01-14 06:20:17-07,JumpDC,pedal-assist-bike,2019-01-14 06:20:00-07,-77.0088483333333,38.90581
JumpDC-bike_23415,JUMP DC-2550,2019-01-14 06:20:17-07,JumpDC,pedal-assist-bike,2019-01-14 06:20:00-07,-77.003275,38.9072383333333
JumpDC-bike_23651,JUMP DC-2686,2019-01-14 06:20:17-07,JumpDC,pedal-assist-bike,2019-01-14 06:20:00-07,-77.0036283333333,38.9072983333333
JumpDC-bike_23144,JUMP DC-2453,2019-01-14 06:20:17-07,JumpDC,pedal-assist-bike,2019-01-14 06:20:00-07,-77.0036683333333,38.9073216666667
JumpDC-bike_23420,JUMP DC-2555,2019-01-14 06:20:17-07,JumpDC,pedal-assist-bike,2019-01-14 06:20:00-07,-77.003375,38.907115
JumpDC-bike_23467,JUMP DC-2602,2019-01-14 06:20:17-07,JumpDC,pedal-assist-bike,2019-01-14 06:20:00-07,-77.0039083333333,38.90627
JumpDC-bike_18912,JUMP DC-0791,2019-01-14 06:20:17-07,JumpDC,pedal-assist-bike,2019-01-14 06:20:00-07,-77.00333,38.90718
JumpDC-bike_23671,JUMP DC-2706,2019-01-14 06:20:17-07,JumpDC,pedal-assist-bike,2019-01-14 06:20:00-07,-77.0033716666667,38.9071016666667
BirdDC-BMWJM,BMWJM,2019-01-14 06:19:57-07,BirdDC,electric-scooter,2019-01-14 06:20:00-07,-77.0392401432289,38.9188356670921
BirdDC-VP73,VP73,2019-01-14 06:19:57-07,BirdDC,electric-scooter,2019-01-14 06:20:00-07,-77.0391862,38.9188162
BirdDC-V6GR3,V6GR3,2019-01-14 06:19:57-07,BirdDC,electric-scooter,2019-01-14 06:20:00-07,-77.0391272277014,38.9185322618444
BirdDC-VSXD,VSXD,2019-01-14 06:19:57-07,BirdDC,electric-scooter,2019-01-14 06:20:00-07,-77.0392428339245,38.9187512174611
BirdDC-XAJMV,XAJMV,2019-01-14 06:19:57-07,BirdDC,electric-scooter,2019-01-14 06:20:00-07,-77.0390083333333,38.918815
JumpDC-bike_18832,JUMP DC-0709,2019-01-14 06:20:17-07,JumpDC,pedal-assist-bike,2019-01-14 06:20:00-07,-77.035275,38.9183016666667
JumpDC-bike_18878,JUMP DC-0837,2019-01-14 06:20:17-07,JumpDC,pedal-assist-bike,2019-01-14 06:20:00-07,-77.0318616666667,38.9166933333333
JumpDC-bike_23639,JUMP DC-2674,2019-01-14 06:20:17-07,JumpDC,pedal-assist-bike,2019-01-14 06:20:00-07,-77.0287533333333,38.916835
JumpDC-bike_23619,JUMP DC-2654,2019-01-14 06:20:17-07,JumpDC,pedal-assist-bike,2019-01-14 06:20:00-07,-77.0240066666667,38.917565
JumpDC-bike_23509,JUMP DC-2644 ,2019-01-14 06:20:17-07,JumpDC,pedal-assist-bike,2019-01-14 06:20:00-07,-77.0290216666667,38.9169666666667
JumpDC-bike_18865,JUMP DC-0824,2019-01-14 06:20:17-07,JumpDC,pedal-assist-bike,2019-01-14 06:20:00-07,-77.02544,38.9165566666667
JumpDC-bike_18879,JUMP DC-0838,2019-01-14 06:20:17-07,JumpDC,pedal-assist-bike,2019-01-14 06:20:00-07,-77.0290533333333,38.9169183333333
JumpDC-bike_18901,JUMP DC-0780,2019-01-14 06:20:17-07,JumpDC,pedal-assist-bike,2019-01-14 06:20:00-07,-77.028845,38.9169283333333
JumpDC-bike_23414,JUMP DC-2549,2019-01-14 06:20:17-07,JumpDC,pedal-assist-bike,2019-01-14 06:20:00-07,-77.012245,38.9151283333333
JumpDC-bike_23512,JUMP DC-2647,2019-01-14 06:20:17-07,JumpDC,pedal-assist-bike,2019-01-14 06:20:00-07,-77.0143383333333,38.9146416666667
JumpDC-bike_16505,JUMP DC-0191,2019-01-14 06:20:17-07,JumpDC,pedal-assist-bike,2019-01-14 06:20:00-07,-76.9621616666667,38.918705
JumpDC-bike_23712,JUMP DC-2747,2019-01-14 06:20:17-07,JumpDC,pedal-assist-bike,2019-01-14 06:20:00-07,-77.0460866666667,38.923325
JumpDC-bike_18896,JUMP DC-0775,2019-01-14 06:20:17-07,JumpDC,pedal-assist-bike,2019-01-14 06:20:00-07,-77.0460566666667,38.9191283333333
JumpDC-bike_18835,JUMP DC-0712,2019-01-14 06:20:17-07,JumpDC,pedal-assist-bike,2019-01-14 06:20:00-07,-77.0662133333333,38.9315066666667
JumpDC-bike_23460,JUMP DC-2595,2019-01-14 06:20:17-07,JumpDC,pedal-assist-bike,2019-01-14 06:20:00-07,-77.0336616666667,38.93051
JumpDC-bike_23485,JUMP DC-2620,2019-01-14 06:20:17-07,JumpDC,pedal-assist-bike,2019-01-14 06:20:00-07,-77.0241433333333,38.930965
JumpDC-bike_16612,JUMP DC-0247,2019-01-14 06:20:17-07,JumpDC,pedal-assist-bike,2019-01-14 06:20:00-07,-77.0704266666667,38.9347066666667
JumpDC-bike_18930,JUMP DC-0809,2019-01-14 06:20:17-07,JumpDC,pedal-assist-bike,2019-01-14 06:20:00-07,-77.0586133333333,38.9360716666667
JumpDC-bike_23648,JUMP DC-2683,2019-01-14 06:20:17-07,JumpDC,pedal-assist-bike,2019-01-14 06:20:00-07,-77.0587283333333,38.9362316666667
JumpDC-bike_23674,JUMP DC-2709,2019-01-14 06:20:17-07,JumpDC,pedal-assist-bike,2019-01-14 06:20:00-07,-77.0585966666667,38.9360166666667
JumpDC-bike_16615,JUMP DC-0250,2019-01-14 06:20:17-07,JumpDC,pedal-assist-bike,2019-01-14 06:20:00-07,-77.055065,38.9354916666667
JumpDC-bike_23199,JUMP DC-2508,2019-01-14 06:20:17-07,JumpDC,pedal-assist-bike,2019-01-14 06:20:00-07,-77.0413666666667,38.9333916666667
JumpDC-bike_23696,JUMP DC-2731,2019-01-14 06:20:17-07,JumpDC,pedal-assist-bike,2019-01-14 06:20:00-07,-77.0365266666667,38.9363216666667
JumpDC-bike_18875,JUMP DC-0834,2019-01-14 06:20:17-07,JumpDC,pedal-assist-bike,2019-01-14 06:20:00-07,-77.032635,38.9363816666667
JumpDC-bike_23702,JUMP DC-2737,2019-01-14 06:20:17-07,JumpDC,pedal-assist-bike,2019-01-14 06:20:00-07,-77.03269,38.9325716666667
JumpDC-bike_23227,JUMP DC-2536,2019-01-14 06:20:17-07,JumpDC,pedal-assist-bike,2019-01-14 06:20:00-07,-77.0349716666667,38.9344966666667
JumpDC-bike_23228,JUMP DC-2537,2019-01-14 06:20:17-07,JumpDC,pedal-assist-bike,2019-01-14 06:20:00-07,-77.02502,38.93963
JumpDC-bike_23232,JUMP DC-2541,2019-01-14 06:20:17-07,JumpDC,pedal-assist-bike,2019-01-14 06:20:00-07,-77.0170533333333,38.9394766666667
JumpDC-bike_16629,JUMP DC-0219,2019-01-14 06:20:17-07,JumpDC,pedal-assist-bike,2019-01-14 06:20:00-07,-77.0634533333333,38.9443683333333
JumpDC-bike_23647,JUMP DC-2682,2019-01-14 06:20:17-07,JumpDC,pedal-assist-bike,2019-01-14 06:20:00-07,-77.0634516666667,38.94442
JumpDC-bike_23489,JUMP DC-2624,2019-01-14 06:20:17-07,JumpDC,pedal-assist-bike,2019-01-14 06:20:00-07,-77.0636066666667,38.944415
JumpDC-bike_23667,JUMP DC-2702,2019-01-14 06:20:17-07,JumpDC,pedal-assist-bike,2019-01-14 06:20:00-07,-77.0582216666667,38.9420483333333
JumpDC-bike_23203,JUMP DC-2512,2019-01-14 06:20:17-07,JumpDC,pedal-assist-bike,2019-01-14 06:20:00-07,-77.0353383333333,38.9429183333333
JumpDC-bike_23484,JUMP DC-2619,2019-01-14 06:20:17-07,JumpDC,pedal-assist-bike,2019-01-14 06:20:00-07,-77.00457,38.9435016666667
JumpDC-bike_23697,JUMP DC-2732,2019-01-14 06:20:17-07,JumpDC,pedal-assist-bike,2019-01-14 06:20:00-07,-77.0663733333333,38.948935
JumpDC-bike_16523,JUMP DC-0167,2019-01-14 06:20:17-07,JumpDC,pedal-assist-bike,2019-01-14 06:20:00-07,-77.034365,38.9482516666667
JumpDC-bike_16634,JUMP DC-0226,2019-01-14 06:20:17-07,JumpDC,pedal-assist-bike,2019-01-14 06:20:00-07,-77.027085,38.9483816666667
JumpDC-bike_18843,JUMP DC-0720,2019-01-14 06:20:17-07,JumpDC,pedal-assist-bike,2019-01-14 06:20:00-07,-76.9917516666667,38.9504483333333
JumpDC-bike_23616,JUMP DC-2651,2019-01-14 06:20:17-07,JumpDC,pedal-assist-bike,2019-01-14 06:20:00-07,-77.0228933333333,38.95174
JumpDC-bike_23662,JUMP DC-2697,2019-01-14 06:20:17-07,JumpDC,pedal-assist-bike,2019-01-14 06:20:00-07,-77.0342783333333,38.9627283333333
JumpDC-bike_18868,JUMP DC-0827,2019-01-14 06:34:38-07,JumpDC,pedal-assist-bike,2019-01-14 06:35:00-07,-76.9936933333333,38.88511
JumpDC-bike_18911,JUMP DC-0790,2019-01-14 06:34:38-07,JumpDC,pedal-assist-bike,2019-01-14 06:35:00-07,-76.991235,38.8555533333333
JumpDC-bike_16488,JUMP DC-0214,2019-01-14 06:34:38-07,JumpDC,pedal-assist-bike,2019-01-14 06:35:00-07,-76.9910333333333,38.855475
JumpDC-bike_23432,JUMP DC-2567,2019-01-14 06:34:38-07,JumpDC,pedal-assist-bike,2019-01-14 06:35:00-07,-77.0145883333333,38.8644283333333
JumpDC-bike_23164,JUMP DC-2473,2019-01-14 06:34:38-07,JumpDC,pedal-assist-bike,2019-01-14 06:35:00-07,-76.99551,38.8623233333333
JumpDC-bike_23157,JUMP DC-2466,2019-01-14 06:34:38-07,JumpDC,pedal-assist-bike,2019-01-14 06:35:00-07,-76.995515,38.8623183333333
JumpDC-bike_23634,JUMP DC-2669,2019-01-14 06:34:38-07,JumpDC,pedal-assist-bike,2019-01-14 06:35:00-07,-76.9817716666667,38.8625166666667
JumpDC-bike_23201,JUMP DC-2510,2019-01-14 06:34:38-07,JumpDC,pedal-assist-bike,2019-01-14 06:35:00-07,-76.98343,38.8654566666667
JumpDC-bike_18830,JUMP DC-0707,2019-01-14 06:34:38-07,JumpDC,pedal-assist-bike,2019-01-14 06:35:00-07,-77.01623,38.8791616666667
JumpDC-bike_23669,JUMP DC-2704,2019-01-14 06:34:38-07,JumpDC,pedal-assist-bike,2019-01-14 06:35:00-07,-76.98157,38.8811733333333
JumpDC-bike_23216,JUMP DC-2525,2019-01-14 06:34:38-07,JumpDC,pedal-assist-bike,2019-01-14 06:35:00-07,-76.9357233333333,38.8816416666667
JumpDC-bike_23504,JUMP DC-2639,2019-01-14 06:34:38-07,JumpDC,pedal-assist-bike,2019-01-14 06:35:00-07,-76.9976,38.885115
JumpDC-bike_23178,JUMP DC-2487,2019-01-14 06:34:38-07,JumpDC,pedal-assist-bike,2019-01-14 06:35:00-07,-76.9964716666667,38.8870483333333
JumpDC-bike_23681,JUMP DC-2716,2019-01-14 06:34:38-07,JumpDC,pedal-assist-bike,2019-01-14 06:35:00-07,-76.9960733333333,38.8871766666667
JumpDC-bike_23422,JUMP DC-2557,2019-01-14 06:34:38-07,JumpDC,pedal-assist-bike,2019-01-14 06:35:00-07,-76.9978916666667,38.8852066666667
JumpDC-bike_23493,JUMP DC-2628,2019-01-14 06:34:38-07,JumpDC,pedal-assist-bike,2019-01-14 06:35:00-07,-77.01973,38.8928866666667
JumpDC-bike_18898,JUMP DC-0777 ,2019-01-14 06:34:38-07,JumpDC,pedal-assist-bike,2019-01-14 06:35:00-07,-77.0235033333333,38.8963133333333
JumpDC-bike_23143,JUMP DC-2452,2019-01-14 06:34:38-07,JumpDC,pedal-assist-bike,2019-01-14 06:35:00-07,-77.0194266666667,38.8963433333333
JumpDC-bike_23229,JUMP DC-2538,2019-01-14 06:34:38-07,JumpDC,pedal-assist-bike,2019-01-14 06:35:00-07,-76.9962233333333,38.8945083333333
JumpDC-bike_23475,JUMP DC-2610,2019-01-14 06:34:38-07,JumpDC,pedal-assist-bike,2019-01-14 06:35:00-07,-76.98372,38.89269
JumpDC-bike_23691,JUMP DC-2726,2019-01-14 06:34:38-07,JumpDC,pedal-assist-bike,2019-01-14 06:35:00-07,-76.9855933333333,38.893475
JumpDC-bike_18933,JUMP DC-0812,2019-01-14 06:34:38-07,JumpDC,pedal-assist-bike,2019-01-14 06:35:00-07,-76.9853883333333,38.8920516666667
JumpDC-bike_18837,JUMP DC-0714,2019-01-14 06:34:38-07,JumpDC,pedal-assist-bike,2019-01-14 06:35:00-07,-76.9489233333333,38.89577
JumpDC-bike_23508,JUMP DC-2643,2019-01-14 06:34:38-07,JumpDC,pedal-assist-bike,2019-01-14 06:35:00-07,-76.9981633333333,38.9000066666667
JumpDC-bike_23673,JUMP DC-2708,2019-01-14 06:34:38-07,JumpDC,pedal-assist-bike,2019-01-14 06:35:00-07,-76.9999716666667,38.8973616666667
JumpDC-bike_18899,JUMP DC-0778,2019-01-14 06:34:38-07,JumpDC,pedal-assist-bike,2019-01-14 06:35:00-07,-76.997875,38.90029
JumpDC-bike_23237,JUMP DC-2546,2019-01-14 06:34:38-07,JumpDC,pedal-assist-bike,2019-01-14 06:35:00-07,-76.99212,38.9003266666667
JumpDC-bike_23496,JUMP DC-2631,2019-01-14 06:34:38-07,JumpDC,pedal-assist-bike,2019-01-14 06:35:00-07,-76.9920966666667,38.90027
JumpDC-bike_23452,JUMP DC-2587,2019-01-14 06:34:38-07,JumpDC,pedal-assist-bike,2019-01-14 06:35:00-07,-76.9925666666667,38.8990633333333
JumpDC-bike_23497,JUMP DC-2632,2019-01-14 06:34:38-07,JumpDC,pedal-assist-bike,2019-01-14 06:35:00-07,-76.9936683333333,38.90042
JumpDC-bike_23642,JUMP DC-2677,2019-01-14 06:34:38-07,JumpDC,pedal-assist-bike,2019-01-14 06:35:00-07,-76.9742066666667,38.897455
JumpDC-bike_18851,JUMP DC-0696 (Dummy Controller),2019-01-14 06:34:38-07,JumpDC,pedal-assist-bike,2019-01-14 06:35:00-07,-76.9472766666667,38.8974116666667
JumpDC-bike_18919,JUMP DC-0798,2019-01-14 06:34:38-07,JumpDC,pedal-assist-bike,2019-01-14 06:35:00-07,-76.9465733333333,38.8986716666667
JumpDC-bike_23156,JUMP DC-2465,2019-01-14 06:34:38-07,JumpDC,pedal-assist-bike,2019-01-14 06:35:00-07,-76.9463866666667,38.8989083333333
JumpDC-bike_23668,JUMP DC-2703,2019-01-14 06:34:38-07,JumpDC,pedal-assist-bike,2019-01-14 06:35:00-07,-76.94647,38.89895
JumpDC-bike_23207,JUMP DC-2516,2019-01-14 06:34:38-07,JumpDC,pedal-assist-bike,2019-01-14 06:35:00-07,-76.945985,38.8993433333333
JumpDC-bike_18827,JUMP DC-0704,2019-01-14 06:34:38-07,JumpDC,pedal-assist-bike,2019-01-14 06:35:00-07,-76.9465166666667,38.8986533333333
JumpDC-bike_23194,JUMP DC-2503,2019-01-14 06:34:38-07,JumpDC,pedal-assist-bike,2019-01-14 06:35:00-07,-77.0667416666667,38.9045783333333
JumpDC-bike_18840,JUMP DC-0846,2019-01-14 06:34:38-07,JumpDC,pedal-assist-bike,2019-01-14 06:35:00-07,-77.0611033333333,38.9026816666667
JumpDC-bike_23471,JUMP DC-2606,2019-01-14 06:34:38-07,JumpDC,pedal-assist-bike,2019-01-14 06:35:00-07,-77.0609433333333,38.9023933333333
JumpDC-bike_18848,JUMP DC-0693,2019-01-14 06:34:38-07,JumpDC,pedal-assist-bike,2019-01-14 06:35:00-07,-77.0295616666667,38.908815
JumpDC-bike_18887,JUMP DC-0764,2019-01-14 06:34:38-07,JumpDC,pedal-assist-bike,2019-01-14 06:35:00-07,-77.03332,38.9097866666667
JumpDC-bike_23179,JUMP DC-2488,2019-01-14 06:34:38-07,JumpDC,pedal-assist-bike,2019-01-14 06:35:00-07,-77.033395,38.9097066666667
JumpDC-bike_18858,JUMP DC-0817,2019-01-14 06:34:38-07,JumpDC,pedal-assist-bike,2019-01-14 06:35:00-07,-77.0297366666667,38.9089283333333
JumpDC-bike_23665,JUMP DC-2700,2019-01-14 06:34:38-07,JumpDC,pedal-assist-bike,2019-01-14 06:35:00-07,-77.02997,38.908985
JumpDC-bike_23663,JUMP DC-2698,2019-01-14 06:34:38-07,JumpDC,pedal-assist-bike,2019-01-14 06:35:00-07,-77.0297733333333,38.9087566666667
JumpDC-bike_23153,JUMP DC-2462,2019-01-14 06:34:38-07,JumpDC,pedal-assist-bike,2019-01-14 06:35:00-07,-77.03284,38.90978
JumpDC-bike_23215,JUMP DC-2524,2019-01-14 06:34:38-07,JumpDC,pedal-assist-bike,2019-01-14 06:35:00-07,-77.0337966666667,38.9097216666667
JumpDC-bike_16519,JUMP DC-0172,2019-01-14 06:34:38-07,JumpDC,pedal-assist-bike,2019-01-14 06:35:00-07,-77.0221366666667,38.90543
JumpDC-bike_23235,JUMP DC-2544,2019-01-14 06:34:38-07,JumpDC,pedal-assist-bike,2019-01-14 06:35:00-07,-77.0151016666667,38.909135
JumpDC-bike_23629,JUMP DC-2664,2019-01-14 06:34:38-07,JumpDC,pedal-assist-bike,2019-01-14 06:35:00-07,-77.0088483333333,38.90581
JumpDC-bike_23144,JUMP DC-2453,2019-01-14 06:34:38-07,JumpDC,pedal-assist-bike,2019-01-14 06:35:00-07,-77.0036683333333,38.9073216666667
JumpDC-bike_23415,JUMP DC-2550,2019-01-14 06:34:38-07,JumpDC,pedal-assist-bike,2019-01-14 06:35:00-07,-77.003275,38.9072383333333
JumpDC-bike_23651,JUMP DC-2686,2019-01-14 06:34:38-07,JumpDC,pedal-assist-bike,2019-01-14 06:35:00-07,-77.0036283333333,38.9072983333333
JumpDC-bike_23671,JUMP DC-2706,2019-01-14 06:34:38-07,JumpDC,pedal-assist-bike,2019-01-14 06:35:00-07,-77.0033716666667,38.9071016666667
JumpDC-bike_18912,JUMP DC-0791,2019-01-14 06:34:38-07,JumpDC,pedal-assist-bike,2019-01-14 06:35:00-07,-77.00333,38.90718
JumpDC-bike_23420,JUMP DC-2555,2019-01-14 06:34:38-07,JumpDC,pedal-assist-bike,2019-01-14 06:35:00-07,-77.003375,38.907115
JumpDC-bike_23467,JUMP DC-2602,2019-01-14 06:34:38-07,JumpDC,pedal-assist-bike,2019-01-14 06:35:00-07,-77.0039083333333,38.90627
JumpDC-bike_23154,JUMP DC-2463,2019-01-14 06:34:38-07,JumpDC,pedal-assist-bike,2019-01-14 06:35:00-07,-77.074325,38.91252
JumpDC-bike_23676,JUMP DC-2711,2019-01-14 06:34:38-07,JumpDC,pedal-assist-bike,2019-01-14 06:35:00-07,-77.047855,38.913515
BirdDC-VP73,VP73,2019-01-14 06:34:46-07,BirdDC,electric-scooter,2019-01-14 06:35:00-07,-77.0391862,38.9188162
BirdDC-CS68G,CS68G,2019-01-14 06:34:46-07,BirdDC,electric-scooter,2019-01-14 06:35:00-07,-77.0394000491291,38.91880622077
JumpDC-bike_18832,JUMP DC-0709,2019-01-14 06:34:38-07,JumpDC,pedal-assist-bike,2019-01-14 06:35:00-07,-77.035275,38.9183016666667
JumpDC-bike_18878,JUMP DC-0837,2019-01-14 06:34:38-07,JumpDC,pedal-assist-bike,2019-01-14 06:35:00-07,-77.0318616666667,38.9166933333333
JumpDC-bike_18865,JUMP DC-0824,2019-01-14 06:34:38-07,JumpDC,pedal-assist-bike,2019-01-14 06:35:00-07,-77.02544,38.9165566666667
JumpDC-bike_18879,JUMP DC-0838,2019-01-14 06:34:38-07,JumpDC,pedal-assist-bike,2019-01-14 06:35:00-07,-77.0290533333333,38.9169183333333
JumpDC-bike_18901,JUMP DC-0780,2019-01-14 06:34:38-07,JumpDC,pedal-assist-bike,2019-01-14 06:35:00-07,-77.028845,38.9169283333333
JumpDC-bike_23639,JUMP DC-2674,2019-01-14 06:34:38-07,JumpDC,pedal-assist-bike,2019-01-14 06:35:00-07,-77.0287533333333,38.916835
JumpDC-bike_23619,JUMP DC-2654,2019-01-14 06:34:38-07,JumpDC,pedal-assist-bike,2019-01-14 06:35:00-07,-77.0240066666667,38.917565
JumpDC-bike_23509,JUMP DC-2644 ,2019-01-14 06:34:38-07,JumpDC,pedal-assist-bike,2019-01-14 06:35:00-07,-77.0290216666667,38.9169666666667
JumpDC-bike_23512,JUMP DC-2647,2019-01-14 06:34:38-07,JumpDC,pedal-assist-bike,2019-01-14 06:35:00-07,-77.0143383333333,38.9146416666667
JumpDC-bike_23414,JUMP DC-2549,2019-01-14 06:34:38-07,JumpDC,pedal-assist-bike,2019-01-14 06:35:00-07,-77.012245,38.9151283333333
JumpDC-bike_16505,JUMP DC-0191,2019-01-14 06:34:38-07,JumpDC,pedal-assist-bike,2019-01-14 06:35:00-07,-76.9621616666667,38.918705
JumpDC-bike_23712,JUMP DC-2747,2019-01-14 06:34:38-07,JumpDC,pedal-assist-bike,2019-01-14 06:35:00-07,-77.0460866666667,38.923325
JumpDC-bike_18896,JUMP DC-0775,2019-01-14 06:34:38-07,JumpDC,pedal-assist-bike,2019-01-14 06:35:00-07,-77.0460566666667,38.9191283333333
JumpDC-bike_23636,JUMP DC-2671,2019-01-14 06:34:38-07,JumpDC,pedal-assist-bike,2019-01-14 06:35:00-07,-77.04281,38.92147
BirdDC-Y1TA5,Y1TA5,2019-01-14 06:34:46-07,BirdDC,electric-scooter,2019-01-14 06:35:00-07,-77.0393011,38.9189451
BirdDC-FWYI7,FWYI7,2019-01-14 06:34:46-07,BirdDC,electric-scooter,2019-01-14 06:35:00-07,-77.0392879,38.9189784
JumpDC-bike_23666,JUMP DC-2701,2019-01-14 06:20:17-07,JumpDC,pedal-assist-bike,2019-01-14 06:20:00-07,-77.0445783333333,38.9110466666667
JumpDC-bike_23683,JUMP DC-2718,2019-01-14 06:20:17-07,JumpDC,pedal-assist-bike,2019-01-14 06:20:00-07,-77.044625,38.9111533333333
JumpDC-bike_18903,JUMP DC-0782,2019-01-14 06:20:17-07,JumpDC,pedal-assist-bike,2019-01-14 06:20:00-07,-77.04412,38.910105
JumpDC-bike_23176,JUMP DC-2485,2019-01-14 06:20:17-07,JumpDC,pedal-assist-bike,2019-01-14 06:20:00-07,-77.04448,38.9109716666667
JumpDC-bike_23482,JUMP DC-2617,2019-01-14 06:20:17-07,JumpDC,pedal-assist-bike,2019-01-14 06:20:00-07,-77.038375,38.9100383333333
JumpDC-bike_23698,JUMP DC-2733,2019-01-14 06:20:17-07,JumpDC,pedal-assist-bike,2019-01-14 06:20:00-07,-77.0332666666667,38.9139783333333
JumpDC-bike_23438,JUMP DC-2573,2019-01-14 06:20:17-07,JumpDC,pedal-assist-bike,2019-01-14 06:20:00-07,-77.02246,38.912755
JumpDC-bike_23650,JUMP DC-2685,2019-01-14 06:20:17-07,JumpDC,pedal-assist-bike,2019-01-14 06:20:00-07,-77.02223,38.9125783333333
JumpDC-bike_16633,JUMP DC-0225,2019-01-14 06:20:17-07,JumpDC,pedal-assist-bike,2019-01-14 06:20:00-07,-77.0143916666667,38.9131133333333
JumpDC-bike_23197,JUMP DC-2506,2019-01-14 06:20:17-07,JumpDC,pedal-assist-bike,2019-01-14 06:20:00-07,-77.0037383333333,38.9111983333333
JumpDC-bike_23620,JUMP DC-2655,2019-01-14 06:20:17-07,JumpDC,pedal-assist-bike,2019-01-14 06:20:00-07,-77.0039833333333,38.91104
JumpDC-bike_23458,JUMP DC-2593,2019-01-14 06:20:17-07,JumpDC,pedal-assist-bike,2019-01-14 06:20:00-07,-77.0041366666667,38.911125
JumpDC-bike_16598,JUMP DC-0232,2019-01-14 06:20:17-07,JumpDC,pedal-assist-bike,2019-01-14 06:20:00-07,-77.0032833333333,38.9116616666667
JumpDC-bike_23210,JUMP DC-2519,2019-01-14 06:20:17-07,JumpDC,pedal-assist-bike,2019-01-14 06:20:00-07,-77.0014716666667,38.9112683333333
JumpDC-bike_23480,JUMP DC-2615,2019-01-14 06:20:17-07,JumpDC,pedal-assist-bike,2019-01-14 06:20:00-07,-76.9496783333333,38.9115316666667
JumpDC-bike_16492,JUMP DC-0179,2019-01-14 06:20:17-07,JumpDC,pedal-assist-bike,2019-01-14 06:20:00-07,-77.0461316666667,38.9154716666667
JumpDC-bike_17237,JUMP DC-0239,2019-01-14 06:20:17-07,JumpDC,pedal-assist-bike,2019-01-14 06:20:00-07,-77.0454333333333,38.9184233333333
BirdDC-CS68G,CS68G,2019-01-14 06:19:57-07,BirdDC,electric-scooter,2019-01-14 06:20:00-07,-77.0394000491291,38.91880622077
BirdDC-D9JXN,D9JXN,2019-01-14 06:19:57-07,BirdDC,electric-scooter,2019-01-14 06:20:00-07,-77.0391787562488,38.9187717810823
JumpDC-bike_23636,JUMP DC-2671,2019-01-14 06:20:17-07,JumpDC,pedal-assist-bike,2019-01-14 06:20:00-07,-77.04281,38.92147
BirdDC-Y1TA5,Y1TA5,2019-01-14 06:19:57-07,BirdDC,electric-scooter,2019-01-14 06:20:00-07,-77.0393011,38.9189451
BirdDC-FWYI7,FWYI7,2019-01-14 06:19:57-07,BirdDC,electric-scooter,2019-01-14 06:20:00-07,-77.0392879,38.9189784
JumpDC-bike_23149,JUMP DC-2458,2019-01-14 06:20:17-07,JumpDC,pedal-assist-bike,2019-01-14 06:20:00-07,-77.0351466666667,38.9219666666667
JumpDC-bike_23453,JUMP DC-2588  ,2019-01-14 06:20:17-07,JumpDC,pedal-assist-bike,2019-01-14 06:20:00-07,-77.0252183333333,38.91963
JumpDC-bike_16608,JUMP DC-0243,2019-01-14 06:20:17-07,JumpDC,pedal-assist-bike,2019-01-14 06:20:00-07,-77.02882,38.9199833333333
JumpDC-bike_23617,JUMP DC-2652,2019-01-14 06:20:17-07,JumpDC,pedal-assist-bike,2019-01-14 06:20:00-07,-77.0157866666667,38.9190983333333
JumpDC-bike_23490,JUMP DC-2625,2019-01-14 06:20:17-07,JumpDC,pedal-assist-bike,2019-01-14 06:20:00-07,-76.9994333333333,38.9209683333333
JumpDC-bike_18928,JUMP DC-0807,2019-01-14 06:20:17-07,JumpDC,pedal-assist-bike,2019-01-14 06:20:00-07,-76.9621883333333,38.9191083333333
JumpDC-bike_23230,JUMP DC-2539 ,2019-01-14 06:20:17-07,JumpDC,pedal-assist-bike,2019-01-14 06:20:00-07,-76.9622116666667,38.91915
JumpDC-bike_18857,JUMP DC-0766,2019-01-14 06:20:17-07,JumpDC,pedal-assist-bike,2019-01-14 06:20:00-07,-76.9620816666667,38.919035
JumpDC-bike_23225,JUMP DC-2534,2019-01-14 06:20:17-07,JumpDC,pedal-assist-bike,2019-01-14 06:20:00-07,-76.962185,38.9191283333333
JumpDC-bike_23670,JUMP DC-2705,2019-01-14 06:20:17-07,JumpDC,pedal-assist-bike,2019-01-14 06:20:00-07,-77.0570133333333,38.9260633333333
JumpDC-bike_18909,JUMP DC-0788,2019-01-14 06:20:17-07,JumpDC,pedal-assist-bike,2019-01-14 06:20:00-07,-77.04307,38.92662
JumpDC-bike_23672,JUMP DC-2707,2019-01-14 06:20:17-07,JumpDC,pedal-assist-bike,2019-01-14 06:20:00-07,-77.018235,38.9261683333333
JumpDC-bike_23213,JUMP DC-2522,2019-01-14 06:20:17-07,JumpDC,pedal-assist-bike,2019-01-14 06:20:00-07,-76.9923716666667,38.9249133333333
JumpDC-bike_18828,JUMP DC-0705,2019-01-14 06:34:38-07,JumpDC,pedal-assist-bike,2019-01-14 06:35:00-07,-76.98792,38.8451633333333
JumpDC-bike_18856,JUMP DC-0765,2019-01-14 06:34:38-07,JumpDC,pedal-assist-bike,2019-01-14 06:35:00-07,-76.9879733333333,38.84517
JumpDC-bike_23172,JUMP DC-2481,2019-01-14 06:34:38-07,JumpDC,pedal-assist-bike,2019-01-14 06:35:00-07,-76.9878466666667,38.845155
JumpDC-bike_23130,JUMP DC-0820,2019-01-14 06:34:38-07,JumpDC,pedal-assist-bike,2019-01-14 06:35:00-07,-77.0008883333333,38.873735
JumpDC-bike_23487,JUMP DC-2622,2019-01-14 06:34:38-07,JumpDC,pedal-assist-bike,2019-01-14 06:35:00-07,-77.0049816666667,38.8764883333333
JumpDC-bike_23705,JUMP DC-2740,2019-01-14 06:34:38-07,JumpDC,pedal-assist-bike,2019-01-14 06:35:00-07,-77.0043533333333,38.8767183333333
JumpDC-bike_23461,JUMP DC-2596,2019-01-14 06:34:38-07,JumpDC,pedal-assist-bike,2019-01-14 06:35:00-07,-76.995135,38.877605
JumpDC-bike_18855,JUMP DC-0691,2019-01-14 06:34:38-07,JumpDC,pedal-assist-bike,2019-01-14 06:35:00-07,-76.9871216666667,38.8861383333333
JumpDC-bike_23713,JUMP DC-2748,2019-01-14 06:34:38-07,JumpDC,pedal-assist-bike,2019-01-14 06:35:00-07,-76.9884183333333,38.8893183333333
JumpDC-bike_23165,JUMP DC-2474,2019-01-14 06:34:38-07,JumpDC,pedal-assist-bike,2019-01-14 06:35:00-07,-76.9884016666667,38.8896216666667
JumpDC-bike_23234,JUMP DC-2543,2019-01-14 06:34:38-07,JumpDC,pedal-assist-bike,2019-01-14 06:35:00-07,-76.99351,38.8887383333333
JumpDC-bike_23660,JUMP DC-2695,2019-01-14 06:34:38-07,JumpDC,pedal-assist-bike,2019-01-14 06:35:00-07,-76.9913933333333,38.8895866666667
JumpDC-bike_23142,JUMP DC-2451,2019-01-14 06:34:38-07,JumpDC,pedal-assist-bike,2019-01-14 06:35:00-07,-76.9889283333333,38.8897233333333
JumpDC-bike_16502,JUMP DC-0189,2019-01-14 06:34:38-07,JumpDC,pedal-assist-bike,2019-01-14 06:35:00-07,-76.938405,38.891215
JumpDC-bike_23513,JUMP DC-2648,2019-01-14 06:34:38-07,JumpDC,pedal-assist-bike,2019-01-14 06:35:00-07,-77.0504316666667,38.90089
JumpDC-bike_18937,JUMP DC-0816,2019-01-14 06:34:38-07,JumpDC,pedal-assist-bike,2019-01-14 06:35:00-07,-77.047805,38.90079
JumpDC-bike_23212,JUMP DC-2521,2019-01-14 06:34:38-07,JumpDC,pedal-assist-bike,2019-01-14 06:35:00-07,-77.0491316666667,38.899675
JumpDC-bike_23678,JUMP DC-2713,2019-01-14 06:34:38-07,JumpDC,pedal-assist-bike,2019-01-14 06:35:00-07,-77.0505383333333,38.9008066666667
JumpDC-bike_23628,JUMP DC-2663,2019-01-14 06:34:38-07,JumpDC,pedal-assist-bike,2019-01-14 06:35:00-07,-77.05011,38.90065
JumpDC-bike_16501,JUMP DC-0188,2019-01-14 06:34:38-07,JumpDC,pedal-assist-bike,2019-01-14 06:35:00-07,-77.027755,38.897275
JumpDC-bike_18853,JUMP DC-0695,2019-01-14 06:34:38-07,JumpDC,pedal-assist-bike,2019-01-14 06:35:00-07,-77.0190083333333,38.898825
JumpDC-bike_23506,JUMP DC-2641,2019-01-14 06:34:38-07,JumpDC,pedal-assist-bike,2019-01-14 06:35:00-07,-77.0121333333333,38.90065
JumpDC-bike_18826,JUMP DC-0703,2019-01-14 06:34:38-07,JumpDC,pedal-assist-bike,2019-01-14 06:35:00-07,-77.0220333333333,38.9042066666667
JumpDC-bike_23160,JUMP DC-2469,2019-01-14 06:34:38-07,JumpDC,pedal-assist-bike,2019-01-14 06:35:00-07,-77.022025,38.90426
JumpDC-bike_18841,JUMP DC-0718,2019-01-14 06:34:38-07,JumpDC,pedal-assist-bike,2019-01-14 06:35:00-07,-77.0220733333333,38.9052983333333
JumpDC-bike_23441,JUMP DC-2576,2019-01-14 06:34:38-07,JumpDC,pedal-assist-bike,2019-01-14 06:35:00-07,-77.01697,38.9042766666667
JumpDC-bike_18823,JUMP DC-0700,2019-01-14 06:34:38-07,JumpDC,pedal-assist-bike,2019-01-14 06:35:00-07,-77.0134383333333,38.901855
JumpDC-bike_23166,JUMP DC-2475,2019-01-14 06:34:38-07,JumpDC,pedal-assist-bike,2019-01-14 06:35:00-07,-76.99835,38.9032716666667
JumpDC-bike_18867,JUMP DC-0826,2019-01-14 06:34:38-07,JumpDC,pedal-assist-bike,2019-01-14 06:35:00-07,-76.9822483333333,38.903595
JumpDC-bike_23466,JUMP DC-2601,2019-01-14 06:34:38-07,JumpDC,pedal-assist-bike,2019-01-14 06:35:00-07,-77.04166,38.9069883333333
JumpDC-bike_23196,JUMP DC-2505,2019-01-14 06:34:38-07,JumpDC,pedal-assist-bike,2019-01-14 06:35:00-07,-77.04474,38.90795
JumpDC-bike_23152,JUMP DC-2461,2019-01-14 06:34:38-07,JumpDC,pedal-assist-bike,2019-01-14 06:35:00-07,-77.0446466666667,38.9083833333333
JumpDC-bike_23176,JUMP DC-2485,2019-01-14 06:34:38-07,JumpDC,pedal-assist-bike,2019-01-14 06:35:00-07,-77.04448,38.9109716666667
JumpDC-bike_18924,JUMP DC-0803,2019-01-14 06:34:38-07,JumpDC,pedal-assist-bike,2019-01-14 06:35:00-07,-77.0445066666667,38.9110783333333
JumpDC-bike_23666,JUMP DC-2701,2019-01-14 06:34:38-07,JumpDC,pedal-assist-bike,2019-01-14 06:35:00-07,-77.0445783333333,38.9110466666667
JumpDC-bike_23683,JUMP DC-2718,2019-01-14 06:34:38-07,JumpDC,pedal-assist-bike,2019-01-14 06:35:00-07,-77.044625,38.9111533333333
JumpDC-bike_18903,JUMP DC-0782,2019-01-14 06:34:38-07,JumpDC,pedal-assist-bike,2019-01-14 06:35:00-07,-77.04412,38.910105
JumpDC-bike_23482,JUMP DC-2617,2019-01-14 06:34:38-07,JumpDC,pedal-assist-bike,2019-01-14 06:35:00-07,-77.038375,38.9100383333333
JumpDC-bike_23698,JUMP DC-2733,2019-01-14 06:34:38-07,JumpDC,pedal-assist-bike,2019-01-14 06:35:00-07,-77.0332666666667,38.9139783333333
JumpDC-bike_23438,JUMP DC-2573,2019-01-14 06:34:38-07,JumpDC,pedal-assist-bike,2019-01-14 06:35:00-07,-77.02246,38.912755
JumpDC-bike_23650,JUMP DC-2685,2019-01-14 06:34:38-07,JumpDC,pedal-assist-bike,2019-01-14 06:35:00-07,-77.02223,38.9125783333333
JumpDC-bike_16633,JUMP DC-0225,2019-01-14 06:34:38-07,JumpDC,pedal-assist-bike,2019-01-14 06:35:00-07,-77.0143916666667,38.9131133333333
JumpDC-bike_23620,JUMP DC-2655,2019-01-14 06:34:38-07,JumpDC,pedal-assist-bike,2019-01-14 06:35:00-07,-77.0039833333333,38.91104
JumpDC-bike_23458,JUMP DC-2593,2019-01-14 06:34:38-07,JumpDC,pedal-assist-bike,2019-01-14 06:35:00-07,-77.0041366666667,38.911125
JumpDC-bike_23210,JUMP DC-2519,2019-01-14 06:34:38-07,JumpDC,pedal-assist-bike,2019-01-14 06:35:00-07,-77.0014716666667,38.9112683333333
JumpDC-bike_16598,JUMP DC-0232,2019-01-14 06:34:38-07,JumpDC,pedal-assist-bike,2019-01-14 06:35:00-07,-77.0032833333333,38.9116616666667
JumpDC-bike_23197,JUMP DC-2506,2019-01-14 06:34:38-07,JumpDC,pedal-assist-bike,2019-01-14 06:35:00-07,-77.0037383333333,38.9111983333333
JumpDC-bike_23480,JUMP DC-2615,2019-01-14 06:34:38-07,JumpDC,pedal-assist-bike,2019-01-14 06:35:00-07,-76.9496783333333,38.9115316666667
JumpDC-bike_17237,JUMP DC-0239,2019-01-14 06:34:38-07,JumpDC,pedal-assist-bike,2019-01-14 06:35:00-07,-77.0454333333333,38.9184233333333
JumpDC-bike_16492,JUMP DC-0179,2019-01-14 06:34:38-07,JumpDC,pedal-assist-bike,2019-01-14 06:35:00-07,-77.0461316666667,38.9154716666667
BirdDC-VSXD,VSXD,2019-01-14 06:34:46-07,BirdDC,electric-scooter,2019-01-14 06:35:00-07,-77.0392428339245,38.9187512174611
BirdDC-XAJMV,XAJMV,2019-01-14 06:34:46-07,BirdDC,electric-scooter,2019-01-14 06:35:00-07,-77.0390083333333,38.918815
BirdDC-BMWJM,BMWJM,2019-01-14 06:34:46-07,BirdDC,electric-scooter,2019-01-14 06:35:00-07,-77.0392401432289,38.9188356670921
BirdDC-D9JXN,D9JXN,2019-01-14 06:34:46-07,BirdDC,electric-scooter,2019-01-14 06:35:00-07,-77.0391787562488,38.9187717810823
BirdDC-V6GR3,V6GR3,2019-01-14 06:34:46-07,BirdDC,electric-scooter,2019-01-14 06:35:00-07,-77.0391272277014,38.9185322618444
JumpDC-bike_23647,JUMP DC-2682,2019-01-14 06:34:38-07,JumpDC,pedal-assist-bike,2019-01-14 06:35:00-07,-77.0634516666667,38.94442
JumpDC-bike_23149,JUMP DC-2458,2019-01-14 06:34:38-07,JumpDC,pedal-assist-bike,2019-01-14 06:35:00-07,-77.0351466666667,38.9219666666667
JumpDC-bike_23453,JUMP DC-2588  ,2019-01-14 06:34:38-07,JumpDC,pedal-assist-bike,2019-01-14 06:35:00-07,-77.0252183333333,38.91963
JumpDC-bike_16608,JUMP DC-0243,2019-01-14 06:34:38-07,JumpDC,pedal-assist-bike,2019-01-14 06:35:00-07,-77.02882,38.9199833333333
JumpDC-bike_23617,JUMP DC-2652,2019-01-14 06:34:38-07,JumpDC,pedal-assist-bike,2019-01-14 06:35:00-07,-77.0157866666667,38.9190983333333
JumpDC-bike_23490,JUMP DC-2625,2019-01-14 06:34:38-07,JumpDC,pedal-assist-bike,2019-01-14 06:35:00-07,-76.9994333333333,38.9209683333333
JumpDC-bike_23230,JUMP DC-2539 ,2019-01-14 06:34:38-07,JumpDC,pedal-assist-bike,2019-01-14 06:35:00-07,-76.9622116666667,38.91915
JumpDC-bike_18857,JUMP DC-0766,2019-01-14 06:34:38-07,JumpDC,pedal-assist-bike,2019-01-14 06:35:00-07,-76.9620816666667,38.919035
JumpDC-bike_23225,JUMP DC-2534,2019-01-14 06:34:38-07,JumpDC,pedal-assist-bike,2019-01-14 06:35:00-07,-76.962185,38.9191283333333
JumpDC-bike_18928,JUMP DC-0807,2019-01-14 06:34:38-07,JumpDC,pedal-assist-bike,2019-01-14 06:35:00-07,-76.9621883333333,38.9191083333333
JumpDC-bike_23670,JUMP DC-2705,2019-01-14 06:34:38-07,JumpDC,pedal-assist-bike,2019-01-14 06:35:00-07,-77.0570133333333,38.9260633333333
JumpDC-bike_18909,JUMP DC-0788,2019-01-14 06:34:38-07,JumpDC,pedal-assist-bike,2019-01-14 06:35:00-07,-77.04307,38.92662
JumpDC-bike_23672,JUMP DC-2707,2019-01-14 06:34:38-07,JumpDC,pedal-assist-bike,2019-01-14 06:35:00-07,-77.018235,38.9261683333333
JumpDC-bike_23213,JUMP DC-2522,2019-01-14 06:34:38-07,JumpDC,pedal-assist-bike,2019-01-14 06:35:00-07,-76.9923716666667,38.9249133333333
JumpDC-bike_18835,JUMP DC-0712,2019-01-14 06:34:38-07,JumpDC,pedal-assist-bike,2019-01-14 06:35:00-07,-77.0662133333333,38.9315066666667
JumpDC-bike_18828,JUMP DC-0705,2019-01-14 06:49:32-07,JumpDC,pedal-assist-bike,2019-01-14 06:50:00-07,-76.98792,38.8451633333333
JumpDC-bike_18856,JUMP DC-0765,2019-01-14 06:49:32-07,JumpDC,pedal-assist-bike,2019-01-14 06:50:00-07,-76.9879733333333,38.84517
JumpDC-bike_23172,JUMP DC-2481,2019-01-14 06:49:32-07,JumpDC,pedal-assist-bike,2019-01-14 06:50:00-07,-76.9878466666667,38.845155
JumpDC-bike_23130,JUMP DC-0820,2019-01-14 06:49:32-07,JumpDC,pedal-assist-bike,2019-01-14 06:50:00-07,-77.0008883333333,38.873735
JumpDC-bike_23487,JUMP DC-2622,2019-01-14 06:49:32-07,JumpDC,pedal-assist-bike,2019-01-14 06:50:00-07,-77.0049816666667,38.8764883333333
JumpDC-bike_23705,JUMP DC-2740,2019-01-14 06:49:32-07,JumpDC,pedal-assist-bike,2019-01-14 06:50:00-07,-77.0043533333333,38.8767183333333
JumpDC-bike_23461,JUMP DC-2596,2019-01-14 06:49:32-07,JumpDC,pedal-assist-bike,2019-01-14 06:50:00-07,-76.995135,38.877605
JumpDC-bike_18830,JUMP DC-0707,2019-01-14 06:49:32-07,JumpDC,pedal-assist-bike,2019-01-14 06:50:00-07,-77.01623,38.8791616666667
JumpDC-bike_23713,JUMP DC-2748,2019-01-14 06:49:32-07,JumpDC,pedal-assist-bike,2019-01-14 06:50:00-07,-76.9884183333333,38.8893183333333
JumpDC-bike_23165,JUMP DC-2474,2019-01-14 06:49:32-07,JumpDC,pedal-assist-bike,2019-01-14 06:50:00-07,-76.9884016666667,38.8896216666667
JumpDC-bike_23234,JUMP DC-2543,2019-01-14 06:49:32-07,JumpDC,pedal-assist-bike,2019-01-14 06:50:00-07,-76.99351,38.8887383333333
JumpDC-bike_23660,JUMP DC-2695,2019-01-14 06:49:32-07,JumpDC,pedal-assist-bike,2019-01-14 06:50:00-07,-76.9913933333333,38.8895866666667
JumpDC-bike_23142,JUMP DC-2451,2019-01-14 06:49:32-07,JumpDC,pedal-assist-bike,2019-01-14 06:50:00-07,-76.9889283333333,38.8897233333333
JumpDC-bike_16502,JUMP DC-0189,2019-01-14 06:49:32-07,JumpDC,pedal-assist-bike,2019-01-14 06:50:00-07,-76.938405,38.891215
JumpDC-bike_23212,JUMP DC-2521,2019-01-14 06:49:32-07,JumpDC,pedal-assist-bike,2019-01-14 06:50:00-07,-77.0491316666667,38.899675
JumpDC-bike_23513,JUMP DC-2648,2019-01-14 06:49:32-07,JumpDC,pedal-assist-bike,2019-01-14 06:50:00-07,-77.0504316666667,38.90089
JumpDC-bike_18937,JUMP DC-0816,2019-01-14 06:49:32-07,JumpDC,pedal-assist-bike,2019-01-14 06:50:00-07,-77.047805,38.90079
JumpDC-bike_23628,JUMP DC-2663,2019-01-14 06:49:32-07,JumpDC,pedal-assist-bike,2019-01-14 06:50:00-07,-77.05011,38.90065
JumpDC-bike_23678,JUMP DC-2713,2019-01-14 06:49:32-07,JumpDC,pedal-assist-bike,2019-01-14 06:50:00-07,-77.0505383333333,38.9008066666667
JumpDC-bike_16501,JUMP DC-0188,2019-01-14 06:49:32-07,JumpDC,pedal-assist-bike,2019-01-14 06:50:00-07,-77.027755,38.897275
JumpDC-bike_18853,JUMP DC-0695,2019-01-14 06:49:32-07,JumpDC,pedal-assist-bike,2019-01-14 06:50:00-07,-77.0190083333333,38.898825
JumpDC-bike_23506,JUMP DC-2641,2019-01-14 06:49:32-07,JumpDC,pedal-assist-bike,2019-01-14 06:50:00-07,-77.0121333333333,38.90065
JumpDC-bike_18841,JUMP DC-0718,2019-01-14 06:49:32-07,JumpDC,pedal-assist-bike,2019-01-14 06:50:00-07,-77.0220733333333,38.9052983333333
JumpDC-bike_23160,JUMP DC-2469,2019-01-14 06:49:32-07,JumpDC,pedal-assist-bike,2019-01-14 06:50:00-07,-77.022025,38.90426
JumpDC-bike_18826,JUMP DC-0703,2019-01-14 06:49:32-07,JumpDC,pedal-assist-bike,2019-01-14 06:50:00-07,-77.0220333333333,38.9042066666667
JumpDC-bike_23441,JUMP DC-2576,2019-01-14 06:49:32-07,JumpDC,pedal-assist-bike,2019-01-14 06:50:00-07,-77.01697,38.9042766666667
JumpDC-bike_18823,JUMP DC-0700,2019-01-14 06:49:32-07,JumpDC,pedal-assist-bike,2019-01-14 06:50:00-07,-77.0134383333333,38.901855
JumpDC-bike_23166,JUMP DC-2475,2019-01-14 06:49:32-07,JumpDC,pedal-assist-bike,2019-01-14 06:50:00-07,-76.99835,38.9032716666667
JumpDC-bike_18867,JUMP DC-0826,2019-01-14 06:49:32-07,JumpDC,pedal-assist-bike,2019-01-14 06:50:00-07,-76.9822483333333,38.903595
JumpDC-bike_23466,JUMP DC-2601,2019-01-14 06:49:32-07,JumpDC,pedal-assist-bike,2019-01-14 06:50:00-07,-77.04166,38.9069883333333
JumpDC-bike_23196,JUMP DC-2505,2019-01-14 06:49:32-07,JumpDC,pedal-assist-bike,2019-01-14 06:50:00-07,-77.04474,38.90795
JumpDC-bike_23152,JUMP DC-2461,2019-01-14 06:49:32-07,JumpDC,pedal-assist-bike,2019-01-14 06:50:00-07,-77.0446466666667,38.9083833333333
JumpDC-bike_23179,JUMP DC-2488,2019-01-14 06:49:32-07,JumpDC,pedal-assist-bike,2019-01-14 06:50:00-07,-77.033395,38.9097066666667
JumpDC-bike_23176,JUMP DC-2485,2019-01-14 06:49:32-07,JumpDC,pedal-assist-bike,2019-01-14 06:50:00-07,-77.04448,38.9109716666667
JumpDC-bike_18924,JUMP DC-0803,2019-01-14 06:49:32-07,JumpDC,pedal-assist-bike,2019-01-14 06:50:00-07,-77.0445066666667,38.9110783333333
JumpDC-bike_23666,JUMP DC-2701,2019-01-14 06:49:32-07,JumpDC,pedal-assist-bike,2019-01-14 06:50:00-07,-77.0445783333333,38.9110466666667
JumpDC-bike_23683,JUMP DC-2718,2019-01-14 06:49:32-07,JumpDC,pedal-assist-bike,2019-01-14 06:50:00-07,-77.044625,38.9111533333333
JumpDC-bike_23482,JUMP DC-2617,2019-01-14 06:49:32-07,JumpDC,pedal-assist-bike,2019-01-14 06:50:00-07,-77.038375,38.9100383333333
JumpDC-bike_23698,JUMP DC-2733,2019-01-14 06:49:32-07,JumpDC,pedal-assist-bike,2019-01-14 06:50:00-07,-77.0332666666667,38.9139783333333
JumpDC-bike_23438,JUMP DC-2573,2019-01-14 06:49:32-07,JumpDC,pedal-assist-bike,2019-01-14 06:50:00-07,-77.02246,38.912755
JumpDC-bike_23650,JUMP DC-2685,2019-01-14 06:49:32-07,JumpDC,pedal-assist-bike,2019-01-14 06:50:00-07,-77.02223,38.9125783333333
JumpDC-bike_16633,JUMP DC-0225,2019-01-14 06:49:32-07,JumpDC,pedal-assist-bike,2019-01-14 06:50:00-07,-77.0143916666667,38.9131133333333
JumpDC-bike_23197,JUMP DC-2506,2019-01-14 06:49:32-07,JumpDC,pedal-assist-bike,2019-01-14 06:50:00-07,-77.0037383333333,38.9111983333333
JumpDC-bike_23620,JUMP DC-2655,2019-01-14 06:49:32-07,JumpDC,pedal-assist-bike,2019-01-14 06:50:00-07,-77.0039833333333,38.91104
JumpDC-bike_23458,JUMP DC-2593,2019-01-14 06:49:32-07,JumpDC,pedal-assist-bike,2019-01-14 06:50:00-07,-77.0041366666667,38.911125
JumpDC-bike_23210,JUMP DC-2519,2019-01-14 06:49:32-07,JumpDC,pedal-assist-bike,2019-01-14 06:50:00-07,-77.0014716666667,38.9112683333333
JumpDC-bike_16598,JUMP DC-0232,2019-01-14 06:49:32-07,JumpDC,pedal-assist-bike,2019-01-14 06:50:00-07,-77.0032833333333,38.9116616666667
JumpDC-bike_23480,JUMP DC-2615,2019-01-14 06:49:32-07,JumpDC,pedal-assist-bike,2019-01-14 06:50:00-07,-76.9496783333333,38.9115316666667
JumpDC-bike_17237,JUMP DC-0239,2019-01-14 06:49:32-07,JumpDC,pedal-assist-bike,2019-01-14 06:50:00-07,-77.0454333333333,38.9184233333333
JumpDC-bike_16492,JUMP DC-0179,2019-01-14 06:49:32-07,JumpDC,pedal-assist-bike,2019-01-14 06:50:00-07,-77.0461316666667,38.9154716666667
BirdDC-VP73,VP73,2019-01-14 06:50:09-07,BirdDC,electric-scooter,2019-01-14 06:50:00-07,-77.0391862,38.9188162
BirdDC-CS68G,CS68G,2019-01-14 06:50:09-07,BirdDC,electric-scooter,2019-01-14 06:50:00-07,-77.0394000491291,38.91880622077
BirdDC-D9JXN,D9JXN,2019-01-14 06:50:09-07,BirdDC,electric-scooter,2019-01-14 06:50:00-07,-77.0391787562488,38.9187717810823
BirdDC-V6GR3,V6GR3,2019-01-14 06:50:09-07,BirdDC,electric-scooter,2019-01-14 06:50:00-07,-77.0391272277014,38.9185322618444
BirdDC-VSXD,VSXD,2019-01-14 06:50:09-07,BirdDC,electric-scooter,2019-01-14 06:50:00-07,-77.0392428339245,38.9187512174611
BirdDC-XAJMV,XAJMV,2019-01-14 06:50:09-07,BirdDC,electric-scooter,2019-01-14 06:50:00-07,-77.0390083333333,38.918815
BirdDC-BMWJM,BMWJM,2019-01-14 06:50:09-07,BirdDC,electric-scooter,2019-01-14 06:50:00-07,-77.0392401432289,38.9188356670921
JumpDC-bike_16608,JUMP DC-0243,2019-01-14 06:49:32-07,JumpDC,pedal-assist-bike,2019-01-14 06:50:00-07,-77.02882,38.9199833333333
JumpDC-bike_23453,JUMP DC-2588  ,2019-01-14 06:49:32-07,JumpDC,pedal-assist-bike,2019-01-14 06:50:00-07,-77.0252183333333,38.91963
JumpDC-bike_23617,JUMP DC-2652,2019-01-14 06:49:32-07,JumpDC,pedal-assist-bike,2019-01-14 06:50:00-07,-77.0157866666667,38.9190983333333
JumpDC-bike_23490,JUMP DC-2625,2019-01-14 06:49:32-07,JumpDC,pedal-assist-bike,2019-01-14 06:50:00-07,-76.9994333333333,38.9209683333333
JumpDC-bike_18928,JUMP DC-0807,2019-01-14 06:49:32-07,JumpDC,pedal-assist-bike,2019-01-14 06:50:00-07,-76.9621883333333,38.9191083333333
JumpDC-bike_23230,JUMP DC-2539 ,2019-01-14 06:49:32-07,JumpDC,pedal-assist-bike,2019-01-14 06:50:00-07,-76.9622116666667,38.91915
JumpDC-bike_18857,JUMP DC-0766,2019-01-14 06:49:32-07,JumpDC,pedal-assist-bike,2019-01-14 06:50:00-07,-76.9620816666667,38.919035
JumpDC-bike_23225,JUMP DC-2534,2019-01-14 06:49:32-07,JumpDC,pedal-assist-bike,2019-01-14 06:50:00-07,-76.962185,38.9191283333333
JumpDC-bike_23670,JUMP DC-2705,2019-01-14 06:49:32-07,JumpDC,pedal-assist-bike,2019-01-14 06:50:00-07,-77.0570133333333,38.9260633333333
JumpDC-bike_18909,JUMP DC-0788,2019-01-14 06:49:32-07,JumpDC,pedal-assist-bike,2019-01-14 06:50:00-07,-77.04307,38.92662
JumpDC-bike_23672,JUMP DC-2707,2019-01-14 06:49:32-07,JumpDC,pedal-assist-bike,2019-01-14 06:50:00-07,-77.018235,38.9261683333333
JumpDC-bike_23213,JUMP DC-2522,2019-01-14 06:49:32-07,JumpDC,pedal-assist-bike,2019-01-14 06:50:00-07,-76.9923716666667,38.9249133333333
JumpDC-bike_18835,JUMP DC-0712,2019-01-14 06:49:32-07,JumpDC,pedal-assist-bike,2019-01-14 06:50:00-07,-77.0662133333333,38.9315066666667
JumpDC-bike_23460,JUMP DC-2595,2019-01-14 06:49:32-07,JumpDC,pedal-assist-bike,2019-01-14 06:50:00-07,-77.0336616666667,38.93051
JumpDC-bike_23667,JUMP DC-2702,2019-01-14 06:49:32-07,JumpDC,pedal-assist-bike,2019-01-14 06:50:00-07,-77.0582216666667,38.9420483333333
JumpDC-bike_23203,JUMP DC-2512,2019-01-14 06:49:32-07,JumpDC,pedal-assist-bike,2019-01-14 06:50:00-07,-77.0353383333333,38.9429183333333
JumpDC-bike_23484,JUMP DC-2619,2019-01-14 06:49:32-07,JumpDC,pedal-assist-bike,2019-01-14 06:50:00-07,-77.00457,38.9435016666667
JumpDC-bike_23697,JUMP DC-2732,2019-01-14 06:49:32-07,JumpDC,pedal-assist-bike,2019-01-14 06:50:00-07,-77.0663733333333,38.948935
JumpDC-bike_16523,JUMP DC-0167,2019-01-14 06:49:32-07,JumpDC,pedal-assist-bike,2019-01-14 06:50:00-07,-77.034365,38.9482516666667
JumpDC-bike_16634,JUMP DC-0226,2019-01-14 06:49:32-07,JumpDC,pedal-assist-bike,2019-01-14 06:50:00-07,-77.027085,38.9483816666667
JumpDC-bike_18843,JUMP DC-0720,2019-01-14 06:49:32-07,JumpDC,pedal-assist-bike,2019-01-14 06:50:00-07,-76.9917516666667,38.9504483333333
JumpDC-bike_23616,JUMP DC-2651,2019-01-14 06:49:32-07,JumpDC,pedal-assist-bike,2019-01-14 06:50:00-07,-77.0228933333333,38.95174
JumpDC-bike_23662,JUMP DC-2697,2019-01-14 06:49:32-07,JumpDC,pedal-assist-bike,2019-01-14 06:50:00-07,-77.0342783333333,38.9627283333333
JumpDC-bike_23460,JUMP DC-2595,2019-01-14 06:34:38-07,JumpDC,pedal-assist-bike,2019-01-14 06:35:00-07,-77.0336616666667,38.93051
JumpDC-bike_23485,JUMP DC-2620,2019-01-14 06:34:38-07,JumpDC,pedal-assist-bike,2019-01-14 06:35:00-07,-77.0241433333333,38.930965
JumpDC-bike_16612,JUMP DC-0247,2019-01-14 06:34:38-07,JumpDC,pedal-assist-bike,2019-01-14 06:35:00-07,-77.0704266666667,38.9347066666667
JumpDC-bike_23674,JUMP DC-2709,2019-01-14 06:34:38-07,JumpDC,pedal-assist-bike,2019-01-14 06:35:00-07,-77.0585966666667,38.9360166666667
JumpDC-bike_16615,JUMP DC-0250,2019-01-14 06:34:38-07,JumpDC,pedal-assist-bike,2019-01-14 06:35:00-07,-77.055065,38.9354916666667
JumpDC-bike_23648,JUMP DC-2683,2019-01-14 06:34:38-07,JumpDC,pedal-assist-bike,2019-01-14 06:35:00-07,-77.0587283333333,38.9362316666667
JumpDC-bike_18930,JUMP DC-0809,2019-01-14 06:34:38-07,JumpDC,pedal-assist-bike,2019-01-14 06:35:00-07,-77.0586133333333,38.9360716666667
JumpDC-bike_23199,JUMP DC-2508,2019-01-14 06:34:38-07,JumpDC,pedal-assist-bike,2019-01-14 06:35:00-07,-77.0413666666667,38.9333916666667
JumpDC-bike_23696,JUMP DC-2731,2019-01-14 06:34:38-07,JumpDC,pedal-assist-bike,2019-01-14 06:35:00-07,-77.0365266666667,38.9363216666667
JumpDC-bike_23227,JUMP DC-2536,2019-01-14 06:34:38-07,JumpDC,pedal-assist-bike,2019-01-14 06:35:00-07,-77.0349716666667,38.9344966666667
JumpDC-bike_18875,JUMP DC-0834,2019-01-14 06:34:38-07,JumpDC,pedal-assist-bike,2019-01-14 06:35:00-07,-77.032635,38.9363816666667
JumpDC-bike_23702,JUMP DC-2737,2019-01-14 06:34:38-07,JumpDC,pedal-assist-bike,2019-01-14 06:35:00-07,-77.03269,38.9325716666667
JumpDC-bike_23228,JUMP DC-2537,2019-01-14 06:34:38-07,JumpDC,pedal-assist-bike,2019-01-14 06:35:00-07,-77.02502,38.93963
JumpDC-bike_23232,JUMP DC-2541,2019-01-14 06:34:38-07,JumpDC,pedal-assist-bike,2019-01-14 06:35:00-07,-77.0170533333333,38.9394766666667
JumpDC-bike_23489,JUMP DC-2624,2019-01-14 06:34:38-07,JumpDC,pedal-assist-bike,2019-01-14 06:35:00-07,-77.0636066666667,38.944415
JumpDC-bike_16629,JUMP DC-0219,2019-01-14 06:34:38-07,JumpDC,pedal-assist-bike,2019-01-14 06:35:00-07,-77.0634533333333,38.9443683333333
JumpDC-bike_23667,JUMP DC-2702,2019-01-14 06:34:38-07,JumpDC,pedal-assist-bike,2019-01-14 06:35:00-07,-77.0582216666667,38.9420483333333
JumpDC-bike_23203,JUMP DC-2512,2019-01-14 06:34:38-07,JumpDC,pedal-assist-bike,2019-01-14 06:35:00-07,-77.0353383333333,38.9429183333333
JumpDC-bike_23484,JUMP DC-2619,2019-01-14 06:34:38-07,JumpDC,pedal-assist-bike,2019-01-14 06:35:00-07,-77.00457,38.9435016666667
JumpDC-bike_23697,JUMP DC-2732,2019-01-14 06:34:38-07,JumpDC,pedal-assist-bike,2019-01-14 06:35:00-07,-77.0663733333333,38.948935
JumpDC-bike_16523,JUMP DC-0167,2019-01-14 06:34:38-07,JumpDC,pedal-assist-bike,2019-01-14 06:35:00-07,-77.034365,38.9482516666667
JumpDC-bike_16634,JUMP DC-0226,2019-01-14 06:34:38-07,JumpDC,pedal-assist-bike,2019-01-14 06:35:00-07,-77.027085,38.9483816666667
JumpDC-bike_18843,JUMP DC-0720,2019-01-14 06:34:38-07,JumpDC,pedal-assist-bike,2019-01-14 06:35:00-07,-76.9917516666667,38.9504483333333
JumpDC-bike_23616,JUMP DC-2651,2019-01-14 06:34:38-07,JumpDC,pedal-assist-bike,2019-01-14 06:35:00-07,-77.0228933333333,38.95174
JumpDC-bike_23662,JUMP DC-2697,2019-01-14 06:34:38-07,JumpDC,pedal-assist-bike,2019-01-14 06:35:00-07,-77.0342783333333,38.9627283333333
JumpDC-bike_18911,JUMP DC-0790,2019-01-14 06:49:32-07,JumpDC,pedal-assist-bike,2019-01-14 06:50:00-07,-76.991235,38.8555533333333
JumpDC-bike_16488,JUMP DC-0214,2019-01-14 06:49:32-07,JumpDC,pedal-assist-bike,2019-01-14 06:50:00-07,-76.9910333333333,38.855475
JumpDC-bike_23432,JUMP DC-2567,2019-01-14 06:49:32-07,JumpDC,pedal-assist-bike,2019-01-14 06:50:00-07,-77.0145883333333,38.8644283333333
JumpDC-bike_23164,JUMP DC-2473,2019-01-14 06:49:32-07,JumpDC,pedal-assist-bike,2019-01-14 06:50:00-07,-76.99551,38.8623233333333
JumpDC-bike_23157,JUMP DC-2466,2019-01-14 06:49:32-07,JumpDC,pedal-assist-bike,2019-01-14 06:50:00-07,-76.995515,38.8623183333333
JumpDC-bike_23634,JUMP DC-2669,2019-01-14 06:49:32-07,JumpDC,pedal-assist-bike,2019-01-14 06:50:00-07,-76.9817716666667,38.8625166666667
JumpDC-bike_23201,JUMP DC-2510,2019-01-14 06:49:32-07,JumpDC,pedal-assist-bike,2019-01-14 06:50:00-07,-76.98343,38.8654566666667
JumpDC-bike_23669,JUMP DC-2704,2019-01-14 06:49:32-07,JumpDC,pedal-assist-bike,2019-01-14 06:50:00-07,-76.98157,38.8811733333333
JumpDC-bike_23216,JUMP DC-2525,2019-01-14 06:49:32-07,JumpDC,pedal-assist-bike,2019-01-14 06:50:00-07,-76.9357233333333,38.8816416666667
JumpDC-bike_23681,JUMP DC-2716,2019-01-14 06:49:32-07,JumpDC,pedal-assist-bike,2019-01-14 06:50:00-07,-76.9960733333333,38.8871766666667
JumpDC-bike_23178,JUMP DC-2487,2019-01-14 06:49:32-07,JumpDC,pedal-assist-bike,2019-01-14 06:50:00-07,-76.9964716666667,38.8870483333333
JumpDC-bike_23504,JUMP DC-2639,2019-01-14 06:49:32-07,JumpDC,pedal-assist-bike,2019-01-14 06:50:00-07,-76.9976,38.885115
JumpDC-bike_23422,JUMP DC-2557,2019-01-14 06:49:32-07,JumpDC,pedal-assist-bike,2019-01-14 06:50:00-07,-76.9978916666667,38.8852066666667
JumpDC-bike_18868,JUMP DC-0827,2019-01-14 06:49:32-07,JumpDC,pedal-assist-bike,2019-01-14 06:50:00-07,-76.9936933333333,38.88511
JumpDC-bike_18855,JUMP DC-0691,2019-01-14 06:49:32-07,JumpDC,pedal-assist-bike,2019-01-14 06:50:00-07,-76.9871216666667,38.8861383333333
JumpDC-bike_18898,JUMP DC-0777 ,2019-01-14 06:49:32-07,JumpDC,pedal-assist-bike,2019-01-14 06:50:00-07,-77.0235033333333,38.8963133333333
JumpDC-bike_23493,JUMP DC-2628,2019-01-14 06:49:32-07,JumpDC,pedal-assist-bike,2019-01-14 06:50:00-07,-77.01973,38.8928866666667
JumpDC-bike_23143,JUMP DC-2452,2019-01-14 06:49:32-07,JumpDC,pedal-assist-bike,2019-01-14 06:50:00-07,-77.0194266666667,38.8963433333333
JumpDC-bike_23229,JUMP DC-2538,2019-01-14 06:49:32-07,JumpDC,pedal-assist-bike,2019-01-14 06:50:00-07,-76.9962233333333,38.8945083333333
JumpDC-bike_23691,JUMP DC-2726,2019-01-14 06:49:32-07,JumpDC,pedal-assist-bike,2019-01-14 06:50:00-07,-76.9855933333333,38.893475
JumpDC-bike_18933,JUMP DC-0812,2019-01-14 06:49:32-07,JumpDC,pedal-assist-bike,2019-01-14 06:50:00-07,-76.9853883333333,38.8920516666667
JumpDC-bike_23475,JUMP DC-2610,2019-01-14 06:49:32-07,JumpDC,pedal-assist-bike,2019-01-14 06:50:00-07,-76.98372,38.89269
JumpDC-bike_18837,JUMP DC-0714,2019-01-14 06:49:32-07,JumpDC,pedal-assist-bike,2019-01-14 06:50:00-07,-76.9489233333333,38.89577
JumpDC-bike_23508,JUMP DC-2643,2019-01-14 06:49:32-07,JumpDC,pedal-assist-bike,2019-01-14 06:50:00-07,-76.9981633333333,38.9000066666667
JumpDC-bike_23673,JUMP DC-2708,2019-01-14 06:49:32-07,JumpDC,pedal-assist-bike,2019-01-14 06:50:00-07,-76.9999716666667,38.8973616666667
JumpDC-bike_18899,JUMP DC-0778,2019-01-14 06:49:32-07,JumpDC,pedal-assist-bike,2019-01-14 06:50:00-07,-76.997875,38.90029
JumpDC-bike_23237,JUMP DC-2546,2019-01-14 06:49:32-07,JumpDC,pedal-assist-bike,2019-01-14 06:50:00-07,-76.99212,38.9003266666667
JumpDC-bike_23496,JUMP DC-2631,2019-01-14 06:49:32-07,JumpDC,pedal-assist-bike,2019-01-14 06:50:00-07,-76.9920966666667,38.90027
JumpDC-bike_23452,JUMP DC-2587,2019-01-14 06:49:32-07,JumpDC,pedal-assist-bike,2019-01-14 06:50:00-07,-76.9925666666667,38.8990633333333
JumpDC-bike_23497,JUMP DC-2632,2019-01-14 06:49:32-07,JumpDC,pedal-assist-bike,2019-01-14 06:50:00-07,-76.9936683333333,38.90042
JumpDC-bike_23642,JUMP DC-2677,2019-01-14 06:49:32-07,JumpDC,pedal-assist-bike,2019-01-14 06:50:00-07,-76.9742066666667,38.897455
JumpDC-bike_18851,JUMP DC-0696 (Dummy Controller),2019-01-14 06:49:32-07,JumpDC,pedal-assist-bike,2019-01-14 06:50:00-07,-76.9472766666667,38.8974116666667
JumpDC-bike_18827,JUMP DC-0704,2019-01-14 06:49:32-07,JumpDC,pedal-assist-bike,2019-01-14 06:50:00-07,-76.9465166666667,38.8986533333333
JumpDC-bike_18919,JUMP DC-0798,2019-01-14 06:49:32-07,JumpDC,pedal-assist-bike,2019-01-14 06:50:00-07,-76.9465733333333,38.8986716666667
JumpDC-bike_23156,JUMP DC-2465,2019-01-14 06:49:32-07,JumpDC,pedal-assist-bike,2019-01-14 06:50:00-07,-76.9463866666667,38.8989083333333
JumpDC-bike_23668,JUMP DC-2703,2019-01-14 06:49:32-07,JumpDC,pedal-assist-bike,2019-01-14 06:50:00-07,-76.94647,38.89895
JumpDC-bike_23207,JUMP DC-2516,2019-01-14 06:49:32-07,JumpDC,pedal-assist-bike,2019-01-14 06:50:00-07,-76.945985,38.8993433333333
JumpDC-bike_23194,JUMP DC-2503,2019-01-14 06:49:32-07,JumpDC,pedal-assist-bike,2019-01-14 06:50:00-07,-77.0667416666667,38.9045783333333
JumpDC-bike_18840,JUMP DC-0846,2019-01-14 06:49:32-07,JumpDC,pedal-assist-bike,2019-01-14 06:50:00-07,-77.0611033333333,38.9026816666667
JumpDC-bike_23471,JUMP DC-2606,2019-01-14 06:49:32-07,JumpDC,pedal-assist-bike,2019-01-14 06:50:00-07,-77.0609433333333,38.9023933333333
JumpDC-bike_23215,JUMP DC-2524,2019-01-14 06:49:32-07,JumpDC,pedal-assist-bike,2019-01-14 06:50:00-07,-77.0337966666667,38.9097216666667
JumpDC-bike_18858,JUMP DC-0817,2019-01-14 06:49:32-07,JumpDC,pedal-assist-bike,2019-01-14 06:50:00-07,-77.0297366666667,38.9089283333333
JumpDC-bike_23665,JUMP DC-2700,2019-01-14 06:49:32-07,JumpDC,pedal-assist-bike,2019-01-14 06:50:00-07,-77.02997,38.908985
JumpDC-bike_23663,JUMP DC-2698,2019-01-14 06:49:32-07,JumpDC,pedal-assist-bike,2019-01-14 06:50:00-07,-77.0297733333333,38.9087566666667
JumpDC-bike_18848,JUMP DC-0693,2019-01-14 06:49:32-07,JumpDC,pedal-assist-bike,2019-01-14 06:50:00-07,-77.0295616666667,38.908815
JumpDC-bike_18887,JUMP DC-0764,2019-01-14 06:49:32-07,JumpDC,pedal-assist-bike,2019-01-14 06:50:00-07,-77.03332,38.9097866666667
JumpDC-bike_23153,JUMP DC-2462,2019-01-14 06:49:32-07,JumpDC,pedal-assist-bike,2019-01-14 06:50:00-07,-77.03284,38.90978
JumpDC-bike_16519,JUMP DC-0172,2019-01-14 06:49:32-07,JumpDC,pedal-assist-bike,2019-01-14 06:50:00-07,-77.0221366666667,38.90543
JumpDC-bike_23235,JUMP DC-2544,2019-01-14 06:49:32-07,JumpDC,pedal-assist-bike,2019-01-14 06:50:00-07,-77.0151016666667,38.909135
JumpDC-bike_23629,JUMP DC-2664,2019-01-14 06:49:32-07,JumpDC,pedal-assist-bike,2019-01-14 06:50:00-07,-77.0088483333333,38.90581
JumpDC-bike_23420,JUMP DC-2555,2019-01-14 06:49:32-07,JumpDC,pedal-assist-bike,2019-01-14 06:50:00-07,-77.003375,38.907115
JumpDC-bike_23467,JUMP DC-2602,2019-01-14 06:49:32-07,JumpDC,pedal-assist-bike,2019-01-14 06:50:00-07,-77.0039083333333,38.90627
JumpDC-bike_23651,JUMP DC-2686,2019-01-14 06:49:32-07,JumpDC,pedal-assist-bike,2019-01-14 06:50:00-07,-77.0036283333333,38.9072983333333
JumpDC-bike_23671,JUMP DC-2706,2019-01-14 06:49:32-07,JumpDC,pedal-assist-bike,2019-01-14 06:50:00-07,-77.0033716666667,38.9071016666667
JumpDC-bike_23144,JUMP DC-2453,2019-01-14 06:49:32-07,JumpDC,pedal-assist-bike,2019-01-14 06:50:00-07,-77.0036683333333,38.9073216666667
JumpDC-bike_18912,JUMP DC-0791,2019-01-14 06:49:32-07,JumpDC,pedal-assist-bike,2019-01-14 06:50:00-07,-77.00333,38.90718
JumpDC-bike_23415,JUMP DC-2550,2019-01-14 06:49:32-07,JumpDC,pedal-assist-bike,2019-01-14 06:50:00-07,-77.003275,38.9072383333333
JumpDC-bike_23154,JUMP DC-2463,2019-01-14 06:49:32-07,JumpDC,pedal-assist-bike,2019-01-14 06:50:00-07,-77.074325,38.91252
JumpDC-bike_23676,JUMP DC-2711,2019-01-14 06:49:32-07,JumpDC,pedal-assist-bike,2019-01-14 06:50:00-07,-77.047855,38.913515
JumpDC-bike_18903,JUMP DC-0782,2019-01-14 06:49:32-07,JumpDC,pedal-assist-bike,2019-01-14 06:50:00-07,-77.04412,38.910105
JumpDC-bike_18832,JUMP DC-0709,2019-01-14 06:49:32-07,JumpDC,pedal-assist-bike,2019-01-14 06:50:00-07,-77.035275,38.9183016666667
JumpDC-bike_18878,JUMP DC-0837,2019-01-14 06:49:32-07,JumpDC,pedal-assist-bike,2019-01-14 06:50:00-07,-77.0318616666667,38.9166933333333
JumpDC-bike_23639,JUMP DC-2674,2019-01-14 06:49:32-07,JumpDC,pedal-assist-bike,2019-01-14 06:50:00-07,-77.0287533333333,38.916835
JumpDC-bike_23619,JUMP DC-2654,2019-01-14 06:49:32-07,JumpDC,pedal-assist-bike,2019-01-14 06:50:00-07,-77.0240066666667,38.917565
JumpDC-bike_23509,JUMP DC-2644 ,2019-01-14 06:49:32-07,JumpDC,pedal-assist-bike,2019-01-14 06:50:00-07,-77.0290216666667,38.9169666666667
JumpDC-bike_18865,JUMP DC-0824,2019-01-14 06:49:32-07,JumpDC,pedal-assist-bike,2019-01-14 06:50:00-07,-77.02544,38.9165566666667
JumpDC-bike_18879,JUMP DC-0838,2019-01-14 06:49:32-07,JumpDC,pedal-assist-bike,2019-01-14 06:50:00-07,-77.0290533333333,38.9169183333333
JumpDC-bike_18901,JUMP DC-0780,2019-01-14 06:49:32-07,JumpDC,pedal-assist-bike,2019-01-14 06:50:00-07,-77.028845,38.9169283333333
JumpDC-bike_23512,JUMP DC-2647,2019-01-14 06:49:32-07,JumpDC,pedal-assist-bike,2019-01-14 06:50:00-07,-77.0143383333333,38.9146416666667
JumpDC-bike_23414,JUMP DC-2549,2019-01-14 06:49:32-07,JumpDC,pedal-assist-bike,2019-01-14 06:50:00-07,-77.012245,38.9151283333333
JumpDC-bike_16505,JUMP DC-0191,2019-01-14 06:49:32-07,JumpDC,pedal-assist-bike,2019-01-14 06:50:00-07,-76.9621616666667,38.918705
JumpDC-bike_18896,JUMP DC-0775,2019-01-14 06:49:32-07,JumpDC,pedal-assist-bike,2019-01-14 06:50:00-07,-77.0460566666667,38.9191283333333
JumpDC-bike_23636,JUMP DC-2671,2019-01-14 06:49:32-07,JumpDC,pedal-assist-bike,2019-01-14 06:50:00-07,-77.04281,38.92147
JumpDC-bike_23712,JUMP DC-2747,2019-01-14 06:49:32-07,JumpDC,pedal-assist-bike,2019-01-14 06:50:00-07,-77.0460866666667,38.923325
BirdDC-Y1TA5,Y1TA5,2019-01-14 06:50:09-07,BirdDC,electric-scooter,2019-01-14 06:50:00-07,-77.0393011,38.9189451
BirdDC-FWYI7,FWYI7,2019-01-14 06:50:09-07,BirdDC,electric-scooter,2019-01-14 06:50:00-07,-77.0392879,38.9189784
JumpDC-bike_23149,JUMP DC-2458,2019-01-14 06:49:32-07,JumpDC,pedal-assist-bike,2019-01-14 06:50:00-07,-77.0351466666667,38.9219666666667
JumpDC-bike_23485,JUMP DC-2620,2019-01-14 06:49:32-07,JumpDC,pedal-assist-bike,2019-01-14 06:50:00-07,-77.0241433333333,38.930965
JumpDC-bike_16612,JUMP DC-0247,2019-01-14 06:49:32-07,JumpDC,pedal-assist-bike,2019-01-14 06:50:00-07,-77.0704266666667,38.9347066666667
JumpDC-bike_18930,JUMP DC-0809,2019-01-14 06:49:32-07,JumpDC,pedal-assist-bike,2019-01-14 06:50:00-07,-77.0586133333333,38.9360716666667
JumpDC-bike_23674,JUMP DC-2709,2019-01-14 06:49:32-07,JumpDC,pedal-assist-bike,2019-01-14 06:50:00-07,-77.0585966666667,38.9360166666667
JumpDC-bike_16615,JUMP DC-0250,2019-01-14 06:49:32-07,JumpDC,pedal-assist-bike,2019-01-14 06:50:00-07,-77.055065,38.9354916666667
JumpDC-bike_23648,JUMP DC-2683,2019-01-14 06:49:32-07,JumpDC,pedal-assist-bike,2019-01-14 06:50:00-07,-77.0587283333333,38.9362316666667
JumpDC-bike_23199,JUMP DC-2508,2019-01-14 06:49:32-07,JumpDC,pedal-assist-bike,2019-01-14 06:50:00-07,-77.0413666666667,38.9333916666667
JumpDC-bike_23696,JUMP DC-2731,2019-01-14 06:49:32-07,JumpDC,pedal-assist-bike,2019-01-14 06:50:00-07,-77.0365266666667,38.9363216666667
JumpDC-bike_23227,JUMP DC-2536,2019-01-14 06:49:32-07,JumpDC,pedal-assist-bike,2019-01-14 06:50:00-07,-77.0349716666667,38.9344966666667
JumpDC-bike_18875,JUMP DC-0834,2019-01-14 06:49:32-07,JumpDC,pedal-assist-bike,2019-01-14 06:50:00-07,-77.032635,38.9363816666667
JumpDC-bike_23702,JUMP DC-2737,2019-01-14 06:49:32-07,JumpDC,pedal-assist-bike,2019-01-14 06:50:00-07,-77.03269,38.9325716666667
JumpDC-bike_23228,JUMP DC-2537,2019-01-14 06:49:32-07,JumpDC,pedal-assist-bike,2019-01-14 06:50:00-07,-77.02502,38.93963
JumpDC-bike_23232,JUMP DC-2541,2019-01-14 06:49:32-07,JumpDC,pedal-assist-bike,2019-01-14 06:50:00-07,-77.0170533333333,38.9394766666667
JumpDC-bike_23647,JUMP DC-2682,2019-01-14 06:49:32-07,JumpDC,pedal-assist-bike,2019-01-14 06:50:00-07,-77.0634516666667,38.94442
JumpDC-bike_23489,JUMP DC-2624,2019-01-14 06:49:32-07,JumpDC,pedal-assist-bike,2019-01-14 06:50:00-07,-77.0636066666667,38.944415
JumpDC-bike_16629,JUMP DC-0219,2019-01-14 06:49:32-07,JumpDC,pedal-assist-bike,2019-01-14 06:50:00-07,-77.0634533333333,38.9443683333333
JumpDC-bike_16488,JUMP DC-0214,2019-01-14 06:04:55-07,JumpDC,pedal-assist-bike,2019-01-14 06:05:00-07,-76.9910333333333,38.855475
JumpDC-bike_23432,JUMP DC-2567,2019-01-14 06:04:55-07,JumpDC,pedal-assist-bike,2019-01-14 06:05:00-07,-77.0145883333333,38.8644283333333
JumpDC-bike_23164,JUMP DC-2473,2019-01-14 06:04:55-07,JumpDC,pedal-assist-bike,2019-01-14 06:05:00-07,-76.99551,38.8623233333333
JumpDC-bike_23157,JUMP DC-2466,2019-01-14 06:04:55-07,JumpDC,pedal-assist-bike,2019-01-14 06:05:00-07,-76.995515,38.8623183333333
JumpDC-bike_23634,JUMP DC-2669,2019-01-14 06:04:55-07,JumpDC,pedal-assist-bike,2019-01-14 06:05:00-07,-76.9817716666667,38.8625166666667
SkipDC-352897091432701,"",2019-01-21 06:04:52-07,SkipDC,electric-scooter,2019-01-21 06:05:00-07,-77.021435,38.8773483
JumpDC-bike_23493,JUMP DC-2628,2019-01-21 06:04:24-07,JumpDC,pedal-assist-bike,2019-01-21 06:05:00-07,-76.9950616666667,38.862085
BirdDC-18Z2P,18Z2P,2019-01-21 06:05:05-07,BirdDC,electric-scooter,2019-01-21 06:05:00-07,-76.98722,38.8671883333333
BirdDC-IBCB4,IBCB4,2019-01-21 06:05:05-07,BirdDC,electric-scooter,2019-01-21 06:05:00-07,-76.9851533333333,38.8667833333333
JumpDC-bike_23697,JUMP DC-2732,2019-01-21 06:04:24-07,JumpDC,pedal-assist-bike,2019-01-21 06:05:00-07,-76.98056,38.8650466666667
JumpDC-bike_16598,JUMP DC-0232,2019-01-21 06:04:24-07,JumpDC,pedal-assist-bike,2019-01-21 06:05:00-07,-77.0107116666667,38.8713733333333
SkipDC-352897090472260,"",2019-01-21 06:04:52-07,SkipDC,electric-scooter,2019-01-21 06:05:00-07,-77.0056533,38.8737517
JumpDC-bike_23483,JUMP DC-2618,2019-01-21 06:04:24-07,JumpDC,pedal-assist-bike,2019-01-21 06:05:00-07,-77.0231983333333,38.8784916666667
JumpDC-bike_18928,JUMP DC-0807,2019-01-21 06:04:24-07,JumpDC,pedal-assist-bike,2019-01-21 06:05:00-07,-77.02307,38.87861
JumpDC-bike_23633,JUMP DC-2668,2019-01-21 06:04:24-07,JumpDC,pedal-assist-bike,2019-01-21 06:05:00-07,-77.023055,38.878645
BirdDC-NN3KL,NN3KL,2019-01-21 06:05:05-07,BirdDC,electric-scooter,2019-01-21 06:05:00-07,-77.0176316666667,38.8791116666667
JumpDC-bike_23203,JUMP DC-2512,2019-01-21 06:04:24-07,JumpDC,pedal-assist-bike,2019-01-21 06:05:00-07,-77.0053483333333,38.8805116666667
JumpDC-bike_23485,JUMP DC-2620,2019-01-21 06:04:24-07,JumpDC,pedal-assist-bike,2019-01-21 06:05:00-07,-77.0009483333333,38.881205
JumpDC-bike_16633,JUMP DC-0225,2019-01-21 06:04:24-07,JumpDC,pedal-assist-bike,2019-01-21 06:05:00-07,-77.0022266666667,38.8792466666667
SkipDC-352897091275688,"",2019-01-21 06:04:52-07,SkipDC,electric-scooter,2019-01-21 06:05:00-07,-77.0043266,38.8794747
JumpDC-bike_23654,JUMP DC-2689,2019-01-21 06:04:24-07,JumpDC,pedal-assist-bike,2019-01-21 06:05:00-07,-76.9950766666667,38.8809683333333
JumpDC-bike_18849,JUMP DC-0694,2019-01-21 06:04:24-07,JumpDC,pedal-assist-bike,2019-01-21 06:05:00-07,-76.9903266666667,38.8801833333333
BirdDC-WP8HA,WP8HA,2019-01-21 06:05:05-07,BirdDC,electric-scooter,2019-01-21 06:05:00-07,-77.0436333333333,38.8871116666667
SkipDC-352897091025620,"",2019-01-21 06:04:52-07,SkipDC,electric-scooter,2019-01-21 06:05:00-07,-77.0452517,38.8865417
BirdDC-EUG6C,EUG6C,2019-01-21 06:05:05-07,BirdDC,electric-scooter,2019-01-21 06:05:00-07,-77.0448916666667,38.8850783333333
SkipDC-352897090561740,"",2019-01-21 06:04:52-07,SkipDC,electric-scooter,2019-01-21 06:05:00-07,-77.0285983,38.8872833
SkipDC-352897091427982,"",2019-01-21 06:04:52-07,SkipDC,electric-scooter,2019-01-21 06:05:00-07,-77.0287317,38.8849917
SkipDC-352897091462484,"",2019-01-21 06:04:52-07,SkipDC,electric-scooter,2019-01-21 06:05:00-07,-77.0215267,38.88598
SkipDC-352897091456346,"",2019-01-21 06:04:52-07,SkipDC,electric-scooter,2019-01-21 06:05:00-07,-77.0214521,38.8860661
SkipDC-352897091292048,"",2019-01-21 06:04:52-07,SkipDC,electric-scooter,2019-01-21 06:05:00-07,-77.0199167,38.8860567
SkipDC-352897091272867,"",2019-01-21 06:04:52-07,SkipDC,electric-scooter,2019-01-21 06:05:00-07,-77.02184,38.88627
JumpDC-bike_23188,JUMP DC-2497,2019-01-21 06:04:24-07,JumpDC,pedal-assist-bike,2019-01-21 06:05:00-07,-77.019355,38.884735
JumpDC-bike_16501,JUMP DC-0188,2019-01-21 06:04:24-07,JumpDC,pedal-assist-bike,2019-01-21 06:05:00-07,-77.0177816666667,38.8860316666667
SkipDC-352897091279623,"",2019-01-21 06:04:52-07,SkipDC,electric-scooter,2019-01-21 06:05:00-07,-77.0214187,38.8858913
SkipDC-352897091281165,"",2019-01-21 06:04:52-07,SkipDC,electric-scooter,2019-01-21 06:05:00-07,-77.02165,38.8862717
SkipDC-352897091279904,"",2019-01-21 06:04:52-07,SkipDC,electric-scooter,2019-01-21 06:05:00-07,-77.0202791,38.8863316
SkipDC-352897091382062,"",2019-01-21 06:04:52-07,SkipDC,electric-scooter,2019-01-21 06:05:00-07,-77.0192027,38.8872075
JumpDC-bike_16491,JUMP DC-0178,2019-01-21 06:04:24-07,JumpDC,pedal-assist-bike,2019-01-21 06:05:00-07,-77.01534,38.8849633333333
SkipDC-352897091431182,"",2019-01-21 06:04:52-07,SkipDC,electric-scooter,2019-01-21 06:05:00-07,-77.0059486,38.8853492
SkipDC-352897091386428,"",2019-01-21 06:04:52-07,SkipDC,electric-scooter,2019-01-21 06:05:00-07,-77.0021567,38.8848883
SkipDC-352897091273006,"",2019-01-21 06:04:52-07,SkipDC,electric-scooter,2019-01-21 06:05:00-07,-77.0017267,38.8860933
JumpDC-bike_23189,JUMP DC-2498,2019-01-21 06:04:24-07,JumpDC,pedal-assist-bike,2019-01-21 06:05:00-07,-76.9955616666667,38.88383
JumpDC-bike_23706,JUMP DC-2741,2019-01-21 06:04:24-07,JumpDC,pedal-assist-bike,2019-01-21 06:05:00-07,-76.9959266666667,38.883705
JumpDC-bike_23154,JUMP DC-2463,2019-01-21 06:04:24-07,JumpDC,pedal-assist-bike,2019-01-21 06:05:00-07,-76.9959516666667,38.8843583333333
JumpDC-bike_23164,JUMP DC-2473,2019-01-21 06:04:24-07,JumpDC,pedal-assist-bike,2019-01-21 06:05:00-07,-76.9959566666667,38.8843383333333
JumpDC-bike_18835,JUMP DC-0712,2019-01-21 06:04:24-07,JumpDC,pedal-assist-bike,2019-01-21 06:05:00-07,-76.995915,38.8843283333333
JumpDC-bike_23130,JUMP DC-0820,2019-01-21 06:04:24-07,JumpDC,pedal-assist-bike,2019-01-21 06:05:00-07,-76.9878,38.8868916666667
BirdDC-9DQST,9DQST,2019-01-21 06:05:05-07,BirdDC,electric-scooter,2019-01-21 06:05:00-07,-77.0491866666667,38.8894466666667
SkipDC-352897091392004,"",2019-01-21 06:04:52-07,SkipDC,electric-scooter,2019-01-21 06:05:00-07,-77.0403067,38.8886117
SkipDC-352897091381429,"",2019-01-21 06:04:52-07,SkipDC,electric-scooter,2019-01-21 06:05:00-07,-77.0369317,38.8895117
SkipDC-352897090567465,"",2019-01-21 06:04:52-07,SkipDC,electric-scooter,2019-01-21 06:05:00-07,-77.0380217,38.8918733
SkipDC-352897090559124,"",2019-01-21 06:04:52-07,SkipDC,electric-scooter,2019-01-21 06:05:00-07,-77.0332417,38.8900467
JumpDC-bike_23677,JUMP DC-2712,2019-01-21 06:04:24-07,JumpDC,pedal-assist-bike,2019-01-21 06:05:00-07,-77.02582,38.89053
SkipDC-352897091391865,"",2019-01-21 06:04:52-07,SkipDC,electric-scooter,2019-01-21 06:05:00-07,-77.028555,38.887395
SkipDC-352897091294184,"",2019-01-21 06:04:52-07,SkipDC,electric-scooter,2019-01-21 06:05:00-07,-77.0285459,38.8873972
SkipDC-352897091274624,"",2019-01-21 06:04:52-07,SkipDC,electric-scooter,2019-01-21 06:05:00-07,-77.0285767,38.8887817
SkipDC-352897091430143,"",2019-01-21 06:04:52-07,SkipDC,electric-scooter,2019-01-21 06:05:00-07,-77.0283033,38.8890733
SkipDC-352897091392269,"",2019-01-21 06:04:52-07,SkipDC,electric-scooter,2019-01-21 06:05:00-07,-77.025985,38.8904617
SkipDC-352897091427388,"",2019-01-21 06:04:52-07,SkipDC,electric-scooter,2019-01-21 06:05:00-07,-77.0195717,38.8900467
BirdDC-GNBWN,GNBWN,2019-01-21 06:05:05-07,BirdDC,electric-scooter,2019-01-21 06:05:00-07,-77.0127716666667,38.888775
SkipDC-352897091381221,"",2019-01-21 06:04:52-07,SkipDC,electric-scooter,2019-01-21 06:05:00-07,-77.0129833,38.8906717
JumpDC-bike_16634,JUMP DC-0226,2019-01-21 06:04:24-07,JumpDC,pedal-assist-bike,2019-01-21 06:05:00-07,-76.9988366666667,38.8898133333333
JumpDC-bike_18858,JUMP DC-0817,2019-01-21 06:04:24-07,JumpDC,pedal-assist-bike,2019-01-21 06:05:00-07,-77.048745,38.8928283333333
SkipDC-352897090568729,"",2019-01-21 06:04:52-07,SkipDC,electric-scooter,2019-01-21 06:05:00-07,-77.0487383,38.89245
SkipDC-352897090467245,"",2019-01-21 06:04:52-07,SkipDC,electric-scooter,2019-01-21 06:05:00-07,-77.0487217,38.89254
SkipDC-352897091433006,"",2019-01-21 06:04:52-07,SkipDC,electric-scooter,2019-01-21 06:05:00-07,-77.046125,38.8922967
SkipDC-352897090562524,"",2019-01-21 06:04:52-07,SkipDC,electric-scooter,2019-01-21 06:05:00-07,-77.046975,38.89495
BirdDC-A78UR,A78UR,2019-01-21 06:05:05-07,BirdDC,electric-scooter,2019-01-21 06:05:00-07,-77.04161,38.8927266666667
BirdDC-V9I32,V9I32,2019-01-21 06:05:05-07,BirdDC,electric-scooter,2019-01-21 06:05:00-07,-77.0449833333333,38.89473
SkipDC-352897090484364,"",2019-01-21 06:04:52-07,SkipDC,electric-scooter,2019-01-21 06:05:00-07,-77.0169217,38.874585
SkipDC-352897090558662,"",2019-01-21 06:04:52-07,SkipDC,electric-scooter,2019-01-21 06:05:00-07,-77.046855,38.894935
SkipDC-352897091428006,"",2019-01-21 06:04:52-07,SkipDC,electric-scooter,2019-01-21 06:05:00-07,-77.0395717,38.8929183
SkipDC-352897091391543,"",2019-01-21 06:04:52-07,SkipDC,electric-scooter,2019-01-21 06:05:00-07,-77.0383433,38.893335
JumpDC-bike_18868,JUMP DC-0827,2019-01-21 06:04:24-07,JumpDC,pedal-assist-bike,2019-01-21 06:05:00-07,-77.03247,38.8961416666667
SkipDC-352897091383862,"",2019-01-21 06:04:52-07,SkipDC,electric-scooter,2019-01-21 06:05:00-07,-77.0284233,38.89194
SkipDC-352897090463061,"",2019-01-21 06:04:52-07,SkipDC,electric-scooter,2019-01-21 06:05:00-07,-77.0283333,38.89202
SkipDC-352897091291669,"",2019-01-21 06:04:52-07,SkipDC,electric-scooter,2019-01-21 06:05:00-07,-77.0285017,38.893995
SkipDC-352897091428147,"",2019-01-21 06:04:52-07,SkipDC,electric-scooter,2019-01-21 06:05:00-07,-77.0261467,38.8960267
JumpDC-bike_23497,JUMP DC-2632,2019-01-21 06:04:24-07,JumpDC,pedal-assist-bike,2019-01-21 06:05:00-07,-77.022575,38.8939566666667
JumpDC-bike_23176,JUMP DC-2485,2019-01-21 06:04:24-07,JumpDC,pedal-assist-bike,2019-01-21 06:05:00-07,-77.0219916666667,38.89423
JumpDC-bike_18909,JUMP DC-0788,2019-01-21 06:04:24-07,JumpDC,pedal-assist-bike,2019-01-21 06:05:00-07,-77.0220066666667,38.89368
SkipDC-352897090517403,"",2019-01-21 06:04:52-07,SkipDC,electric-scooter,2019-01-21 06:05:00-07,-77.0224417,38.8930309
SkipDC-352897091273907,"",2019-01-21 06:04:52-07,SkipDC,electric-scooter,2019-01-21 06:05:00-07,-77.0229907,38.8949326
SkipDC-352897090502744,"",2019-01-21 06:04:52-07,SkipDC,electric-scooter,2019-01-21 06:05:00-07,-77.02193,38.894895
SkipDC-352897090530802,"",2019-01-21 06:04:52-07,SkipDC,electric-scooter,2019-01-21 06:05:00-07,-77.0175783,38.8923033
SkipDC-352897091432321,"",2019-01-21 06:04:52-07,SkipDC,electric-scooter,2019-01-21 06:05:00-07,-77.006205,38.8936317
SkipDC-352897090521827,"",2019-01-21 06:04:52-07,SkipDC,electric-scooter,2019-01-21 06:05:00-07,-77.0062567,38.8934783
JumpDC-bike_16503,JUMP DC-0200,2019-01-21 06:04:24-07,JumpDC,pedal-assist-bike,2019-01-21 06:05:00-07,-76.9721866666667,38.8955783333333
SkipDC-352897091274863,"",2019-01-21 06:04:52-07,SkipDC,electric-scooter,2019-01-21 06:05:00-07,-77.0168617,38.87468
BirdDC-U2X7A,U2X7A,2019-01-21 06:05:05-07,BirdDC,electric-scooter,2019-01-21 06:05:00-07,-77.0558616666667,38.90038
JumpDC-bike_23630,JUMP DC-2665,2019-01-21 06:04:24-07,JumpDC,pedal-assist-bike,2019-01-21 06:05:00-07,-77.0493616666667,38.9008533333333
SkipDC-352897091274129,"",2019-01-21 06:04:52-07,SkipDC,electric-scooter,2019-01-21 06:05:00-07,-77.0492517,38.8981917
SkipDC-352897091291768,"",2019-01-21 06:04:52-07,SkipDC,electric-scooter,2019-01-21 06:05:00-07,-77.0492783,38.8982467
BirdDC-F45JN,F45JN,2019-01-21 06:05:05-07,BirdDC,electric-scooter,2019-01-21 06:05:00-07,-77.05053,38.898445
BirdDC-EY2KI,EY2KI,2019-01-21 06:05:05-07,BirdDC,electric-scooter,2019-01-21 06:05:00-07,-77.0497283333333,38.8977816666667
SkipDC-352897091310709,"",2019-01-21 06:04:52-07,SkipDC,electric-scooter,2019-01-21 06:05:00-07,-77.046755,38.900285
SkipDC-352897091386360,"",2019-01-21 06:04:52-07,SkipDC,electric-scooter,2019-01-21 06:05:00-07,-77.0462596,38.900664
BirdDC-9VHCU,9VHCU,2019-01-21 06:05:05-07,BirdDC,electric-scooter,2019-01-21 06:05:00-07,-77.0466466666667,38.900765
BirdDC-TX3LR,TX3LR,2019-01-21 06:05:05-07,BirdDC,electric-scooter,2019-01-21 06:05:00-07,-77.043305,38.8966183333333
JumpDC-bike_23617,JUMP DC-2652,2019-01-21 06:04:24-07,JumpDC,pedal-assist-bike,2019-01-21 06:05:00-07,-77.0466616666667,38.897275
BirdDC-395LM,395LM,2019-01-21 06:05:05-07,BirdDC,electric-scooter,2019-01-21 06:05:00-07,-77.04496,38.8972433333333
SkipDC-352897091387624,"",2019-01-21 06:04:52-07,SkipDC,electric-scooter,2019-01-21 06:05:00-07,-77.0138539,38.8756712
BirdDC-1BX55,1BX55,2019-01-21 06:05:05-07,BirdDC,electric-scooter,2019-01-21 06:05:00-07,-77.0393683333333,38.900135
JumpDC-bike_18855,JUMP DC-0691,2019-01-21 06:04:24-07,JumpDC,pedal-assist-bike,2019-01-21 06:05:00-07,-77.0404983333333,38.8984416666667
JumpDC-bike_23674,JUMP DC-2709,2019-01-21 06:04:24-07,JumpDC,pedal-assist-bike,2019-01-21 06:05:00-07,-77.0406016666667,38.8984633333333
JumpDC-bike_18831,JUMP DC-0708,2019-01-21 06:04:24-07,JumpDC,pedal-assist-bike,2019-01-21 06:05:00-07,-77.0403583333333,38.8985183333333
SkipDC-352897091328040,"",2019-01-21 06:04:52-07,SkipDC,electric-scooter,2019-01-21 06:05:00-07,-77.011355,38.8754833
SkipDC-352897091384381,"",2019-01-21 06:04:52-07,SkipDC,electric-scooter,2019-01-21 06:05:00-07,-77.0351967,38.9000367
SkipDC-352897091387244,"",2019-01-21 06:04:52-07,SkipDC,electric-scooter,2019-01-21 06:05:00-07,-77.03527,38.900125
JumpDC-bike_23618,JUMP DC-2653,2019-01-21 06:04:24-07,JumpDC,pedal-assist-bike,2019-01-21 06:05:00-07,-77.0271166666667,38.9001716666667
JumpDC-bike_18874,JUMP DC-0833,2019-01-21 06:04:24-07,JumpDC,pedal-assist-bike,2019-01-21 06:05:00-07,-77.019505,38.8982866666667
JumpDC-bike_18840,JUMP DC-0846,2019-01-21 06:04:24-07,JumpDC,pedal-assist-bike,2019-01-21 06:05:00-07,-77.0198183333333,38.8985666666667
SkipDC-352897090457824,"",2019-01-21 06:04:52-07,SkipDC,electric-scooter,2019-01-21 06:05:00-07,-77.0218017,38.8986
SkipDC-352897091275001,"",2019-01-21 06:04:52-07,SkipDC,electric-scooter,2019-01-21 06:05:00-07,-77.0192696,38.8983527
SkipDC-352897090437164,"",2019-01-21 06:04:52-07,SkipDC,electric-scooter,2019-01-21 06:05:00-07,-77.018025,38.897585
BirdDC-82F1F,82F1F,2019-01-21 06:05:05-07,BirdDC,electric-scooter,2019-01-21 06:05:00-07,-77.012055,38.9002766666667
JumpDC-bike_23469,JUMP DC-2604,2019-01-21 06:04:24-07,JumpDC,pedal-assist-bike,2019-01-21 06:05:00-07,-77.0123183333333,38.8993416666667
JumpDC-bike_23449,JUMP DC-2584,2019-01-21 06:04:24-07,JumpDC,pedal-assist-bike,2019-01-21 06:05:00-07,-77.00491,38.896865
JumpDC-bike_23150,JUMP DC-2459,2019-01-21 06:04:24-07,JumpDC,pedal-assist-bike,2019-01-21 06:05:00-07,-77.0052566666667,38.8964233333333
JumpDC-bike_23199,JUMP DC-2508,2019-01-21 06:04:24-07,JumpDC,pedal-assist-bike,2019-01-21 06:05:00-07,-77.0049283333333,38.8968783333333
SkipDC-352897091391469,"",2019-01-21 06:04:52-07,SkipDC,electric-scooter,2019-01-21 06:05:00-07,-77.0006242,38.8967344
SkipDC-352897090563860,"",2019-01-21 06:04:52-07,SkipDC,electric-scooter,2019-01-21 06:05:00-07,-77.0020633,38.9000317
JumpDC-bike_18822,JUMP DC-0699,2019-01-21 06:04:24-07,JumpDC,pedal-assist-bike,2019-01-21 06:05:00-07,-76.99616,38.897475
JumpDC-bike_23467,JUMP DC-2602,2019-01-21 06:04:24-07,JumpDC,pedal-assist-bike,2019-01-21 06:05:00-07,-76.9973833333333,38.8993416666667
JumpDC-bike_23432,JUMP DC-2567,2019-01-21 06:04:24-07,JumpDC,pedal-assist-bike,2019-01-21 06:05:00-07,-77.0033683333333,38.8769483333333
BirdDC-B33HA,B33HA,2019-01-21 06:05:05-07,BirdDC,electric-scooter,2019-01-21 06:05:00-07,-76.9744183333333,38.8971816666667
BirdDC-YBL8M,YBL8M,2019-01-21 06:05:05-07,BirdDC,electric-scooter,2019-01-21 06:05:00-07,-76.9743266666667,38.8972016666667
BirdDC-47F2V,47F2V,2019-01-21 06:05:05-07,BirdDC,electric-scooter,2019-01-21 06:05:00-07,-76.9744183333333,38.897095
JumpDC-bike_23212,JUMP DC-2521,2019-01-21 06:04:24-07,JumpDC,pedal-assist-bike,2019-01-21 06:05:00-07,-76.946775,38.8976583333333
JumpDC-bike_18903,JUMP DC-0782,2019-01-21 06:04:24-07,JumpDC,pedal-assist-bike,2019-01-21 06:05:00-07,-76.946445,38.89896
BirdDC-1GDGZ,1GDGZ,2019-01-21 06:05:05-07,BirdDC,electric-scooter,2019-01-21 06:05:00-07,-77.0661166666667,38.90358
BirdDC-EUBN8,EUBN8,2019-01-21 06:05:05-07,BirdDC,electric-scooter,2019-01-21 06:05:00-07,-77.0660483333333,38.9047233333333
BirdDC-MEBFD,MEBFD,2019-01-21 06:05:05-07,BirdDC,electric-scooter,2019-01-21 06:05:00-07,-77.0659183333333,38.9050666666667
BirdDC-BU4XJ,BU4XJ,2019-01-21 06:05:05-07,BirdDC,electric-scooter,2019-01-21 06:05:00-07,-77.0591433333333,38.90416
SkipDC-352897091381403,"",2019-01-21 06:04:52-07,SkipDC,electric-scooter,2019-01-21 06:05:00-07,-77.0590152,38.9010613
BirdDC-V35Q6,V35Q6,2019-01-21 06:05:05-07,BirdDC,electric-scooter,2019-01-21 06:05:00-07,-77.06266,38.9036633333333
BirdDC-7FWC3,7FWC3,2019-01-21 06:05:05-07,BirdDC,electric-scooter,2019-01-21 06:05:00-07,-77.061485,38.905185
BirdDC-7XYR1,7XYR1,2019-01-21 06:05:05-07,BirdDC,electric-scooter,2019-01-21 06:05:00-07,-77.061165,38.9019166666667
JumpDC-bike_23179,JUMP DC-2488,2019-01-21 06:04:24-07,JumpDC,pedal-assist-bike,2019-01-21 06:05:00-07,-77.0042716666667,38.8766166666667
JumpDC-bike_23431,JUMP DC-2566,2019-01-21 06:04:24-07,JumpDC,pedal-assist-bike,2019-01-21 06:05:00-07,-77.0616266666667,38.902485
JumpDC-bike_23414,JUMP DC-2549,2019-01-21 06:04:24-07,JumpDC,pedal-assist-bike,2019-01-21 06:05:00-07,-77.0609766666667,38.9022983333333
JumpDC-bike_23227,JUMP DC-2536,2019-01-21 06:04:24-07,JumpDC,pedal-assist-bike,2019-01-21 06:05:00-07,-77.0625816666667,38.9023533333333
SkipDC-352897091432842,"",2019-01-21 06:04:52-07,SkipDC,electric-scooter,2019-01-21 06:05:00-07,-77.0635757,38.904238
SkipDC-352897091325707,"",2019-01-21 06:04:52-07,SkipDC,electric-scooter,2019-01-21 06:05:00-07,-77.061345,38.9052117
SkipDC-352897091327984,"",2019-01-21 06:04:52-07,SkipDC,electric-scooter,2019-01-21 06:05:00-07,-77.0580121,38.905279
SkipDC-352897091384506,"",2019-01-21 06:04:52-07,SkipDC,electric-scooter,2019-01-21 06:05:00-07,-77.0569333,38.9050967
BirdDC-XH664,XH664,2019-01-21 06:05:05-07,BirdDC,electric-scooter,2019-01-21 06:05:00-07,-77.0547183333333,38.9027933333333
JumpDC-bike_18927,JUMP DC-0806,2019-01-21 06:04:24-07,JumpDC,pedal-assist-bike,2019-01-21 06:05:00-07,-77.0513016666667,38.9039816666667
JumpDC-bike_23616,JUMP DC-2651,2019-01-21 06:04:24-07,JumpDC,pedal-assist-bike,2019-01-21 06:05:00-07,-77.0516066666667,38.9036883333333
SkipDC-352897091273089,"",2019-01-21 06:04:52-07,SkipDC,electric-scooter,2019-01-21 06:05:00-07,-77.0517,38.9052916
SkipDC-352897091333966,"",2019-01-21 06:04:52-07,SkipDC,electric-scooter,2019-01-21 06:05:00-07,-77.0515217,38.9052767
SkipDC-352897091457286,"",2019-01-21 06:04:52-07,SkipDC,electric-scooter,2019-01-21 06:05:00-07,-77.05151,38.9052917
JumpDC-bike_16495,JUMP DC-0182,2019-01-21 06:04:24-07,JumpDC,pedal-assist-bike,2019-01-21 06:05:00-07,-77.0514016666667,38.903565
SkipDC-352897091462385,"",2019-01-21 06:04:52-07,SkipDC,electric-scooter,2019-01-21 06:05:00-07,-77.05159,38.9050967
SkipDC-352897091455421,"",2019-01-21 06:04:52-07,SkipDC,electric-scooter,2019-01-21 06:05:00-07,-77.0515436,38.9050246
SkipDC-352897091401847,"",2019-01-21 06:04:52-07,SkipDC,electric-scooter,2019-01-21 06:05:00-07,-77.0514929,38.9050787
SkipDC-352897091280449,"",2019-01-21 06:04:52-07,SkipDC,electric-scooter,2019-01-21 06:05:00-07,-77.0515333,38.9052133
SkipDC-352897091279722,"",2019-01-21 06:04:52-07,SkipDC,electric-scooter,2019-01-21 06:05:00-07,-77.0514323,38.9052268
JumpDC-bike_23171,JUMP DC-2480,2019-01-21 06:04:24-07,JumpDC,pedal-assist-bike,2019-01-21 06:05:00-07,-77.0034183333333,38.87729
SkipDC-352897091280043,"",2019-01-21 06:04:52-07,SkipDC,electric-scooter,2019-01-21 06:05:00-07,-77.0515083,38.9052733
BirdDC-UY213,UY213,2019-01-21 06:05:05-07,BirdDC,electric-scooter,2019-01-21 06:05:00-07,-77.050895,38.9028666666667
BirdDC-19VXY,19VXY,2019-01-21 06:05:05-07,BirdDC,electric-scooter,2019-01-21 06:05:00-07,-77.0449066666667,38.9038433333333
JumpDC-bike_23712,JUMP DC-2747,2019-01-21 06:04:24-07,JumpDC,pedal-assist-bike,2019-01-21 06:05:00-07,-77.04177,38.901535
BirdDC-3B24Q,3B24Q,2019-01-21 06:05:05-07,BirdDC,electric-scooter,2019-01-21 06:05:00-07,-77.0416394,38.9012058
JumpDC-bike_23681,JUMP DC-2716,2019-01-21 06:04:24-07,JumpDC,pedal-assist-bike,2019-01-21 06:05:00-07,-77.044965,38.9039483333333
JumpDC-bike_23159,JUMP DC-2468,2019-01-21 06:04:24-07,JumpDC,pedal-assist-bike,2019-01-21 06:05:00-07,-77.043305,38.9036883333333
SkipDC-352897091291545,"",2019-01-21 06:04:52-07,SkipDC,electric-scooter,2019-01-21 06:05:00-07,-77.0454723,38.9026857
JumpDC-bike_18933,JUMP DC-0812,2019-01-21 06:04:24-07,JumpDC,pedal-assist-bike,2019-01-21 06:05:00-07,-77.0396933333333,38.9033033333333
JumpDC-bike_18911,JUMP DC-0790,2019-01-21 06:04:24-07,JumpDC,pedal-assist-bike,2019-01-21 06:05:00-07,-77.0397233333333,38.90331
JumpDC-bike_23194,JUMP DC-2503,2019-01-21 06:04:24-07,JumpDC,pedal-assist-bike,2019-01-21 06:05:00-07,-77.04009,38.9035016666667
JumpDC-bike_23625,JUMP DC-2660,2019-01-21 06:04:24-07,JumpDC,pedal-assist-bike,2019-01-21 06:05:00-07,-77.0373066666667,38.9023933333333
BirdDC-T3CFE,T3CFE,2019-01-21 06:05:05-07,BirdDC,electric-scooter,2019-01-21 06:05:00-07,-77.0397901062428,38.903275718892
BirdDC-BUKC1,BUKC1,2019-01-21 06:05:05-07,BirdDC,electric-scooter,2019-01-21 06:05:00-07,-77.0389633333333,38.9029383333333
JumpDC-bike_23624,JUMP DC-2659,2019-01-21 06:04:24-07,JumpDC,pedal-assist-bike,2019-01-21 06:05:00-07,-77.0305566666667,38.90272
SkipDC-352897091273949,"",2019-01-21 06:04:52-07,SkipDC,electric-scooter,2019-01-21 06:05:00-07,-77.033595,38.901475
JumpDC-bike_23167,JUMP DC-2476,2019-01-21 06:04:24-07,JumpDC,pedal-assist-bike,2019-01-21 06:05:00-07,-77.030285,38.9025183333333
JumpDC-bike_23997,JUMP DC-2455,2019-01-21 06:04:24-07,JumpDC,pedal-assist-bike,2019-01-21 06:05:00-07,-77.0042166666667,38.876395
JumpDC-bike_18895,JUMP DC-0774,2019-01-21 06:04:24-07,JumpDC,pedal-assist-bike,2019-01-21 06:05:00-07,-77.033565,38.902815
SkipDC-352897090563944,"",2019-01-21 06:04:52-07,SkipDC,electric-scooter,2019-01-21 06:05:00-07,-77.0339967,38.9016
SkipDC-352897090537849,"",2019-01-21 06:04:52-07,SkipDC,electric-scooter,2019-01-21 06:05:00-07,-77.0350371,38.9050435
SkipDC-352897091275183,"",2019-01-21 06:04:52-07,SkipDC,electric-scooter,2019-01-21 06:05:00-07,-77.02949,38.904335
SkipDC-352897091391287,"",2019-01-21 06:04:52-07,SkipDC,electric-scooter,2019-01-21 06:05:00-07,-77.02688,38.9052783
SkipDC-352897091314727,"",2019-01-21 06:04:52-07,SkipDC,electric-scooter,2019-01-21 06:05:00-07,-77.0260893,38.9049305
SkipDC-352897090558449,"",2019-01-21 06:04:52-07,SkipDC,electric-scooter,2019-01-21 06:05:00-07,-77.02388,38.9028133
BirdDC-6KAF4,6KAF4,2019-01-21 06:05:05-07,BirdDC,electric-scooter,2019-01-21 06:05:00-07,-77.024895,38.9038933333333
BirdDC-KEZE7,KEZE7,2019-01-21 06:05:05-07,BirdDC,electric-scooter,2019-01-21 06:05:00-07,-77.0288316666667,38.901585
JumpDC-bike_16502,JUMP DC-0189,2019-01-21 06:04:24-07,JumpDC,pedal-assist-bike,2019-01-21 06:05:00-07,-77.0243283333333,38.9020066666667
JumpDC-bike_16625,JUMP DC-0230 ,2019-01-21 06:04:24-07,JumpDC,pedal-assist-bike,2019-01-21 06:05:00-07,-77.0190133333333,38.9034283333333
JumpDC-bike_17237,JUMP DC-0239,2019-01-21 06:04:24-07,JumpDC,pedal-assist-bike,2019-01-21 06:05:00-07,-77.0196266666667,38.9044366666667
JumpDC-bike_81152,JUMP DC-2569,2019-01-21 06:04:24-07,JumpDC,pedal-assist-bike,2019-01-21 06:05:00-07,-77.0169383333333,38.9026566666667
SkipDC-352897091200561,"",2019-01-21 06:04:52-07,SkipDC,electric-scooter,2019-01-21 06:05:00-07,-77.01635,38.904625
BirdDC-YS56R,YS56R,2019-01-21 06:05:05-07,BirdDC,electric-scooter,2019-01-21 06:05:00-07,-77.0171133333333,38.9051816666667
JumpDC-bike_23660,JUMP DC-2695,2019-01-21 06:04:24-07,JumpDC,pedal-assist-bike,2019-01-21 06:05:00-07,-77.0174766666667,38.9025
BirdDC-4SV6S,4SV6S,2019-01-21 06:05:05-07,BirdDC,electric-scooter,2019-01-21 06:05:00-07,-77.0089416666667,38.9016033333333
JumpDC-bike_23419,JUMP DC-2554,2019-01-21 06:04:24-07,JumpDC,pedal-assist-bike,2019-01-21 06:05:00-07,-77.0117216666667,38.9025883333333
JumpDC-bike_23471,JUMP DC-2606,2019-01-21 06:04:24-07,JumpDC,pedal-assist-bike,2019-01-21 06:05:00-07,-77.0054233333333,38.9027166666667
SkipDC-352897091387202,"",2019-01-21 06:04:52-07,SkipDC,electric-scooter,2019-01-21 06:05:00-07,-77.0009633,38.9015417
SkipDC-352897091387020,"",2019-01-21 06:04:52-07,SkipDC,electric-scooter,2019-01-21 06:05:00-07,-77.024715,38.8798617
BirdDC-GYR5Q,GYR5Q,2019-01-21 06:05:05-07,BirdDC,electric-scooter,2019-01-21 06:05:00-07,-76.98294,38.9019516666667
JumpDC-bike_23623,JUMP DC-2658,2019-01-21 06:04:24-07,JumpDC,pedal-assist-bike,2019-01-21 06:05:00-07,-76.9776833333333,38.9025966666667
BirdDC-LQ22Y,LQ22Y,2019-01-21 06:05:05-07,BirdDC,electric-scooter,2019-01-21 06:05:00-07,-77.0717466666667,38.9066966666667
BirdDC-EF1VC,EF1VC,2019-01-21 06:05:05-07,BirdDC,electric-scooter,2019-01-21 06:05:00-07,-77.0743183333333,38.9071533333333
BirdDC-UC7NA,UC7NA,2019-01-21 06:05:05-07,BirdDC,electric-scooter,2019-01-21 06:05:00-07,-77.0647283333333,38.9098666666667
BirdDC-KX3TP,KX3TP,2019-01-21 06:05:05-07,BirdDC,electric-scooter,2019-01-21 06:05:00-07,-77.0697933333333,38.9077333333333
BirdDC-73EGZ,73EGZ,2019-01-21 06:05:05-07,BirdDC,electric-scooter,2019-01-21 06:05:00-07,-77.0698016666667,38.9076916666667
BirdDC-ETWU4,ETWU4,2019-01-21 06:05:05-07,BirdDC,electric-scooter,2019-01-21 06:05:00-07,-77.06343,38.906815
BirdDC-79HT1,79HT1,2019-01-21 06:05:05-07,BirdDC,electric-scooter,2019-01-21 06:05:00-07,-77.0646666666667,38.909855
JumpDC-bike_16492,JUMP DC-0179,2019-01-21 06:04:24-07,JumpDC,pedal-assist-bike,2019-01-21 06:05:00-07,-77.0547833333333,38.9094483333333
SkipDC-352897090465603,"",2019-01-21 06:04:52-07,SkipDC,electric-scooter,2019-01-21 06:05:00-07,-77.05303,38.9062217
BirdDC-F7S7P,F7S7P,2019-01-21 06:05:05-07,BirdDC,electric-scooter,2019-01-21 06:05:00-07,-77.056,38.906055
BirdDC-5WBFA,5WBFA,2019-01-21 06:05:05-07,BirdDC,electric-scooter,2019-01-21 06:05:00-07,-77.0578083333333,38.9056316666667
SkipDC-352897090520282,"",2019-01-21 06:04:52-07,SkipDC,electric-scooter,2019-01-21 06:05:00-07,-77.0246027,38.8797835
BirdDC-VF3B8,VF3B8,2019-01-21 06:05:05-07,BirdDC,electric-scooter,2019-01-21 06:05:00-07,-77.0486,38.9095566666667
JumpDC-bike_23702,JUMP DC-2737,2019-01-21 06:04:24-07,JumpDC,pedal-assist-bike,2019-01-21 06:05:00-07,-77.051475,38.9064066666667
SkipDC-352897091311087,"",2019-01-21 06:04:52-07,SkipDC,electric-scooter,2019-01-21 06:05:00-07,-77.0443733,38.90948
BirdDC-R7EMJ,R7EMJ,2019-01-21 06:05:05-07,BirdDC,electric-scooter,2019-01-21 06:05:00-07,-77.0447316666667,38.909725
JumpDC-bike_23143,JUMP DC-2452,2019-01-21 06:04:24-07,JumpDC,pedal-assist-bike,2019-01-21 06:05:00-07,-77.0416,38.9059966666667
JumpDC-bike_23504,JUMP DC-2639,2019-01-21 06:04:24-07,JumpDC,pedal-assist-bike,2019-01-21 06:05:00-07,-77.04297,38.9090066666667
SkipDC-352897091276280,"",2019-01-21 06:04:52-07,SkipDC,electric-scooter,2019-01-21 06:05:00-07,-77.0447527,38.9074203
SkipDC-352897091438161,"",2019-01-21 06:04:52-07,SkipDC,electric-scooter,2019-01-21 06:05:00-07,-77.0421617,38.9074333
SkipDC-352897091391584,"",2019-01-21 06:04:52-07,SkipDC,electric-scooter,2019-01-21 06:05:00-07,-77.0443427,38.9087377
BirdDC-HRNFR,HRNFR,2019-01-21 06:05:05-07,BirdDC,electric-scooter,2019-01-21 06:05:00-07,-77.0457883459302,38.9086249564205
BirdDC-V6UMJ,V6UMJ,2019-01-21 06:05:05-07,BirdDC,electric-scooter,2019-01-21 06:05:00-07,-77.0434716666667,38.9055783333333
SkipDC-352897090492946,"",2019-01-21 06:04:52-07,SkipDC,electric-scooter,2019-01-21 06:05:00-07,-77.0424367,38.90792
JumpDC-bike_18824,JUMP DC-0701,2019-01-21 06:04:24-07,JumpDC,pedal-assist-bike,2019-01-21 06:05:00-07,-77.0447933333333,38.907935
JumpDC-bike_23676,JUMP DC-2711,2019-01-21 06:04:24-07,JumpDC,pedal-assist-bike,2019-01-21 06:05:00-07,-77.0454,38.9095916666667
JumpDC-bike_23695,JUMP DC-2730,2019-01-21 06:04:24-07,JumpDC,pedal-assist-bike,2019-01-21 06:05:00-07,-77.043745,38.9057666666667
JumpDC-bike_23479,JUMP DC-2614,2019-01-21 06:04:24-07,JumpDC,pedal-assist-bike,2019-01-21 06:05:00-07,-77.0438416666667,38.9057366666667
JumpDC-bike_23696,JUMP DC-2731,2019-01-21 06:04:24-07,JumpDC,pedal-assist-bike,2019-01-21 06:05:00-07,-77.0447733333333,38.9079816666667
BirdDC-355IX,355IX,2019-01-21 06:05:05-07,BirdDC,electric-scooter,2019-01-21 06:05:00-07,-77.0435416666667,38.9082716666667
BirdDC-BMJPI,BMJPI,2019-01-21 06:05:05-07,BirdDC,electric-scooter,2019-01-21 06:05:00-07,-77.045815,38.9086716666667
JumpDC-bike_18828,JUMP DC-0705,2019-01-21 06:04:24-07,JumpDC,pedal-assist-bike,2019-01-21 06:05:00-07,-77.0402233333333,38.9072283333333
JumpDC-bike_23480,JUMP DC-2615,2019-01-21 06:04:24-07,JumpDC,pedal-assist-bike,2019-01-21 06:05:00-07,-77.0395916666667,38.9063183333333
JumpDC-bike_23945,JUMP DC-2454,2019-01-21 06:04:24-07,JumpDC,pedal-assist-bike,2019-01-21 06:05:00-07,-77.0401166666667,38.9085666666667
JumpDC-bike_18830,JUMP DC-0707,2019-01-21 06:04:24-07,JumpDC,pedal-assist-bike,2019-01-21 06:05:00-07,-77.0396,38.9071966666667
SkipDC-352897091431067,"",2019-01-21 06:04:52-07,SkipDC,electric-scooter,2019-01-21 06:05:00-07,-77.0372504,38.9068603
BirdDC-VZQN4,VZQN4,2019-01-21 06:05:05-07,BirdDC,electric-scooter,2019-01-21 06:05:00-07,-77.036835,38.9080466666667
BirdDC-9LUA7,9LUA7,2019-01-21 06:05:05-07,BirdDC,electric-scooter,2019-01-21 06:05:00-07,-77.0391,38.906555
JumpDC-bike_23490,JUMP DC-2625,2019-01-21 06:04:24-07,JumpDC,pedal-assist-bike,2019-01-21 06:05:00-07,-77.03172,38.9071916666667
JumpDC-bike_18906,JUMP DC-0785,2019-01-21 06:04:24-07,JumpDC,pedal-assist-bike,2019-01-21 06:05:00-07,-77.0336583333333,38.90971
JumpDC-bike_23438,JUMP DC-2573,2019-01-21 06:04:24-07,JumpDC,pedal-assist-bike,2019-01-21 06:05:00-07,-77.0337366666667,38.9096933333333
SkipDC-352897091274020,"",2019-01-21 06:04:52-07,SkipDC,electric-scooter,2019-01-21 06:05:00-07,-77.0345811,38.9067752
JumpDC-bike_18862,JUMP DC-0821,2019-01-21 06:04:24-07,JumpDC,pedal-assist-bike,2019-01-21 06:05:00-07,-77.030675,38.907655
SkipDC-352897090447767,"",2019-01-21 06:04:52-07,SkipDC,electric-scooter,2019-01-21 06:05:00-07,-77.024601,38.881393
BirdDC-68IMC,68IMC,2019-01-21 06:05:05-07,BirdDC,electric-scooter,2019-01-21 06:05:00-07,-77.02375,38.907035
JumpDC-bike_23487,JUMP DC-2622,2019-01-21 06:04:24-07,JumpDC,pedal-assist-bike,2019-01-21 06:05:00-07,-77.0253466666667,38.9096733333333
JumpDC-bike_23418,JUMP DC-2553,2019-01-21 06:04:24-07,JumpDC,pedal-assist-bike,2019-01-21 06:05:00-07,-77.024995,38.9063933333333
SkipDC-352897091272743,"",2019-01-21 06:04:52-07,SkipDC,electric-scooter,2019-01-21 06:05:00-07,-77.0218167,38.906525
JumpDC-bike_23509,JUMP DC-2644 ,2019-01-21 06:04:24-07,JumpDC,pedal-assist-bike,2019-01-21 06:05:00-07,-76.99721,38.9081683333333
JumpDC-bike_23229,JUMP DC-2538,2019-01-21 06:04:24-07,JumpDC,pedal-assist-bike,2019-01-21 06:05:00-07,-76.9946466666667,38.9074333333333
JumpDC-bike_23457,JUMP DC-2592,2019-01-21 06:04:24-07,JumpDC,pedal-assist-bike,2019-01-21 06:05:00-07,-76.9971766666667,38.9081666666667
JumpDC-bike_16521,JUMP DC-0169  ,2019-01-21 06:04:24-07,JumpDC,pedal-assist-bike,2019-01-21 06:05:00-07,-76.9731383333333,38.9054683333333
BirdDC-6FZ34,6FZ34,2019-01-21 06:05:05-07,BirdDC,electric-scooter,2019-01-21 06:05:00-07,-77.06797,38.91418
BirdDC-IEUS9,IEUS9,2019-01-21 06:05:05-07,BirdDC,electric-scooter,2019-01-21 06:05:00-07,-77.065345,38.910885
JumpDC-bike_23228,JUMP DC-2537,2019-01-21 06:04:24-07,JumpDC,pedal-assist-bike,2019-01-21 06:05:00-07,-77.0547733333333,38.91057
BirdDC-J7DIT,J7DIT,2019-01-21 06:05:05-07,BirdDC,electric-scooter,2019-01-21 06:05:00-07,-77.0531316666667,38.910775
JumpDC-bike_18887,JUMP DC-0764,2019-01-21 06:04:24-07,JumpDC,pedal-assist-bike,2019-01-21 06:05:00-07,-77.0528516666667,38.9105666666667
JumpDC-bike_23452,JUMP DC-2587,2019-01-21 06:04:24-07,JumpDC,pedal-assist-bike,2019-01-21 06:05:00-07,-77.0527333333333,38.9137683333333
SkipDC-352897091392160,"",2019-01-21 06:04:52-07,SkipDC,electric-scooter,2019-01-21 06:05:00-07,-77.0486346,38.9103711
SkipDC-352897091384480,"",2019-01-21 06:04:52-07,SkipDC,electric-scooter,2019-01-21 06:05:00-07,-77.04687,38.913395
SkipDC-352897090523369,"",2019-01-21 06:04:52-07,SkipDC,electric-scooter,2019-01-21 06:05:00-07,-77.04548,38.9125383
JumpDC-bike_23415,JUMP DC-2550,2019-01-21 06:04:24-07,JumpDC,pedal-assist-bike,2019-01-21 06:05:00-07,-77.0450183333333,38.9103333333333
JumpDC-bike_23443,JUMP DC-2578 ,2019-01-21 06:04:24-07,JumpDC,pedal-assist-bike,2019-01-21 06:05:00-07,-77.0414933333333,38.9103283333333
SkipDC-352897091436884,"",2019-01-21 06:04:52-07,SkipDC,electric-scooter,2019-01-21 06:05:00-07,-77.0461728,38.9105977
SkipDC-352897091325921,"",2019-01-21 06:04:52-07,SkipDC,electric-scooter,2019-01-21 06:05:00-07,-77.0448421,38.9135063
JumpDC-bike_23433,JUMP DC-2568,2019-01-21 06:04:24-07,JumpDC,pedal-assist-bike,2019-01-21 06:05:00-07,-77.0447733333333,38.9109083333333
SkipDC-352897091310568,"",2019-01-21 06:04:52-07,SkipDC,electric-scooter,2019-01-21 06:05:00-07,-77.0465455,38.9106624
SkipDC-352897091383086,"",2019-01-21 06:04:52-07,SkipDC,electric-scooter,2019-01-21 06:05:00-07,-77.024865,38.8798467
SkipDC-352897091311467,"",2019-01-21 06:04:52-07,SkipDC,electric-scooter,2019-01-21 06:05:00-07,-77.0388783,38.9252317
JumpDC-bike_18922,JUMP DC-0801,2019-01-21 06:04:24-07,JumpDC,pedal-assist-bike,2019-01-21 06:05:00-07,-77.0373283333333,38.91154
JumpDC-bike_23417,JUMP DC-2552,2019-01-21 06:04:24-07,JumpDC,pedal-assist-bike,2019-01-21 06:05:00-07,-77.0316766666667,38.9118616666667
BirdDC-ECEG7,ECEG7,2019-01-21 06:05:05-07,BirdDC,electric-scooter,2019-01-21 06:05:00-07,-77.0261233333333,38.9126466666667
BirdDC-A1GTL,A1GTL,2019-01-21 06:05:05-07,BirdDC,electric-scooter,2019-01-21 06:05:00-07,-77.0285183333333,38.911155
BirdDC-7N8V7,7N8V7,2019-01-21 06:05:05-07,BirdDC,electric-scooter,2019-01-21 06:05:00-07,-77.026115,38.9126516666667
JumpDC-bike_23636,JUMP DC-2671,2019-01-21 06:04:24-07,JumpDC,pedal-assist-bike,2019-01-21 06:05:00-07,-77.023225,38.8786566666667
JumpDC-bike_23215,JUMP DC-2524,2019-01-21 06:04:24-07,JumpDC,pedal-assist-bike,2019-01-21 06:05:00-07,-77.0224783333333,38.9127716666667
BirdDC-DW1I5,DW1I5,2019-01-21 06:05:05-07,BirdDC,electric-scooter,2019-01-21 06:05:00-07,-77.0151811384127,38.9112651631575
JumpDC-bike_18848,JUMP DC-0693,2019-01-21 06:04:24-07,JumpDC,pedal-assist-bike,2019-01-21 06:05:00-07,-77.012305,38.9126883333333
JumpDC-bike_23657,JUMP DC-2692,2019-01-21 06:04:24-07,JumpDC,pedal-assist-bike,2019-01-21 06:05:00-07,-77.0120066666667,38.912775
SkipDC-352897091437981,"",2019-01-21 06:04:52-07,SkipDC,electric-scooter,2019-01-21 06:05:00-07,-77.0120705,38.9118962
SkipDC-352897091328248,"",2019-01-21 06:04:52-07,SkipDC,electric-scooter,2019-01-21 06:05:00-07,-77.0108883,38.9124583
JumpDC-bike_23172,JUMP DC-2481,2019-01-21 06:04:24-07,JumpDC,pedal-assist-bike,2019-01-21 06:05:00-07,-76.9892083333333,38.91085
JumpDC-bike_23207,JUMP DC-2516,2019-01-21 06:04:24-07,JumpDC,pedal-assist-bike,2019-01-21 06:05:00-07,-76.98608,38.9100516666667
JumpDC-bike_23160,JUMP DC-2469,2019-01-21 06:04:24-07,JumpDC,pedal-assist-bike,2019-01-21 06:05:00-07,-77.0424083333333,38.9177316666667
BirdDC-AZBXJ,AZBXJ,2019-01-21 06:05:05-07,BirdDC,electric-scooter,2019-01-21 06:05:00-07,-77.04161,38.91671
BirdDC-C2CMB,C2CMB,2019-01-21 06:05:05-07,BirdDC,electric-scooter,2019-01-21 06:05:00-07,-77.0415513705741,38.9188592823832
BirdDC-H5N31,H5N31,2019-01-21 06:05:05-07,BirdDC,electric-scooter,2019-01-21 06:05:00-07,-77.0416866666667,38.91663
BirdDC-UU2A3,UU2A3,2019-01-21 06:05:05-07,BirdDC,electric-scooter,2019-01-21 06:05:00-07,-77.039208129539,38.9188744506733
BirdDC-GH22T,GH22T,2019-01-21 06:05:05-07,BirdDC,electric-scooter,2019-01-21 06:05:00-07,-77.0391922432366,38.9187520197755
BirdDC-MQ1IL,MQ1IL,2019-01-21 06:05:05-07,BirdDC,electric-scooter,2019-01-21 06:05:00-07,-77.0392330547145,38.9189124384657
BirdDC-XAJMV,XAJMV,2019-01-21 06:05:05-07,BirdDC,electric-scooter,2019-01-21 06:05:00-07,-77.0390083333333,38.918815
BirdDC-VP73,VP73,2019-01-21 06:05:05-07,BirdDC,electric-scooter,2019-01-21 06:05:00-07,-77.0391862,38.9188162
BirdDC-CS68G,CS68G,2019-01-21 06:05:05-07,BirdDC,electric-scooter,2019-01-21 06:05:00-07,-77.0394000491291,38.91880622077
BirdDC-D9JXN,D9JXN,2019-01-21 06:05:05-07,BirdDC,electric-scooter,2019-01-21 06:05:00-07,-77.0391787562488,38.9187717810823
BirdDC-WDZP7,WDZP7,2019-01-21 06:05:05-07,BirdDC,electric-scooter,2019-01-21 06:05:00-07,-77.0392347493216,38.9188625945943
BirdDC-BMWJM,BMWJM,2019-01-21 06:05:05-07,BirdDC,electric-scooter,2019-01-21 06:05:00-07,-77.0392401432289,38.9188356670921
BirdDC-26TI8,26TI8,2019-01-21 06:05:05-07,BirdDC,electric-scooter,2019-01-21 06:05:00-07,-77.0391788833352,38.9186203590338
JumpDC-bike_18878,JUMP DC-0837,2019-01-21 06:04:24-07,JumpDC,pedal-assist-bike,2019-01-21 06:05:00-07,-77.0417166666667,38.91906
BirdDC-VSXD,VSXD,2019-01-21 06:05:05-07,BirdDC,electric-scooter,2019-01-21 06:05:00-07,-77.0392428339245,38.9187512174611
BirdDC-V6GR3,V6GR3,2019-01-21 06:05:05-07,BirdDC,electric-scooter,2019-01-21 06:05:00-07,-77.0391272277014,38.9185322618444
JumpDC-bike_23508,JUMP DC-2643,2019-01-21 06:04:24-07,JumpDC,pedal-assist-bike,2019-01-21 06:05:00-07,-77.0312266666667,38.9169083333333
JumpDC-bike_18899,JUMP DC-0778,2019-01-21 06:04:24-07,JumpDC,pedal-assist-bike,2019-01-21 06:05:00-07,-77.0298816666667,38.9170533333333
BirdDC-H78F8,H78F8,2019-01-21 06:05:05-07,BirdDC,electric-scooter,2019-01-21 06:05:00-07,-77.029755,38.9181816666667
JumpDC-bike_23142,JUMP DC-2451,2019-01-21 06:04:24-07,JumpDC,pedal-assist-bike,2019-01-21 06:05:00-07,-77.03247,38.91715
JumpDC-bike_18850,JUMP DC-0690,2019-01-21 06:04:24-07,JumpDC,pedal-assist-bike,2019-01-21 06:05:00-07,-77.0298366666667,38.9169683333333
JumpDC-bike_23156,JUMP DC-2465,2019-01-21 06:04:24-07,JumpDC,pedal-assist-bike,2019-01-21 06:05:00-07,-77.0299766666667,38.9169066666667
SkipDC-352897091380868,"",2019-01-21 06:04:52-07,SkipDC,electric-scooter,2019-01-21 06:05:00-07,-77.029495,38.9147033
SkipDC-352897091386980,"",2019-01-21 06:04:52-07,SkipDC,electric-scooter,2019-01-21 06:05:00-07,-77.0294256,38.9150915
BirdDC-U9ZLP,U9ZLP,2019-01-21 06:05:05-07,BirdDC,electric-scooter,2019-01-21 06:05:00-07,-77.0281516666667,38.9160683333333
JumpDC-bike_18826,JUMP DC-0703,2019-01-21 06:04:24-07,JumpDC,pedal-assist-bike,2019-01-21 06:05:00-07,-77.02902,38.91685
JumpDC-bike_23214,JUMP DC-2523,2019-01-21 06:04:24-07,JumpDC,pedal-assist-bike,2019-01-21 06:05:00-07,-77.0247733333333,38.9150333333333
SkipDC-352897091299084,"",2019-01-21 06:04:52-07,SkipDC,electric-scooter,2019-01-21 06:05:00-07,-77.0267449,38.9145719
SkipDC-352897090451322,"",2019-01-21 06:04:52-07,SkipDC,electric-scooter,2019-01-21 06:05:00-07,-77.0249609,38.9186748
BirdDC-PRJH7,PRJH7,2019-01-21 06:05:05-07,BirdDC,electric-scooter,2019-01-21 06:05:00-07,-77.0246116666667,38.9182316666667
BirdDC-A4ZPQ,A4ZPQ,2019-01-21 06:05:05-07,BirdDC,electric-scooter,2019-01-21 06:05:00-07,-77.02163,38.914925
SkipDC-352897091432867,"",2019-01-21 06:04:52-07,SkipDC,electric-scooter,2019-01-21 06:05:00-07,-77.0218817,38.9145267
JumpDC-bike_23455,JUMP DC-2590,2019-01-21 06:04:24-07,JumpDC,pedal-assist-bike,2019-01-21 06:05:00-07,-77.0126316666667,38.91541
JumpDC-bike_23147,JUMP DC-2456,2019-01-21 06:04:24-07,JumpDC,pedal-assist-bike,2019-01-21 06:05:00-07,-77.0126533333333,38.9154233333333
BirdDC-RYP4H,RYP4H,2019-01-21 06:05:05-07,BirdDC,electric-scooter,2019-01-21 06:05:00-07,-76.9694516666667,38.918
JumpDC-bike_16615,JUMP DC-0250,2019-01-21 06:04:24-07,JumpDC,pedal-assist-bike,2019-01-21 06:05:00-07,-77.0567666666667,38.92329
JumpDC-bike_16499,JUMP DC-0186,2019-01-21 06:04:24-07,JumpDC,pedal-assist-bike,2019-01-21 06:05:00-07,-77.0587216666667,38.936035
JumpDC-bike_23634,JUMP DC-2669,2019-01-21 06:04:24-07,JumpDC,pedal-assist-bike,2019-01-21 06:05:00-07,-77.035775,38.9278733333333
JumpDC-bike_23614,JUMP DC-2649,2019-01-21 06:04:24-07,JumpDC,pedal-assist-bike,2019-01-21 06:05:00-07,-77.0360566666667,38.9262666666667
JumpDC-bike_18912,JUMP DC-0791,2019-01-21 06:04:24-07,JumpDC,pedal-assist-bike,2019-01-21 06:05:00-07,-77.0295033333333,38.9258483333333
BirdDC-PTH2S,PTH2S,2019-01-21 06:05:05-07,BirdDC,electric-scooter,2019-01-21 06:05:00-07,-77.030334,38.923809
JumpDC-bike_23475,JUMP DC-2610,2019-01-21 06:04:24-07,JumpDC,pedal-assist-bike,2019-01-21 06:05:00-07,-77.0284383333333,38.9247983333333
SkipDC-352897091437643,"",2019-01-21 06:04:52-07,SkipDC,electric-scooter,2019-01-21 06:05:00-07,-77.0254002,38.9249817
JumpDC-bike_23672,JUMP DC-2707,2019-01-21 06:04:24-07,JumpDC,pedal-assist-bike,2019-01-21 06:05:00-07,-77.018235,38.9261683333333
SkipDC-352897090440606,"",2019-01-21 06:04:52-07,SkipDC,electric-scooter,2019-01-21 06:05:00-07,-77.0212967,38.9242067
SkipDC-352897091431323,"",2019-01-21 06:04:52-07,SkipDC,electric-scooter,2019-01-21 06:05:00-07,-77.0209483,38.927235
JumpDC-bike_18896,JUMP DC-0775,2019-01-21 06:04:24-07,JumpDC,pedal-assist-bike,2019-01-21 06:05:00-07,-77.0385116666667,38.931305
JumpDC-bike_23694,JUMP DC-2729,2019-01-21 06:04:24-07,JumpDC,pedal-assist-bike,2019-01-21 06:05:00-07,-77.0373833333333,38.92865
JumpDC-bike_23166,JUMP DC-2475,2019-01-21 06:04:24-07,JumpDC,pedal-assist-bike,2019-01-21 06:05:00-07,-77.0384233333333,38.9310933333333
JumpDC-bike_81150,JUMP DC-2501,2019-01-21 06:04:24-07,JumpDC,pedal-assist-bike,2019-01-21 06:05:00-07,-77.0586216666667,38.9360466666667
JumpDC-bike_23713,JUMP DC-2748,2019-01-21 06:04:24-07,JumpDC,pedal-assist-bike,2019-01-21 06:05:00-07,-77.0586433333333,38.93603
JumpDC-bike_16612,JUMP DC-0247,2019-01-21 06:04:24-07,JumpDC,pedal-assist-bike,2019-01-21 06:05:00-07,-77.0296333333333,38.9337116666667
JumpDC-bike_23687,JUMP DC-2722,2019-01-21 06:04:24-07,JumpDC,pedal-assist-bike,2019-01-21 06:05:00-07,-77.03261,38.93303
JumpDC-bike_23513,JUMP DC-2648,2019-01-21 06:04:24-07,JumpDC,pedal-assist-bike,2019-01-21 06:05:00-07,-77.03472,38.9344233333333
JumpDC-bike_23144,JUMP DC-2453,2019-01-21 06:04:24-07,JumpDC,pedal-assist-bike,2019-01-21 06:05:00-07,-76.9938683333333,38.9331
JumpDC-bike_18836,JUMP DC-0713,2019-01-21 06:04:24-07,JumpDC,pedal-assist-bike,2019-01-21 06:05:00-07,-76.993755,38.9331766666667
JumpDC-bike_23698,JUMP DC-2733,2019-01-21 06:04:24-07,JumpDC,pedal-assist-bike,2019-01-21 06:05:00-07,-76.9937966666667,38.93314
JumpDC-bike_23512,JUMP DC-2647,2019-01-21 06:04:24-07,JumpDC,pedal-assist-bike,2019-01-21 06:05:00-07,-77.032625,38.9373266666667
JumpDC-bike_23620,JUMP DC-2655,2019-01-21 06:04:24-07,JumpDC,pedal-assist-bike,2019-01-21 06:05:00-07,-77.0331766666667,38.9388333333333
JumpDC-bike_23489,JUMP DC-2624,2019-01-21 06:04:24-07,JumpDC,pedal-assist-bike,2019-01-21 06:05:00-07,-77.03455,38.9462833333333
SkipDC-352897091391923,"",2019-01-21 06:04:52-07,SkipDC,electric-scooter,2019-01-21 06:05:00-07,-77.0253208,38.9491986
SkipDC-352897091387384,"",2019-01-21 06:04:52-07,SkipDC,electric-scooter,2019-01-21 06:05:00-07,-77.0250263,38.9492465
SkipDC-352897090517486,"",2019-01-21 06:04:52-07,SkipDC,electric-scooter,2019-01-21 06:05:00-07,-77.0249445,38.949498
SkipDC-352897091325905,"",2019-01-21 06:04:52-07,SkipDC,electric-scooter,2019-01-21 06:05:00-07,-77.0242196,38.9494751
SkipDC-352897091294705,"",2019-01-21 06:04:52-07,SkipDC,electric-scooter,2019-01-21 06:05:00-07,-77.0241217,38.9495633
JumpDC-bike_23493,JUMP DC-2628,2019-01-21 06:18:54-07,JumpDC,pedal-assist-bike,2019-01-21 06:20:00-07,-76.9950616666667,38.862085
JumpDC-bike_23171,JUMP DC-2480,2019-01-21 06:18:54-07,JumpDC,pedal-assist-bike,2019-01-21 06:20:00-07,-77.0034183333333,38.87729
JumpDC-bike_23997,JUMP DC-2455,2019-01-21 06:18:54-07,JumpDC,pedal-assist-bike,2019-01-21 06:20:00-07,-77.0042166666667,38.876395
SkipDC-352897091383086,"",2019-01-21 06:19:52-07,SkipDC,electric-scooter,2019-01-21 06:20:00-07,-77.0247683,38.87988
SkipDC-352897091387020,"",2019-01-21 06:19:52-07,SkipDC,electric-scooter,2019-01-21 06:20:00-07,-77.024715,38.8798617
SkipDC-352897090520282,"",2019-01-21 06:19:52-07,SkipDC,electric-scooter,2019-01-21 06:20:00-07,-77.0245463,38.8797621
SkipDC-352897090447767,"",2019-01-21 06:19:52-07,SkipDC,electric-scooter,2019-01-21 06:20:00-07,-77.024601,38.881393
JumpDC-bike_23636,JUMP DC-2671,2019-01-21 06:18:54-07,JumpDC,pedal-assist-bike,2019-01-21 06:20:00-07,-77.023225,38.8786566666667
JumpDC-bike_23483,JUMP DC-2618,2019-01-21 06:18:54-07,JumpDC,pedal-assist-bike,2019-01-21 06:20:00-07,-77.0231983333333,38.8784916666667
JumpDC-bike_18928,JUMP DC-0807,2019-01-21 06:18:54-07,JumpDC,pedal-assist-bike,2019-01-21 06:20:00-07,-77.02307,38.87861
JumpDC-bike_23633,JUMP DC-2668,2019-01-21 06:18:54-07,JumpDC,pedal-assist-bike,2019-01-21 06:20:00-07,-77.023055,38.878645
BirdDC-NN3KL,NN3KL,2019-01-21 06:20:05-07,BirdDC,electric-scooter,2019-01-21 06:20:00-07,-77.0176083333333,38.87907
JumpDC-bike_23203,JUMP DC-2512,2019-01-21 06:18:54-07,JumpDC,pedal-assist-bike,2019-01-21 06:20:00-07,-77.0053483333333,38.8805116666667
JumpDC-bike_23485,JUMP DC-2620,2019-01-21 06:18:54-07,JumpDC,pedal-assist-bike,2019-01-21 06:20:00-07,-77.0009483333333,38.881205
JumpDC-bike_16633,JUMP DC-0225,2019-01-21 06:18:54-07,JumpDC,pedal-assist-bike,2019-01-21 06:20:00-07,-77.0022266666667,38.8792466666667
SkipDC-352897091275688,"",2019-01-21 06:19:52-07,SkipDC,electric-scooter,2019-01-21 06:20:00-07,-77.0043483,38.8793867
JumpDC-bike_23654,JUMP DC-2689,2019-01-21 06:18:54-07,JumpDC,pedal-assist-bike,2019-01-21 06:20:00-07,-76.9950766666667,38.8809683333333
JumpDC-bike_18849,JUMP DC-0694,2019-01-21 06:18:54-07,JumpDC,pedal-assist-bike,2019-01-21 06:20:00-07,-76.9903266666667,38.8801833333333
SkipDC-352897091273006,"",2019-01-21 06:19:52-07,SkipDC,electric-scooter,2019-01-21 06:20:00-07,-77.0017267,38.8860933
JumpDC-bike_23164,JUMP DC-2473,2019-01-21 06:18:54-07,JumpDC,pedal-assist-bike,2019-01-21 06:20:00-07,-76.9959566666667,38.8843383333333
JumpDC-bike_18835,JUMP DC-0712,2019-01-21 06:18:54-07,JumpDC,pedal-assist-bike,2019-01-21 06:20:00-07,-76.995915,38.8843283333333
JumpDC-bike_23154,JUMP DC-2463,2019-01-21 06:18:54-07,JumpDC,pedal-assist-bike,2019-01-21 06:20:00-07,-76.9959516666667,38.8843583333333
JumpDC-bike_23189,JUMP DC-2498,2019-01-21 06:18:54-07,JumpDC,pedal-assist-bike,2019-01-21 06:20:00-07,-76.9955616666667,38.88383
JumpDC-bike_23706,JUMP DC-2741,2019-01-21 06:18:54-07,JumpDC,pedal-assist-bike,2019-01-21 06:20:00-07,-76.9959266666667,38.883705
JumpDC-bike_23130,JUMP DC-0820,2019-01-21 06:18:54-07,JumpDC,pedal-assist-bike,2019-01-21 06:20:00-07,-76.9878,38.8868916666667
BirdDC-9DQST,9DQST,2019-01-21 06:20:05-07,BirdDC,electric-scooter,2019-01-21 06:20:00-07,-77.0491866666667,38.8894466666667
SkipDC-352897091381429,"",2019-01-21 06:19:52-07,SkipDC,electric-scooter,2019-01-21 06:20:00-07,-77.0369317,38.8895117
SkipDC-352897090567465,"",2019-01-21 06:19:52-07,SkipDC,electric-scooter,2019-01-21 06:20:00-07,-77.0380217,38.8918733
SkipDC-352897091392004,"",2019-01-21 06:19:52-07,SkipDC,electric-scooter,2019-01-21 06:20:00-07,-77.04042,38.8885983
SkipDC-352897090559124,"",2019-01-21 06:19:52-07,SkipDC,electric-scooter,2019-01-21 06:20:00-07,-77.03324,38.8900667
SkipDC-352897091392269,"",2019-01-21 06:19:52-07,SkipDC,electric-scooter,2019-01-21 06:20:00-07,-77.025985,38.8904617
JumpDC-bike_23677,JUMP DC-2712,2019-01-21 06:18:54-07,JumpDC,pedal-assist-bike,2019-01-21 06:20:00-07,-77.02582,38.89053
SkipDC-352897091274624,"",2019-01-21 06:19:52-07,SkipDC,electric-scooter,2019-01-21 06:20:00-07,-77.0291357,38.8881043
SkipDC-352897091430143,"",2019-01-21 06:19:52-07,SkipDC,electric-scooter,2019-01-21 06:20:00-07,-77.0283033,38.8890733
SkipDC-352897091427388,"",2019-01-21 06:19:52-07,SkipDC,electric-scooter,2019-01-21 06:20:00-07,-77.0195717,38.8900467
BirdDC-GNBWN,GNBWN,2019-01-21 06:20:05-07,BirdDC,electric-scooter,2019-01-21 06:20:00-07,-77.0127716666667,38.8887783333333
SkipDC-352897091428006,"",2019-01-21 06:19:52-07,SkipDC,electric-scooter,2019-01-21 06:20:00-07,-77.0395717,38.8929183
JumpDC-bike_18868,JUMP DC-0827,2019-01-21 06:18:54-07,JumpDC,pedal-assist-bike,2019-01-21 06:20:00-07,-77.03247,38.8961416666667
SkipDC-352897090463061,"",2019-01-21 06:19:52-07,SkipDC,electric-scooter,2019-01-21 06:20:00-07,-77.0283333,38.89202
SkipDC-352897091291669,"",2019-01-21 06:19:52-07,SkipDC,electric-scooter,2019-01-21 06:20:00-07,-77.0288317,38.894015
SkipDC-352897091428147,"",2019-01-21 06:19:52-07,SkipDC,electric-scooter,2019-01-21 06:20:00-07,-77.0261483,38.89602
SkipDC-352897091383862,"",2019-01-21 06:19:52-07,SkipDC,electric-scooter,2019-01-21 06:20:00-07,-77.0284233,38.89194
SkipDC-352897091273907,"",2019-01-21 06:19:52-07,SkipDC,electric-scooter,2019-01-21 06:20:00-07,-77.023125,38.89481
SkipDC-352897090502744,"",2019-01-21 06:19:52-07,SkipDC,electric-scooter,2019-01-21 06:20:00-07,-77.0220633,38.8951067
JumpDC-bike_23497,JUMP DC-2632,2019-01-21 06:18:54-07,JumpDC,pedal-assist-bike,2019-01-21 06:20:00-07,-77.022575,38.8939566666667
JumpDC-bike_23176,JUMP DC-2485,2019-01-21 06:18:54-07,JumpDC,pedal-assist-bike,2019-01-21 06:20:00-07,-77.0219916666667,38.89423
JumpDC-bike_18909,JUMP DC-0788,2019-01-21 06:18:54-07,JumpDC,pedal-assist-bike,2019-01-21 06:20:00-07,-77.0220066666667,38.89368
SkipDC-352897090517403,"",2019-01-21 06:19:52-07,SkipDC,electric-scooter,2019-01-21 06:20:00-07,-77.021615,38.8939033
SkipDC-352897090530802,"",2019-01-21 06:19:52-07,SkipDC,electric-scooter,2019-01-21 06:20:00-07,-77.0176333,38.89234
SkipDC-352897090521827,"",2019-01-21 06:19:52-07,SkipDC,electric-scooter,2019-01-21 06:20:00-07,-77.0062567,38.8934783
SkipDC-352897091432321,"",2019-01-21 06:19:52-07,SkipDC,electric-scooter,2019-01-21 06:20:00-07,-77.0062,38.8935333
JumpDC-bike_16503,JUMP DC-0200,2019-01-21 06:18:54-07,JumpDC,pedal-assist-bike,2019-01-21 06:20:00-07,-76.9721866666667,38.8955783333333
SkipDC-352897091381403,"",2019-01-21 06:19:52-07,SkipDC,electric-scooter,2019-01-21 06:20:00-07,-77.0590167,38.9010583
SkipDC-352897091432842,"",2019-01-21 06:19:52-07,SkipDC,electric-scooter,2019-01-21 06:20:00-07,-77.0635928,38.9042324
JumpDC-bike_23414,JUMP DC-2549,2019-01-21 06:18:54-07,JumpDC,pedal-assist-bike,2019-01-21 06:20:00-07,-77.0609766666667,38.9022983333333
JumpDC-bike_23227,JUMP DC-2536,2019-01-21 06:18:54-07,JumpDC,pedal-assist-bike,2019-01-21 06:20:00-07,-77.0625816666667,38.9023533333333
BirdDC-7FWC3,7FWC3,2019-01-21 06:20:05-07,BirdDC,electric-scooter,2019-01-21 06:20:00-07,-77.0614616666667,38.90514
BirdDC-7XYR1,7XYR1,2019-01-21 06:20:05-07,BirdDC,electric-scooter,2019-01-21 06:20:00-07,-77.061195,38.901905
SkipDC-352897091325707,"",2019-01-21 06:19:52-07,SkipDC,electric-scooter,2019-01-21 06:20:00-07,-77.061415,38.905135
JumpDC-bike_23431,JUMP DC-2566,2019-01-21 06:18:54-07,JumpDC,pedal-assist-bike,2019-01-21 06:20:00-07,-77.0616266666667,38.902485
BirdDC-V35Q6,V35Q6,2019-01-21 06:20:05-07,BirdDC,electric-scooter,2019-01-21 06:20:00-07,-77.062645,38.9036716666667
BirdDC-BU4XJ,BU4XJ,2019-01-21 06:20:05-07,BirdDC,electric-scooter,2019-01-21 06:20:00-07,-77.0592583333333,38.90408
BirdDC-XH664,XH664,2019-01-21 06:20:05-07,BirdDC,electric-scooter,2019-01-21 06:20:00-07,-77.0547783333333,38.9027716666667
SkipDC-352897091327984,"",2019-01-21 06:19:52-07,SkipDC,electric-scooter,2019-01-21 06:20:00-07,-77.0580313,38.905278
SkipDC-352897091384506,"",2019-01-21 06:19:52-07,SkipDC,electric-scooter,2019-01-21 06:20:00-07,-77.0569333,38.9050967
SkipDC-352897091280449,"",2019-01-21 06:19:52-07,SkipDC,electric-scooter,2019-01-21 06:20:00-07,-77.0515333,38.9052133
SkipDC-352897091279722,"",2019-01-21 06:19:52-07,SkipDC,electric-scooter,2019-01-21 06:20:00-07,-77.051425,38.905225
SkipDC-352897091455421,"",2019-01-21 06:19:52-07,SkipDC,electric-scooter,2019-01-21 06:20:00-07,-77.0515217,38.9049833
SkipDC-352897091333966,"",2019-01-21 06:19:52-07,SkipDC,electric-scooter,2019-01-21 06:20:00-07,-77.0515217,38.905185
SkipDC-352897091462385,"",2019-01-21 06:19:52-07,SkipDC,electric-scooter,2019-01-21 06:20:00-07,-77.0514783,38.9052717
SkipDC-352897091273089,"",2019-01-21 06:19:52-07,SkipDC,electric-scooter,2019-01-21 06:20:00-07,-77.0515733,38.905275
SkipDC-352897091280043,"",2019-01-21 06:19:52-07,SkipDC,electric-scooter,2019-01-21 06:20:00-07,-77.0515083,38.9052733
JumpDC-bike_23616,JUMP DC-2651,2019-01-21 06:18:54-07,JumpDC,pedal-assist-bike,2019-01-21 06:20:00-07,-77.0516066666667,38.9036883333333
SkipDC-352897091457286,"",2019-01-21 06:19:52-07,SkipDC,electric-scooter,2019-01-21 06:20:00-07,-77.051482,38.9050575
JumpDC-bike_16495,JUMP DC-0182,2019-01-21 06:18:54-07,JumpDC,pedal-assist-bike,2019-01-21 06:20:00-07,-77.0514016666667,38.903565
JumpDC-bike_18927,JUMP DC-0806,2019-01-21 06:18:54-07,JumpDC,pedal-assist-bike,2019-01-21 06:20:00-07,-77.0513016666667,38.9039816666667
BirdDC-UY213,UY213,2019-01-21 06:20:05-07,BirdDC,electric-scooter,2019-01-21 06:20:00-07,-77.0509183333333,38.9027633333333
SkipDC-352897091401847,"",2019-01-21 06:19:52-07,SkipDC,electric-scooter,2019-01-21 06:20:00-07,-77.051473,38.905061
BirdDC-19VXY,19VXY,2019-01-21 06:20:05-07,BirdDC,electric-scooter,2019-01-21 06:20:00-07,-77.0449983333333,38.9037933333333
JumpDC-bike_23681,JUMP DC-2716,2019-01-21 06:18:54-07,JumpDC,pedal-assist-bike,2019-01-21 06:20:00-07,-77.044965,38.9039483333333
JumpDC-bike_23159,JUMP DC-2468,2019-01-21 06:18:54-07,JumpDC,pedal-assist-bike,2019-01-21 06:20:00-07,-77.043305,38.9036883333333
BirdDC-3B24Q,3B24Q,2019-01-21 06:20:05-07,BirdDC,electric-scooter,2019-01-21 06:20:00-07,-77.0416394,38.9012058
JumpDC-bike_23419,JUMP DC-2554,2019-01-21 06:18:54-07,JumpDC,pedal-assist-bike,2019-01-21 06:20:00-07,-77.0117216666667,38.9025883333333
BirdDC-4SV6S,4SV6S,2019-01-21 06:20:05-07,BirdDC,electric-scooter,2019-01-21 06:20:00-07,-77.0088733333333,38.9016383333333
JumpDC-bike_23471,JUMP DC-2606,2019-01-21 06:18:54-07,JumpDC,pedal-assist-bike,2019-01-21 06:20:00-07,-77.0054233333333,38.9027166666667
SkipDC-352897091387202,"",2019-01-21 06:19:52-07,SkipDC,electric-scooter,2019-01-21 06:20:00-07,-77.0010183,38.9014583
BirdDC-GYR5Q,GYR5Q,2019-01-21 06:20:05-07,BirdDC,electric-scooter,2019-01-21 06:20:00-07,-76.9829483333333,38.90192
JumpDC-bike_23623,JUMP DC-2658,2019-01-21 06:18:54-07,JumpDC,pedal-assist-bike,2019-01-21 06:20:00-07,-76.9776833333333,38.9025966666667
BirdDC-LQ22Y,LQ22Y,2019-01-21 06:20:05-07,BirdDC,electric-scooter,2019-01-21 06:20:00-07,-77.0717466666667,38.9066966666667
BirdDC-EF1VC,EF1VC,2019-01-21 06:20:05-07,BirdDC,electric-scooter,2019-01-21 06:20:00-07,-77.0742716666667,38.9071583333333
BirdDC-73EGZ,73EGZ,2019-01-21 06:20:05-07,BirdDC,electric-scooter,2019-01-21 06:20:00-07,-77.0698016666667,38.907695
BirdDC-KX3TP,KX3TP,2019-01-21 06:20:05-07,BirdDC,electric-scooter,2019-01-21 06:20:00-07,-77.06977,38.9077266666667
BirdDC-UC7NA,UC7NA,2019-01-21 06:20:05-07,BirdDC,electric-scooter,2019-01-21 06:20:00-07,-77.0647283333333,38.9098583333333
BirdDC-79HT1,79HT1,2019-01-21 06:20:05-07,BirdDC,electric-scooter,2019-01-21 06:20:00-07,-77.0647283333333,38.909825
BirdDC-ETWU4,ETWU4,2019-01-21 06:20:05-07,BirdDC,electric-scooter,2019-01-21 06:20:00-07,-77.0635,38.90681
JumpDC-bike_16492,JUMP DC-0179,2019-01-21 06:18:54-07,JumpDC,pedal-assist-bike,2019-01-21 06:20:00-07,-77.0547833333333,38.9094483333333
BirdDC-F7S7P,F7S7P,2019-01-21 06:20:05-07,BirdDC,electric-scooter,2019-01-21 06:20:00-07,-77.056,38.9060516666667
BirdDC-5WBFA,5WBFA,2019-01-21 06:20:05-07,BirdDC,electric-scooter,2019-01-21 06:20:00-07,-77.0578083333333,38.9056316666667
SkipDC-352897090465603,"",2019-01-21 06:19:52-07,SkipDC,electric-scooter,2019-01-21 06:20:00-07,-77.05303,38.9062217
JumpDC-bike_23702,JUMP DC-2737,2019-01-21 06:18:54-07,JumpDC,pedal-assist-bike,2019-01-21 06:20:00-07,-77.051475,38.9064066666667
BirdDC-VF3B8,VF3B8,2019-01-21 06:20:05-07,BirdDC,electric-scooter,2019-01-21 06:20:00-07,-77.0485833333333,38.9095416666667
JumpDC-bike_23676,JUMP DC-2711,2019-01-21 06:18:54-07,JumpDC,pedal-assist-bike,2019-01-21 06:20:00-07,-77.0454,38.9095916666667
BirdDC-355IX,355IX,2019-01-21 06:20:05-07,BirdDC,electric-scooter,2019-01-21 06:20:00-07,-77.0435416666667,38.9082916666667
SkipDC-352897091438161,"",2019-01-21 06:19:52-07,SkipDC,electric-scooter,2019-01-21 06:20:00-07,-77.0423117,38.9075533
JumpDC-bike_23479,JUMP DC-2614,2019-01-21 06:18:54-07,JumpDC,pedal-assist-bike,2019-01-21 06:20:00-07,-77.0438416666667,38.9057366666667
BirdDC-HRNFR,HRNFR,2019-01-21 06:20:05-07,BirdDC,electric-scooter,2019-01-21 06:20:00-07,-77.0457883459302,38.9086249564205
SkipDC-352897091311087,"",2019-01-21 06:19:52-07,SkipDC,electric-scooter,2019-01-21 06:20:00-07,-77.0443733,38.90948
SkipDC-352897091276280,"",2019-01-21 06:19:52-07,SkipDC,electric-scooter,2019-01-21 06:20:00-07,-77.0447527,38.9074203
JumpDC-bike_23695,JUMP DC-2730,2019-01-21 06:18:54-07,JumpDC,pedal-assist-bike,2019-01-21 06:20:00-07,-77.043745,38.9057666666667
JumpDC-bike_23696,JUMP DC-2731,2019-01-21 06:18:54-07,JumpDC,pedal-assist-bike,2019-01-21 06:20:00-07,-77.0447733333333,38.9079816666667
BirdDC-BMJPI,BMJPI,2019-01-21 06:20:05-07,BirdDC,electric-scooter,2019-01-21 06:20:00-07,-77.045845,38.9086066666667
BirdDC-R7EMJ,R7EMJ,2019-01-21 06:20:05-07,BirdDC,electric-scooter,2019-01-21 06:20:00-07,-77.0447533333333,38.9097216666667
SkipDC-352897090492946,"",2019-01-21 06:19:52-07,SkipDC,electric-scooter,2019-01-21 06:20:00-07,-77.0424183,38.90783
JumpDC-bike_16521,JUMP DC-0169  ,2019-01-21 06:18:54-07,JumpDC,pedal-assist-bike,2019-01-21 06:20:00-07,-76.9731383333333,38.9054683333333
BirdDC-IEUS9,IEUS9,2019-01-21 06:20:05-07,BirdDC,electric-scooter,2019-01-21 06:20:00-07,-77.065315,38.910865
JumpDC-bike_23228,JUMP DC-2537,2019-01-21 06:18:54-07,JumpDC,pedal-assist-bike,2019-01-21 06:20:00-07,-77.0547733333333,38.91057
BirdDC-J7DIT,J7DIT,2019-01-21 06:20:05-07,BirdDC,electric-scooter,2019-01-21 06:20:00-07,-77.0531316666667,38.91077
JumpDC-bike_18887,JUMP DC-0764,2019-01-21 06:18:54-07,JumpDC,pedal-assist-bike,2019-01-21 06:20:00-07,-77.0528516666667,38.9105666666667
JumpDC-bike_23452,JUMP DC-2587,2019-01-21 06:18:54-07,JumpDC,pedal-assist-bike,2019-01-21 06:20:00-07,-77.0527333333333,38.9137683333333
SkipDC-352897091392160,"",2019-01-21 06:19:52-07,SkipDC,electric-scooter,2019-01-21 06:20:00-07,-77.0492617,38.9103667
JumpDC-bike_23443,JUMP DC-2578 ,2019-01-21 06:18:54-07,JumpDC,pedal-assist-bike,2019-01-21 06:20:00-07,-77.0414933333333,38.9103283333333
JumpDC-bike_23433,JUMP DC-2568,2019-01-21 06:18:54-07,JumpDC,pedal-assist-bike,2019-01-21 06:20:00-07,-77.0447733333333,38.9109083333333
SkipDC-352897090523369,"",2019-01-21 06:19:52-07,SkipDC,electric-scooter,2019-01-21 06:20:00-07,-77.0453833,38.912415
SkipDC-352897091325921,"",2019-01-21 06:19:52-07,SkipDC,electric-scooter,2019-01-21 06:20:00-07,-77.0447383,38.91345
SkipDC-352897091384480,"",2019-01-21 06:19:52-07,SkipDC,electric-scooter,2019-01-21 06:20:00-07,-77.0468567,38.9133167
JumpDC-bike_23415,JUMP DC-2550,2019-01-21 06:18:54-07,JumpDC,pedal-assist-bike,2019-01-21 06:20:00-07,-77.0450183333333,38.9103333333333
SkipDC-352897091310568,"",2019-01-21 06:19:52-07,SkipDC,electric-scooter,2019-01-21 06:20:00-07,-77.0464833,38.9107933
SkipDC-352897091436884,"",2019-01-21 06:19:52-07,SkipDC,electric-scooter,2019-01-21 06:20:00-07,-77.0461666,38.9106239
JumpDC-bike_18922,JUMP DC-0801,2019-01-21 06:18:54-07,JumpDC,pedal-assist-bike,2019-01-21 06:20:00-07,-77.0373283333333,38.91154
JumpDC-bike_23417,JUMP DC-2552,2019-01-21 06:18:54-07,JumpDC,pedal-assist-bike,2019-01-21 06:20:00-07,-77.0316766666667,38.9118616666667
BirdDC-7N8V7,7N8V7,2019-01-21 06:20:05-07,BirdDC,electric-scooter,2019-01-21 06:20:00-07,-77.0261233333333,38.9126516666667
BirdDC-ECEG7,ECEG7,2019-01-21 06:20:05-07,BirdDC,electric-scooter,2019-01-21 06:20:00-07,-77.0261466666667,38.9126733333333
BirdDC-A1GTL,A1GTL,2019-01-21 06:20:05-07,BirdDC,electric-scooter,2019-01-21 06:20:00-07,-77.0285266666667,38.911155
JumpDC-bike_23215,JUMP DC-2524,2019-01-21 06:18:54-07,JumpDC,pedal-assist-bike,2019-01-21 06:20:00-07,-77.0224783333333,38.9127716666667
JumpDC-bike_23657,JUMP DC-2692,2019-01-21 06:18:54-07,JumpDC,pedal-assist-bike,2019-01-21 06:20:00-07,-77.0120066666667,38.912775
BirdDC-DW1I5,DW1I5,2019-01-21 06:20:05-07,BirdDC,electric-scooter,2019-01-21 06:20:00-07,-77.0151811384127,38.9112651631575
SkipDC-352897091437981,"",2019-01-21 06:19:52-07,SkipDC,electric-scooter,2019-01-21 06:20:00-07,-77.0120768,38.9118955
JumpDC-bike_18848,JUMP DC-0693,2019-01-21 06:18:54-07,JumpDC,pedal-assist-bike,2019-01-21 06:20:00-07,-77.012305,38.9126883333333
SkipDC-352897091328248,"",2019-01-21 06:19:52-07,SkipDC,electric-scooter,2019-01-21 06:20:00-07,-77.0108883,38.9124583
JumpDC-bike_23172,JUMP DC-2481,2019-01-21 06:18:54-07,JumpDC,pedal-assist-bike,2019-01-21 06:20:00-07,-76.9892083333333,38.91085
JumpDC-bike_23207,JUMP DC-2516,2019-01-21 06:18:54-07,JumpDC,pedal-assist-bike,2019-01-21 06:20:00-07,-76.98608,38.9100516666667
SkipDC-352897090424741,"",2019-01-21 06:19:52-07,SkipDC,electric-scooter,2019-01-21 06:20:00-07,-77.0228016,38.9206782
SkipDC-352897090451322,"",2019-01-21 06:19:52-07,SkipDC,electric-scooter,2019-01-21 06:20:00-07,-77.0220033,38.9200917
SkipDC-352897091381726,"",2019-01-21 06:19:52-07,SkipDC,electric-scooter,2019-01-21 06:20:00-07,-77.021885,38.9200667
SkipDC-352897091437106,"",2019-01-21 06:19:52-07,SkipDC,electric-scooter,2019-01-21 06:20:00-07,-77.0220317,38.9201217
SkipDC-352897090480123,"",2019-01-21 06:19:52-07,SkipDC,electric-scooter,2019-01-21 06:20:00-07,-77.0217017,38.9197833
JumpDC-bike_23711,JUMP DC-2746,2019-01-21 06:18:54-07,JumpDC,pedal-assist-bike,2019-01-21 06:20:00-07,-77.011575,38.9223483333333
BirdDC-177BK,177BK,2019-01-21 06:20:05-07,BirdDC,electric-scooter,2019-01-21 06:20:00-07,-77.000145,38.9208716666667
JumpDC-bike_18879,JUMP DC-0838,2019-01-21 06:18:54-07,JumpDC,pedal-assist-bike,2019-01-21 06:20:00-07,-76.955375,38.9211516666667
JumpDC-bike_18870,JUMP DC-0829,2019-01-21 06:18:54-07,JumpDC,pedal-assist-bike,2019-01-21 06:20:00-07,-77.0525166666667,38.9237983333333
SkipDC-352897091311467,"",2019-01-21 06:19:52-07,SkipDC,electric-scooter,2019-01-21 06:20:00-07,-77.0388983,38.9252317
JumpDC-bike_23634,JUMP DC-2669,2019-01-21 06:18:54-07,JumpDC,pedal-assist-bike,2019-01-21 06:20:00-07,-77.035775,38.9278733333333
JumpDC-bike_23614,JUMP DC-2649,2019-01-21 06:18:54-07,JumpDC,pedal-assist-bike,2019-01-21 06:20:00-07,-77.0360566666667,38.9262666666667
JumpDC-bike_18912,JUMP DC-0791,2019-01-21 06:18:54-07,JumpDC,pedal-assist-bike,2019-01-21 06:20:00-07,-77.0295033333333,38.9258483333333
BirdDC-PTH2S,PTH2S,2019-01-21 06:20:05-07,BirdDC,electric-scooter,2019-01-21 06:20:00-07,-77.03019,38.923628
JumpDC-bike_16514,JUMP DC-0202,2019-01-21 06:04:24-07,JumpDC,pedal-assist-bike,2019-01-21 06:05:00-07,-77.0026916666667,38.9523816666667
JumpDC-bike_23191,JUMP DC-2500,2019-01-21 06:04:24-07,JumpDC,pedal-assist-bike,2019-01-21 06:05:00-07,-77.0026283333333,38.9523716666667
JumpDC-bike_23234,JUMP DC-2543,2019-01-21 06:04:24-07,JumpDC,pedal-assist-bike,2019-01-21 06:05:00-07,-77.0027433333333,38.952315
JumpDC-bike_23478,JUMP DC-2613,2019-01-21 06:04:24-07,JumpDC,pedal-assist-bike,2019-01-21 06:05:00-07,-77.0026566666667,38.952305
BirdDC-18Z2P,18Z2P,2019-01-21 06:20:05-07,BirdDC,electric-scooter,2019-01-21 06:20:00-07,-76.9872283333333,38.86718
BirdDC-IBCB4,IBCB4,2019-01-21 06:20:05-07,BirdDC,electric-scooter,2019-01-21 06:20:00-07,-76.9851533333333,38.86679
JumpDC-bike_23697,JUMP DC-2732,2019-01-21 06:18:54-07,JumpDC,pedal-assist-bike,2019-01-21 06:20:00-07,-76.98056,38.8650466666667
JumpDC-bike_16598,JUMP DC-0232,2019-01-21 06:18:54-07,JumpDC,pedal-assist-bike,2019-01-21 06:20:00-07,-77.0107116666667,38.8713733333333
SkipDC-352897090472260,"",2019-01-21 06:19:52-07,SkipDC,electric-scooter,2019-01-21 06:20:00-07,-77.0056533,38.8737517
SkipDC-352897091432701,"",2019-01-21 06:19:52-07,SkipDC,electric-scooter,2019-01-21 06:20:00-07,-77.0213427,38.8782554
SkipDC-352897091387624,"",2019-01-21 06:19:52-07,SkipDC,electric-scooter,2019-01-21 06:20:00-07,-77.0135559,38.8757193
SkipDC-352897091274863,"",2019-01-21 06:19:52-07,SkipDC,electric-scooter,2019-01-21 06:20:00-07,-77.01686,38.874635
SkipDC-352897090484364,"",2019-01-21 06:19:52-07,SkipDC,electric-scooter,2019-01-21 06:20:00-07,-77.0167833,38.87465
SkipDC-352897091328040,"",2019-01-21 06:19:52-07,SkipDC,electric-scooter,2019-01-21 06:20:00-07,-77.011355,38.8754833
JumpDC-bike_23432,JUMP DC-2567,2019-01-21 06:18:54-07,JumpDC,pedal-assist-bike,2019-01-21 06:20:00-07,-77.0033683333333,38.8769483333333
JumpDC-bike_23179,JUMP DC-2488,2019-01-21 06:18:54-07,JumpDC,pedal-assist-bike,2019-01-21 06:20:00-07,-77.0042716666667,38.8766166666667
BirdDC-EUG6C,EUG6C,2019-01-21 06:20:05-07,BirdDC,electric-scooter,2019-01-21 06:20:00-07,-77.0448616666667,38.8850666666667
BirdDC-WP8HA,WP8HA,2019-01-21 06:20:05-07,BirdDC,electric-scooter,2019-01-21 06:20:00-07,-77.0436333333333,38.8871116666667
SkipDC-352897091025620,"",2019-01-21 06:19:52-07,SkipDC,electric-scooter,2019-01-21 06:20:00-07,-77.0452517,38.8865417
SkipDC-352897091427982,"",2019-01-21 06:19:52-07,SkipDC,electric-scooter,2019-01-21 06:20:00-07,-77.0287317,38.8849917
SkipDC-352897090561740,"",2019-01-21 06:19:52-07,SkipDC,electric-scooter,2019-01-21 06:20:00-07,-77.0285983,38.8872833
SkipDC-352897091391865,"",2019-01-21 06:19:52-07,SkipDC,electric-scooter,2019-01-21 06:20:00-07,-77.0286083,38.887315
SkipDC-352897091294184,"",2019-01-21 06:19:52-07,SkipDC,electric-scooter,2019-01-21 06:20:00-07,-77.0285373,38.887366
SkipDC-352897091382062,"",2019-01-21 06:19:52-07,SkipDC,electric-scooter,2019-01-21 06:20:00-07,-77.0192027,38.8872075
JumpDC-bike_23188,JUMP DC-2497,2019-01-21 06:18:54-07,JumpDC,pedal-assist-bike,2019-01-21 06:20:00-07,-77.019355,38.884735
SkipDC-352897091279623,"",2019-01-21 06:19:52-07,SkipDC,electric-scooter,2019-01-21 06:20:00-07,-77.021555,38.885785
SkipDC-352897091292048,"",2019-01-21 06:19:52-07,SkipDC,electric-scooter,2019-01-21 06:20:00-07,-77.0199167,38.8860567
SkipDC-352897091279904,"",2019-01-21 06:19:52-07,SkipDC,electric-scooter,2019-01-21 06:20:00-07,-77.0204674,38.886374
JumpDC-bike_16501,JUMP DC-0188,2019-01-21 06:18:54-07,JumpDC,pedal-assist-bike,2019-01-21 06:20:00-07,-77.0177816666667,38.8860316666667
SkipDC-352897091272867,"",2019-01-21 06:19:52-07,SkipDC,electric-scooter,2019-01-21 06:20:00-07,-77.0220917,38.8862817
SkipDC-352897091456346,"",2019-01-21 06:19:52-07,SkipDC,electric-scooter,2019-01-21 06:20:00-07,-77.0206589,38.8863654
SkipDC-352897091462484,"",2019-01-21 06:19:52-07,SkipDC,electric-scooter,2019-01-21 06:20:00-07,-77.0204909,38.8863847
SkipDC-352897091281165,"",2019-01-21 06:19:52-07,SkipDC,electric-scooter,2019-01-21 06:20:00-07,-77.0205064,38.886421
JumpDC-bike_16491,JUMP DC-0178,2019-01-21 06:18:54-07,JumpDC,pedal-assist-bike,2019-01-21 06:20:00-07,-77.01534,38.8849633333333
SkipDC-352897091431182,"",2019-01-21 06:19:52-07,SkipDC,electric-scooter,2019-01-21 06:20:00-07,-77.0060721,38.8854872
SkipDC-352897091386428,"",2019-01-21 06:19:52-07,SkipDC,electric-scooter,2019-01-21 06:20:00-07,-77.0024333,38.8846967
SkipDC-352897091381221,"",2019-01-21 06:19:52-07,SkipDC,electric-scooter,2019-01-21 06:20:00-07,-77.0128983,38.89061
JumpDC-bike_16634,JUMP DC-0226,2019-01-21 06:18:54-07,JumpDC,pedal-assist-bike,2019-01-21 06:20:00-07,-76.9988366666667,38.8898133333333
JumpDC-bike_18858,JUMP DC-0817,2019-01-21 06:18:54-07,JumpDC,pedal-assist-bike,2019-01-21 06:20:00-07,-77.048745,38.8928283333333
SkipDC-352897090467245,"",2019-01-21 06:19:52-07,SkipDC,electric-scooter,2019-01-21 06:20:00-07,-77.048735,38.8924517
SkipDC-352897090568729,"",2019-01-21 06:19:52-07,SkipDC,electric-scooter,2019-01-21 06:20:00-07,-77.0487383,38.89245
BirdDC-V9I32,V9I32,2019-01-21 06:20:05-07,BirdDC,electric-scooter,2019-01-21 06:20:00-07,-77.0450133333333,38.894665
SkipDC-352897090558662,"",2019-01-21 06:19:52-07,SkipDC,electric-scooter,2019-01-21 06:20:00-07,-77.046855,38.894935
BirdDC-A78UR,A78UR,2019-01-21 06:20:05-07,BirdDC,electric-scooter,2019-01-21 06:20:00-07,-77.0416033333333,38.8927116666667
SkipDC-352897091433006,"",2019-01-21 06:19:52-07,SkipDC,electric-scooter,2019-01-21 06:20:00-07,-77.046125,38.8922967
SkipDC-352897090562524,"",2019-01-21 06:19:52-07,SkipDC,electric-scooter,2019-01-21 06:20:00-07,-77.046915,38.8948667
SkipDC-352897091391543,"",2019-01-21 06:19:52-07,SkipDC,electric-scooter,2019-01-21 06:20:00-07,-77.0383433,38.893335
BirdDC-U2X7A,U2X7A,2019-01-21 06:20:05-07,BirdDC,electric-scooter,2019-01-21 06:20:00-07,-77.0557716666667,38.9001316666667
BirdDC-F45JN,F45JN,2019-01-21 06:20:05-07,BirdDC,electric-scooter,2019-01-21 06:20:00-07,-77.0505516666667,38.8984216666667
BirdDC-EY2KI,EY2KI,2019-01-21 06:20:05-07,BirdDC,electric-scooter,2019-01-21 06:20:00-07,-77.0497283333333,38.89772
SkipDC-352897091291768,"",2019-01-21 06:19:52-07,SkipDC,electric-scooter,2019-01-21 06:20:00-07,-77.0493267,38.8981667
SkipDC-352897091274129,"",2019-01-21 06:19:52-07,SkipDC,electric-scooter,2019-01-21 06:20:00-07,-77.0493217,38.8982633
SkipDC-352897091310709,"",2019-01-21 06:19:52-07,SkipDC,electric-scooter,2019-01-21 06:20:00-07,-77.046755,38.900285
BirdDC-TX3LR,TX3LR,2019-01-21 06:20:05-07,BirdDC,electric-scooter,2019-01-21 06:20:00-07,-77.0433433333333,38.896565
BirdDC-395LM,395LM,2019-01-21 06:20:05-07,BirdDC,electric-scooter,2019-01-21 06:20:00-07,-77.0449983333333,38.8972516666667
SkipDC-352897091386360,"",2019-01-21 06:19:52-07,SkipDC,electric-scooter,2019-01-21 06:20:00-07,-77.0466277,38.9005296
JumpDC-bike_23617,JUMP DC-2652,2019-01-21 06:18:54-07,JumpDC,pedal-assist-bike,2019-01-21 06:20:00-07,-77.0466616666667,38.897275
BirdDC-9VHCU,9VHCU,2019-01-21 06:20:05-07,BirdDC,electric-scooter,2019-01-21 06:20:00-07,-77.0466766666667,38.9008783333333
JumpDC-bike_18831,JUMP DC-0708,2019-01-21 06:18:54-07,JumpDC,pedal-assist-bike,2019-01-21 06:20:00-07,-77.0403583333333,38.8985183333333
BirdDC-1BX55,1BX55,2019-01-21 06:20:05-07,BirdDC,electric-scooter,2019-01-21 06:20:00-07,-77.0393683333333,38.900185
SkipDC-352897091384381,"",2019-01-21 06:19:52-07,SkipDC,electric-scooter,2019-01-21 06:20:00-07,-77.035425,38.900035
JumpDC-bike_18855,JUMP DC-0691,2019-01-21 06:18:54-07,JumpDC,pedal-assist-bike,2019-01-21 06:20:00-07,-77.0404983333333,38.8984416666667
JumpDC-bike_23674,JUMP DC-2709,2019-01-21 06:18:54-07,JumpDC,pedal-assist-bike,2019-01-21 06:20:00-07,-77.0406016666667,38.8984633333333
SkipDC-352897091387244,"",2019-01-21 06:19:52-07,SkipDC,electric-scooter,2019-01-21 06:20:00-07,-77.03525,38.9001017
JumpDC-bike_23618,JUMP DC-2653,2019-01-21 06:18:54-07,JumpDC,pedal-assist-bike,2019-01-21 06:20:00-07,-77.0271166666667,38.9001716666667
JumpDC-bike_18840,JUMP DC-0846,2019-01-21 06:18:54-07,JumpDC,pedal-assist-bike,2019-01-21 06:20:00-07,-77.0198183333333,38.8985666666667
SkipDC-352897090457824,"",2019-01-21 06:19:52-07,SkipDC,electric-scooter,2019-01-21 06:20:00-07,-77.021775,38.8987
SkipDC-352897091275001,"",2019-01-21 06:19:52-07,SkipDC,electric-scooter,2019-01-21 06:20:00-07,-77.0192878,38.8983501
SkipDC-352897090437164,"",2019-01-21 06:19:52-07,SkipDC,electric-scooter,2019-01-21 06:20:00-07,-77.0180383,38.897495
JumpDC-bike_18874,JUMP DC-0833,2019-01-21 06:18:54-07,JumpDC,pedal-assist-bike,2019-01-21 06:20:00-07,-77.019505,38.8982866666667
JumpDC-bike_23469,JUMP DC-2604,2019-01-21 06:18:54-07,JumpDC,pedal-assist-bike,2019-01-21 06:20:00-07,-77.0123183333333,38.8993416666667
BirdDC-82F1F,82F1F,2019-01-21 06:20:05-07,BirdDC,electric-scooter,2019-01-21 06:20:00-07,-77.01255,38.8996583333333
JumpDC-bike_23199,JUMP DC-2508,2019-01-21 06:18:54-07,JumpDC,pedal-assist-bike,2019-01-21 06:20:00-07,-77.0049283333333,38.8968783333333
SkipDC-352897091391469,"",2019-01-21 06:19:52-07,SkipDC,electric-scooter,2019-01-21 06:20:00-07,-77.0006816,38.8967394
SkipDC-352897090563860,"",2019-01-21 06:19:52-07,SkipDC,electric-scooter,2019-01-21 06:20:00-07,-77.0020617,38.9001317
JumpDC-bike_23449,JUMP DC-2584,2019-01-21 06:18:54-07,JumpDC,pedal-assist-bike,2019-01-21 06:20:00-07,-77.00491,38.896865
JumpDC-bike_23150,JUMP DC-2459,2019-01-21 06:18:54-07,JumpDC,pedal-assist-bike,2019-01-21 06:20:00-07,-77.0052566666667,38.8964233333333
JumpDC-bike_18822,JUMP DC-0699,2019-01-21 06:18:54-07,JumpDC,pedal-assist-bike,2019-01-21 06:20:00-07,-76.99616,38.897475
JumpDC-bike_23467,JUMP DC-2602,2019-01-21 06:18:54-07,JumpDC,pedal-assist-bike,2019-01-21 06:20:00-07,-76.9973833333333,38.8993416666667
BirdDC-47F2V,47F2V,2019-01-21 06:20:05-07,BirdDC,electric-scooter,2019-01-21 06:20:00-07,-76.974395,38.8971283333333
BirdDC-B33HA,B33HA,2019-01-21 06:20:05-07,BirdDC,electric-scooter,2019-01-21 06:20:00-07,-76.9744183333333,38.8971816666667
BirdDC-YBL8M,YBL8M,2019-01-21 06:20:05-07,BirdDC,electric-scooter,2019-01-21 06:20:00-07,-76.9743266666667,38.8971933333333
JumpDC-bike_23212,JUMP DC-2521,2019-01-21 06:18:54-07,JumpDC,pedal-assist-bike,2019-01-21 06:20:00-07,-76.946775,38.8976583333333
JumpDC-bike_18903,JUMP DC-0782,2019-01-21 06:18:54-07,JumpDC,pedal-assist-bike,2019-01-21 06:20:00-07,-76.946445,38.89896
BirdDC-MEBFD,MEBFD,2019-01-21 06:20:05-07,BirdDC,electric-scooter,2019-01-21 06:20:00-07,-77.0659033333333,38.9050216666667
BirdDC-EUBN8,EUBN8,2019-01-21 06:20:05-07,BirdDC,electric-scooter,2019-01-21 06:20:00-07,-77.0659866666667,38.9047316666667
BirdDC-1GDGZ,1GDGZ,2019-01-21 06:20:05-07,BirdDC,electric-scooter,2019-01-21 06:20:00-07,-77.0659716666667,38.9035683333333
SkipDC-352897091291545,"",2019-01-21 06:19:52-07,SkipDC,electric-scooter,2019-01-21 06:20:00-07,-77.0454723,38.9026857
JumpDC-bike_23712,JUMP DC-2747,2019-01-21 06:18:54-07,JumpDC,pedal-assist-bike,2019-01-21 06:20:00-07,-77.04177,38.901535
JumpDC-bike_18933,JUMP DC-0812,2019-01-21 06:18:54-07,JumpDC,pedal-assist-bike,2019-01-21 06:20:00-07,-77.0396933333333,38.9033033333333
JumpDC-bike_18911,JUMP DC-0790,2019-01-21 06:18:54-07,JumpDC,pedal-assist-bike,2019-01-21 06:20:00-07,-77.0397233333333,38.90331
JumpDC-bike_23194,JUMP DC-2503,2019-01-21 06:18:54-07,JumpDC,pedal-assist-bike,2019-01-21 06:20:00-07,-77.04009,38.9035016666667
JumpDC-bike_23625,JUMP DC-2660,2019-01-21 06:18:54-07,JumpDC,pedal-assist-bike,2019-01-21 06:20:00-07,-77.0373066666667,38.9023933333333
BirdDC-T3CFE,T3CFE,2019-01-21 06:20:05-07,BirdDC,electric-scooter,2019-01-21 06:20:00-07,-77.0397901062428,38.903275718892
BirdDC-BUKC1,BUKC1,2019-01-21 06:20:05-07,BirdDC,electric-scooter,2019-01-21 06:20:00-07,-77.03894,38.9029583333333
JumpDC-bike_18895,JUMP DC-0774,2019-01-21 06:18:54-07,JumpDC,pedal-assist-bike,2019-01-21 06:20:00-07,-77.033565,38.902815
SkipDC-352897091273949,"",2019-01-21 06:19:52-07,SkipDC,electric-scooter,2019-01-21 06:20:00-07,-77.0338,38.9015283
SkipDC-352897090563944,"",2019-01-21 06:19:52-07,SkipDC,electric-scooter,2019-01-21 06:20:00-07,-77.03368,38.9016217
JumpDC-bike_23167,JUMP DC-2476,2019-01-21 06:18:54-07,JumpDC,pedal-assist-bike,2019-01-21 06:20:00-07,-77.030285,38.9025183333333
JumpDC-bike_23624,JUMP DC-2659,2019-01-21 06:18:54-07,JumpDC,pedal-assist-bike,2019-01-21 06:20:00-07,-77.0305566666667,38.90272
SkipDC-352897090537849,"",2019-01-21 06:19:52-07,SkipDC,electric-scooter,2019-01-21 06:20:00-07,-77.034635,38.9045367
SkipDC-352897091275183,"",2019-01-21 06:19:52-07,SkipDC,electric-scooter,2019-01-21 06:20:00-07,-77.029475,38.9044517
SkipDC-352897090558449,"",2019-01-21 06:19:52-07,SkipDC,electric-scooter,2019-01-21 06:20:00-07,-77.02388,38.9028133
JumpDC-bike_16502,JUMP DC-0189,2019-01-21 06:18:54-07,JumpDC,pedal-assist-bike,2019-01-21 06:20:00-07,-77.0243283333333,38.9020066666667
BirdDC-6KAF4,6KAF4,2019-01-21 06:20:05-07,BirdDC,electric-scooter,2019-01-21 06:20:00-07,-77.0249483333333,38.9039616666667
BirdDC-KEZE7,KEZE7,2019-01-21 06:20:05-07,BirdDC,electric-scooter,2019-01-21 06:20:00-07,-77.0288316666667,38.9015883333333
SkipDC-352897091391287,"",2019-01-21 06:19:52-07,SkipDC,electric-scooter,2019-01-21 06:20:00-07,-77.02688,38.9052783
SkipDC-352897091314727,"",2019-01-21 06:19:52-07,SkipDC,electric-scooter,2019-01-21 06:20:00-07,-77.02602,38.9049467
JumpDC-bike_16625,JUMP DC-0230 ,2019-01-21 06:18:54-07,JumpDC,pedal-assist-bike,2019-01-21 06:20:00-07,-77.0190133333333,38.9034283333333
JumpDC-bike_17237,JUMP DC-0239,2019-01-21 06:18:54-07,JumpDC,pedal-assist-bike,2019-01-21 06:20:00-07,-77.0196266666667,38.9044366666667
JumpDC-bike_23660,JUMP DC-2695,2019-01-21 06:18:54-07,JumpDC,pedal-assist-bike,2019-01-21 06:20:00-07,-77.0174766666667,38.9025
JumpDC-bike_81152,JUMP DC-2569,2019-01-21 06:18:54-07,JumpDC,pedal-assist-bike,2019-01-21 06:20:00-07,-77.0169383333333,38.9026566666667
BirdDC-YS56R,YS56R,2019-01-21 06:20:05-07,BirdDC,electric-scooter,2019-01-21 06:20:00-07,-77.016915,38.905335
SkipDC-352897091200561,"",2019-01-21 06:19:52-07,SkipDC,electric-scooter,2019-01-21 06:20:00-07,-77.0163133,38.9046133
SkipDC-352897091391584,"",2019-01-21 06:19:52-07,SkipDC,electric-scooter,2019-01-21 06:20:00-07,-77.0442952,38.9087641
JumpDC-bike_23143,JUMP DC-2452,2019-01-21 06:18:54-07,JumpDC,pedal-assist-bike,2019-01-21 06:20:00-07,-77.0416,38.9059966666667
JumpDC-bike_23504,JUMP DC-2639,2019-01-21 06:18:54-07,JumpDC,pedal-assist-bike,2019-01-21 06:20:00-07,-77.04297,38.9090066666667
JumpDC-bike_18824,JUMP DC-0701,2019-01-21 06:18:54-07,JumpDC,pedal-assist-bike,2019-01-21 06:20:00-07,-77.0447933333333,38.907935
BirdDC-V6UMJ,V6UMJ,2019-01-21 06:20:05-07,BirdDC,electric-scooter,2019-01-21 06:20:00-07,-77.0434716666667,38.9055933333333
SkipDC-352897091431067,"",2019-01-21 06:19:52-07,SkipDC,electric-scooter,2019-01-21 06:20:00-07,-77.0372516,38.906848
JumpDC-bike_23480,JUMP DC-2615,2019-01-21 06:18:54-07,JumpDC,pedal-assist-bike,2019-01-21 06:20:00-07,-77.0395916666667,38.9063183333333
JumpDC-bike_18830,JUMP DC-0707,2019-01-21 06:18:54-07,JumpDC,pedal-assist-bike,2019-01-21 06:20:00-07,-77.0396,38.9071966666667
JumpDC-bike_18828,JUMP DC-0705,2019-01-21 06:18:54-07,JumpDC,pedal-assist-bike,2019-01-21 06:20:00-07,-77.0402233333333,38.9072283333333
BirdDC-VZQN4,VZQN4,2019-01-21 06:20:05-07,BirdDC,electric-scooter,2019-01-21 06:20:00-07,-77.0367966666667,38.9081083333333
JumpDC-bike_23945,JUMP DC-2454,2019-01-21 06:18:54-07,JumpDC,pedal-assist-bike,2019-01-21 06:20:00-07,-77.0401166666667,38.9085666666667
BirdDC-9LUA7,9LUA7,2019-01-21 06:20:05-07,BirdDC,electric-scooter,2019-01-21 06:20:00-07,-77.039055,38.90628
JumpDC-bike_18862,JUMP DC-0821,2019-01-21 06:18:54-07,JumpDC,pedal-assist-bike,2019-01-21 06:20:00-07,-77.030675,38.907655
JumpDC-bike_23438,JUMP DC-2573,2019-01-21 06:18:54-07,JumpDC,pedal-assist-bike,2019-01-21 06:20:00-07,-77.0337366666667,38.9096933333333
JumpDC-bike_18906,JUMP DC-0785,2019-01-21 06:18:54-07,JumpDC,pedal-assist-bike,2019-01-21 06:20:00-07,-77.0336583333333,38.90971
JumpDC-bike_23490,JUMP DC-2625,2019-01-21 06:18:54-07,JumpDC,pedal-assist-bike,2019-01-21 06:20:00-07,-77.03172,38.9071916666667
SkipDC-352897091274020,"",2019-01-21 06:19:52-07,SkipDC,electric-scooter,2019-01-21 06:20:00-07,-77.0345795,38.9067763
JumpDC-bike_23418,JUMP DC-2553,2019-01-21 06:18:54-07,JumpDC,pedal-assist-bike,2019-01-21 06:20:00-07,-77.024995,38.9063933333333
BirdDC-68IMC,68IMC,2019-01-21 06:20:05-07,BirdDC,electric-scooter,2019-01-21 06:20:00-07,-77.0237883333333,38.9069716666667
JumpDC-bike_23487,JUMP DC-2622,2019-01-21 06:18:54-07,JumpDC,pedal-assist-bike,2019-01-21 06:20:00-07,-77.0253466666667,38.9096733333333
SkipDC-352897091272743,"",2019-01-21 06:19:52-07,SkipDC,electric-scooter,2019-01-21 06:20:00-07,-77.0219083,38.90673
JumpDC-bike_23457,JUMP DC-2592,2019-01-21 06:18:54-07,JumpDC,pedal-assist-bike,2019-01-21 06:20:00-07,-76.9971766666667,38.9081666666667
JumpDC-bike_23229,JUMP DC-2538,2019-01-21 06:18:54-07,JumpDC,pedal-assist-bike,2019-01-21 06:20:00-07,-76.9946466666667,38.9074333333333
JumpDC-bike_23509,JUMP DC-2644 ,2019-01-21 06:18:54-07,JumpDC,pedal-assist-bike,2019-01-21 06:20:00-07,-76.99721,38.9081683333333
BirdDC-C2CMB,C2CMB,2019-01-21 06:20:05-07,BirdDC,electric-scooter,2019-01-21 06:20:00-07,-77.0415513705741,38.9188592823832
BirdDC-H5N31,H5N31,2019-01-21 06:20:05-07,BirdDC,electric-scooter,2019-01-21 06:20:00-07,-77.0416566666667,38.9166266666667
JumpDC-bike_23160,JUMP DC-2469,2019-01-21 06:18:54-07,JumpDC,pedal-assist-bike,2019-01-21 06:20:00-07,-77.0424083333333,38.9177316666667
BirdDC-AZBXJ,AZBXJ,2019-01-21 06:20:05-07,BirdDC,electric-scooter,2019-01-21 06:20:00-07,-77.0415883333333,38.91676
BirdDC-CS68G,CS68G,2019-01-21 06:20:05-07,BirdDC,electric-scooter,2019-01-21 06:20:00-07,-77.0394000491291,38.91880622077
BirdDC-WDZP7,WDZP7,2019-01-21 06:20:05-07,BirdDC,electric-scooter,2019-01-21 06:20:00-07,-77.0392347493216,38.9188625945943
BirdDC-MQ1IL,MQ1IL,2019-01-21 06:20:05-07,BirdDC,electric-scooter,2019-01-21 06:20:00-07,-77.0392330547145,38.9189124384657
BirdDC-VP73,VP73,2019-01-21 06:20:05-07,BirdDC,electric-scooter,2019-01-21 06:20:00-07,-77.0391862,38.9188162
BirdDC-GH22T,GH22T,2019-01-21 06:20:05-07,BirdDC,electric-scooter,2019-01-21 06:20:00-07,-77.0391922432366,38.9187520197755
BirdDC-XAJMV,XAJMV,2019-01-21 06:20:05-07,BirdDC,electric-scooter,2019-01-21 06:20:00-07,-77.0390083333333,38.918815
BirdDC-V6GR3,V6GR3,2019-01-21 06:20:05-07,BirdDC,electric-scooter,2019-01-21 06:20:00-07,-77.0391272277014,38.9185322618444
BirdDC-D9JXN,D9JXN,2019-01-21 06:20:05-07,BirdDC,electric-scooter,2019-01-21 06:20:00-07,-77.0391787562488,38.9187717810823
BirdDC-UU2A3,UU2A3,2019-01-21 06:20:05-07,BirdDC,electric-scooter,2019-01-21 06:20:00-07,-77.039208129539,38.9188744506733
BirdDC-BMWJM,BMWJM,2019-01-21 06:20:05-07,BirdDC,electric-scooter,2019-01-21 06:20:00-07,-77.0392401432289,38.9188356670921
BirdDC-26TI8,26TI8,2019-01-21 06:20:05-07,BirdDC,electric-scooter,2019-01-21 06:20:00-07,-77.0391788833352,38.9186203590338
BirdDC-VSXD,VSXD,2019-01-21 06:20:05-07,BirdDC,electric-scooter,2019-01-21 06:20:00-07,-77.0392428339245,38.9187512174611
JumpDC-bike_23156,JUMP DC-2465,2019-01-21 06:18:54-07,JumpDC,pedal-assist-bike,2019-01-21 06:20:00-07,-77.0299766666667,38.9169066666667
BirdDC-H78F8,H78F8,2019-01-21 06:20:05-07,BirdDC,electric-scooter,2019-01-21 06:20:00-07,-77.0297616666667,38.91819
SkipDC-352897091386980,"",2019-01-21 06:19:52-07,SkipDC,electric-scooter,2019-01-21 06:20:00-07,-77.0294247,38.9150921
JumpDC-bike_23142,JUMP DC-2451,2019-01-21 06:18:54-07,JumpDC,pedal-assist-bike,2019-01-21 06:20:00-07,-77.03247,38.91715
JumpDC-bike_18899,JUMP DC-0778,2019-01-21 06:18:54-07,JumpDC,pedal-assist-bike,2019-01-21 06:20:00-07,-77.0298816666667,38.9170533333333
SkipDC-352897091380868,"",2019-01-21 06:19:52-07,SkipDC,electric-scooter,2019-01-21 06:20:00-07,-77.029495,38.9147033
JumpDC-bike_23508,JUMP DC-2643,2019-01-21 06:18:54-07,JumpDC,pedal-assist-bike,2019-01-21 06:20:00-07,-77.0312266666667,38.9169083333333
JumpDC-bike_18850,JUMP DC-0690,2019-01-21 06:18:54-07,JumpDC,pedal-assist-bike,2019-01-21 06:20:00-07,-77.0298366666667,38.9169683333333
BirdDC-PRJH7,PRJH7,2019-01-21 06:20:05-07,BirdDC,electric-scooter,2019-01-21 06:20:00-07,-77.0245966666667,38.9182283333333
BirdDC-U9ZLP,U9ZLP,2019-01-21 06:20:05-07,BirdDC,electric-scooter,2019-01-21 06:20:00-07,-77.0281216666667,38.916035
SkipDC-352897091299084,"",2019-01-21 06:19:52-07,SkipDC,electric-scooter,2019-01-21 06:20:00-07,-77.026815,38.9144883
JumpDC-bike_18826,JUMP DC-0703,2019-01-21 06:18:54-07,JumpDC,pedal-assist-bike,2019-01-21 06:20:00-07,-77.02902,38.91685
JumpDC-bike_23214,JUMP DC-2523,2019-01-21 06:18:54-07,JumpDC,pedal-assist-bike,2019-01-21 06:20:00-07,-77.0247733333333,38.9150333333333
BirdDC-A4ZPQ,A4ZPQ,2019-01-21 06:20:05-07,BirdDC,electric-scooter,2019-01-21 06:20:00-07,-77.0216666666667,38.91494
SkipDC-352897091432867,"",2019-01-21 06:19:52-07,SkipDC,electric-scooter,2019-01-21 06:20:00-07,-77.0219233,38.914595
JumpDC-bike_23455,JUMP DC-2590,2019-01-21 06:18:54-07,JumpDC,pedal-assist-bike,2019-01-21 06:20:00-07,-77.0126316666667,38.91541
JumpDC-bike_23147,JUMP DC-2456,2019-01-21 06:18:54-07,JumpDC,pedal-assist-bike,2019-01-21 06:20:00-07,-77.0126533333333,38.9154233333333
BirdDC-RYP4H,RYP4H,2019-01-21 06:20:05-07,BirdDC,electric-scooter,2019-01-21 06:20:00-07,-76.9694983333333,38.9180416666667
JumpDC-bike_23453,JUMP DC-2588  ,2019-01-21 06:18:54-07,JumpDC,pedal-assist-bike,2019-01-21 06:20:00-07,-77.0414866666667,38.91915
JumpDC-bike_18878,JUMP DC-0837,2019-01-21 06:18:54-07,JumpDC,pedal-assist-bike,2019-01-21 06:20:00-07,-77.0417166666667,38.91906
JumpDC-bike_23626,JUMP DC-2661,2019-01-21 06:18:54-07,JumpDC,pedal-assist-bike,2019-01-21 06:20:00-07,-77.0419216666667,38.9206
JumpDC-bike_23175,JUMP DC-2484,2019-01-21 06:18:54-07,JumpDC,pedal-assist-bike,2019-01-21 06:20:00-07,-77.0414966666667,38.9194666666667
JumpDC-bike_23163,JUMP DC-2472,2019-01-21 06:18:54-07,JumpDC,pedal-assist-bike,2019-01-21 06:20:00-07,-77.04164,38.9191566666667
JumpDC-bike_23201,JUMP DC-2510,2019-01-21 06:18:54-07,JumpDC,pedal-assist-bike,2019-01-21 06:20:00-07,-77.04154,38.9194366666667
BirdDC-Y1TA5,Y1TA5,2019-01-21 06:20:05-07,BirdDC,electric-scooter,2019-01-21 06:20:00-07,-77.0393011,38.9189451
BirdDC-FWYI7,FWYI7,2019-01-21 06:20:05-07,BirdDC,electric-scooter,2019-01-21 06:20:00-07,-77.0392879,38.9189784
SkipDC-352897091310824,"",2019-01-21 06:19:52-07,SkipDC,electric-scooter,2019-01-21 06:20:00-07,-77.0377367,38.9221217
SkipDC-352897091457807,"",2019-01-21 06:19:52-07,SkipDC,electric-scooter,2019-01-21 06:20:00-07,-77.0343917,38.921875
SkipDC-352897091437627,"",2019-01-21 06:19:52-07,SkipDC,electric-scooter,2019-01-21 06:20:00-07,-77.0340883,38.92255
SkipDC-352897091457922,"",2019-01-21 06:19:52-07,SkipDC,electric-scooter,2019-01-21 06:20:00-07,-77.0215829,38.9199794
SkipDC-352897091457823,"",2019-01-21 06:19:52-07,SkipDC,electric-scooter,2019-01-21 06:20:00-07,-77.0213621,38.9217998
SkipDC-352897091381007,"",2019-01-21 06:19:52-07,SkipDC,electric-scooter,2019-01-21 06:20:00-07,-77.018123,38.920472
JumpDC-bike_18896,JUMP DC-0775,2019-01-21 06:18:54-07,JumpDC,pedal-assist-bike,2019-01-21 06:20:00-07,-77.0385116666667,38.931305
JumpDC-bike_23694,JUMP DC-2729,2019-01-21 06:18:54-07,JumpDC,pedal-assist-bike,2019-01-21 06:20:00-07,-77.0373833333333,38.92865
JumpDC-bike_23166,JUMP DC-2475,2019-01-21 06:18:54-07,JumpDC,pedal-assist-bike,2019-01-21 06:20:00-07,-77.0384233333333,38.9310933333333
JumpDC-bike_16499,JUMP DC-0186,2019-01-21 06:18:54-07,JumpDC,pedal-assist-bike,2019-01-21 06:20:00-07,-77.0587216666667,38.936035
JumpDC-bike_81150,JUMP DC-2501,2019-01-21 06:18:54-07,JumpDC,pedal-assist-bike,2019-01-21 06:20:00-07,-77.0586216666667,38.9360466666667
JumpDC-bike_23713,JUMP DC-2748,2019-01-21 06:18:54-07,JumpDC,pedal-assist-bike,2019-01-21 06:20:00-07,-77.0586433333333,38.93603
JumpDC-bike_23687,JUMP DC-2722,2019-01-21 06:18:54-07,JumpDC,pedal-assist-bike,2019-01-21 06:20:00-07,-77.03261,38.93303
JumpDC-bike_16612,JUMP DC-0247,2019-01-21 06:18:54-07,JumpDC,pedal-assist-bike,2019-01-21 06:20:00-07,-77.0296333333333,38.9337116666667
JumpDC-bike_23513,JUMP DC-2648,2019-01-21 06:18:54-07,JumpDC,pedal-assist-bike,2019-01-21 06:20:00-07,-77.03472,38.9344233333333
JumpDC-bike_23144,JUMP DC-2453,2019-01-21 06:18:54-07,JumpDC,pedal-assist-bike,2019-01-21 06:20:00-07,-76.9938683333333,38.9331
JumpDC-bike_18836,JUMP DC-0713,2019-01-21 06:18:54-07,JumpDC,pedal-assist-bike,2019-01-21 06:20:00-07,-76.993755,38.9331766666667
JumpDC-bike_23698,JUMP DC-2733,2019-01-21 06:18:54-07,JumpDC,pedal-assist-bike,2019-01-21 06:20:00-07,-76.9937966666667,38.93314
JumpDC-bike_23512,JUMP DC-2647,2019-01-21 06:18:54-07,JumpDC,pedal-assist-bike,2019-01-21 06:20:00-07,-77.032625,38.9373266666667
JumpDC-bike_23620,JUMP DC-2655,2019-01-21 06:18:54-07,JumpDC,pedal-assist-bike,2019-01-21 06:20:00-07,-77.0331766666667,38.9388333333333
JumpDC-bike_23493,JUMP DC-2628,2019-01-21 06:34:04-07,JumpDC,pedal-assist-bike,2019-01-21 06:35:00-07,-76.9950616666667,38.862085
BirdDC-18Z2P,18Z2P,2019-01-21 06:35:05-07,BirdDC,electric-scooter,2019-01-21 06:35:00-07,-76.9872283333333,38.8671833333333
BirdDC-IBCB4,IBCB4,2019-01-21 06:35:05-07,BirdDC,electric-scooter,2019-01-21 06:35:00-07,-76.9851683333333,38.8667866666667
JumpDC-bike_23697,JUMP DC-2732,2019-01-21 06:34:04-07,JumpDC,pedal-assist-bike,2019-01-21 06:35:00-07,-76.98056,38.8650466666667
JumpDC-bike_16598,JUMP DC-0232,2019-01-21 06:34:04-07,JumpDC,pedal-assist-bike,2019-01-21 06:35:00-07,-77.0107116666667,38.8713733333333
SkipDC-352897090472260,"",2019-01-21 06:34:52-07,SkipDC,electric-scooter,2019-01-21 06:35:00-07,-77.0056533,38.8737517
SkipDC-352897091432701,"",2019-01-21 06:34:52-07,SkipDC,electric-scooter,2019-01-21 06:35:00-07,-77.0213779,38.8782197
SkipDC-352897090484364,"",2019-01-21 06:34:52-07,SkipDC,electric-scooter,2019-01-21 06:35:00-07,-77.0170089,38.874826
SkipDC-352897091274863,"",2019-01-21 06:34:52-07,SkipDC,electric-scooter,2019-01-21 06:35:00-07,-77.0170013,38.8748719
SkipDC-352897091387624,"",2019-01-21 06:34:52-07,SkipDC,electric-scooter,2019-01-21 06:35:00-07,-77.0136759,38.8756882
SkipDC-352897091328040,"",2019-01-21 06:34:52-07,SkipDC,electric-scooter,2019-01-21 06:35:00-07,-77.0112847,38.8757181
JumpDC-bike_23179,JUMP DC-2488,2019-01-21 06:34:04-07,JumpDC,pedal-assist-bike,2019-01-21 06:35:00-07,-77.0042716666667,38.8766166666667
JumpDC-bike_23171,JUMP DC-2480,2019-01-21 06:34:04-07,JumpDC,pedal-assist-bike,2019-01-21 06:35:00-07,-77.0034183333333,38.87729
JumpDC-bike_23997,JUMP DC-2455,2019-01-21 06:34:04-07,JumpDC,pedal-assist-bike,2019-01-21 06:35:00-07,-77.0042166666667,38.876395
JumpDC-bike_23432,JUMP DC-2567,2019-01-21 06:34:04-07,JumpDC,pedal-assist-bike,2019-01-21 06:35:00-07,-77.0033683333333,38.8769483333333
SkipDC-352897091383086,"",2019-01-21 06:34:52-07,SkipDC,electric-scooter,2019-01-21 06:35:00-07,-77.0248217,38.8797917
SkipDC-352897091387020,"",2019-01-21 06:34:52-07,SkipDC,electric-scooter,2019-01-21 06:35:00-07,-77.024775,38.879785
SkipDC-352897091456346,"",2019-01-21 06:34:52-07,SkipDC,electric-scooter,2019-01-21 06:35:00-07,-77.0216388,38.8858717
SkipDC-352897091292048,"",2019-01-21 06:34:52-07,SkipDC,electric-scooter,2019-01-21 06:35:00-07,-77.0200026,38.8859739
SkipDC-352897091462484,"",2019-01-21 06:34:52-07,SkipDC,electric-scooter,2019-01-21 06:35:00-07,-77.0217067,38.886215
JumpDC-bike_23188,JUMP DC-2497,2019-01-21 06:34:04-07,JumpDC,pedal-assist-bike,2019-01-21 06:35:00-07,-77.019355,38.884735
JumpDC-bike_16501,JUMP DC-0188,2019-01-21 06:34:04-07,JumpDC,pedal-assist-bike,2019-01-21 06:35:00-07,-77.0177816666667,38.8860316666667
SkipDC-352897091279623,"",2019-01-21 06:34:52-07,SkipDC,electric-scooter,2019-01-21 06:35:00-07,-77.0204832,38.8863384
SkipDC-352897091279904,"",2019-01-21 06:34:52-07,SkipDC,electric-scooter,2019-01-21 06:35:00-07,-77.0204955,38.8863812
SkipDC-352897091281165,"",2019-01-21 06:34:52-07,SkipDC,electric-scooter,2019-01-21 06:35:00-07,-77.0205037,38.8863883
SkipDC-352897091382062,"",2019-01-21 06:34:52-07,SkipDC,electric-scooter,2019-01-21 06:35:00-07,-77.0192027,38.8872075
SkipDC-352897091272867,"",2019-01-21 06:34:52-07,SkipDC,electric-scooter,2019-01-21 06:35:00-07,-77.0218083,38.8864083
JumpDC-bike_16491,JUMP DC-0178,2019-01-21 06:34:04-07,JumpDC,pedal-assist-bike,2019-01-21 06:35:00-07,-77.01534,38.8849633333333
SkipDC-352897091431182,"",2019-01-21 06:34:52-07,SkipDC,electric-scooter,2019-01-21 06:35:00-07,-77.0055983,38.8850617
SkipDC-352897091386428,"",2019-01-21 06:34:52-07,SkipDC,electric-scooter,2019-01-21 06:35:00-07,-77.0023883,38.88457
SkipDC-352897091273006,"",2019-01-21 06:34:52-07,SkipDC,electric-scooter,2019-01-21 06:35:00-07,-77.0018367,38.8861267
JumpDC-bike_18835,JUMP DC-0712,2019-01-21 06:34:04-07,JumpDC,pedal-assist-bike,2019-01-21 06:35:00-07,-76.995915,38.8843283333333
JumpDC-bike_23189,JUMP DC-2498,2019-01-21 06:34:04-07,JumpDC,pedal-assist-bike,2019-01-21 06:35:00-07,-76.9955616666667,38.88383
JumpDC-bike_23706,JUMP DC-2741,2019-01-21 06:34:04-07,JumpDC,pedal-assist-bike,2019-01-21 06:35:00-07,-76.9959266666667,38.883705
JumpDC-bike_23164,JUMP DC-2473,2019-01-21 06:34:04-07,JumpDC,pedal-assist-bike,2019-01-21 06:35:00-07,-76.9959566666667,38.8843383333333
JumpDC-bike_23154,JUMP DC-2463,2019-01-21 06:34:04-07,JumpDC,pedal-assist-bike,2019-01-21 06:35:00-07,-76.9959516666667,38.8843583333333
JumpDC-bike_23130,JUMP DC-0820,2019-01-21 06:34:04-07,JumpDC,pedal-assist-bike,2019-01-21 06:35:00-07,-76.9878,38.8868916666667
SkipDC-352897090467245,"",2019-01-21 06:34:52-07,SkipDC,electric-scooter,2019-01-21 06:35:00-07,-77.048735,38.8924517
JumpDC-bike_18858,JUMP DC-0817,2019-01-21 06:34:04-07,JumpDC,pedal-assist-bike,2019-01-21 06:35:00-07,-77.048745,38.8928283333333
SkipDC-352897090568729,"",2019-01-21 06:34:52-07,SkipDC,electric-scooter,2019-01-21 06:35:00-07,-77.048755,38.8923633
SkipDC-352897091433006,"",2019-01-21 06:34:52-07,SkipDC,electric-scooter,2019-01-21 06:35:00-07,-77.046125,38.8922967
SkipDC-352897090558662,"",2019-01-21 06:34:52-07,SkipDC,electric-scooter,2019-01-21 06:35:00-07,-77.04684,38.894845
SkipDC-352897090562524,"",2019-01-21 06:34:52-07,SkipDC,electric-scooter,2019-01-21 06:35:00-07,-77.0468133,38.8948267
BirdDC-A78UR,A78UR,2019-01-21 06:35:05-07,BirdDC,electric-scooter,2019-01-21 06:35:00-07,-77.0416033333333,38.8927116666667
BirdDC-V9I32,V9I32,2019-01-21 06:35:05-07,BirdDC,electric-scooter,2019-01-21 06:35:00-07,-77.04496,38.8947033333333
SkipDC-352897091428006,"",2019-01-21 06:34:52-07,SkipDC,electric-scooter,2019-01-21 06:35:00-07,-77.0395717,38.8929183
SkipDC-352897091391543,"",2019-01-21 06:34:52-07,SkipDC,electric-scooter,2019-01-21 06:35:00-07,-77.03837,38.8932433
JumpDC-bike_18868,JUMP DC-0827,2019-01-21 06:34:04-07,JumpDC,pedal-assist-bike,2019-01-21 06:35:00-07,-77.03247,38.8961416666667
SkipDC-352897090463061,"",2019-01-21 06:34:52-07,SkipDC,electric-scooter,2019-01-21 06:35:00-07,-77.0282733,38.8919433
SkipDC-352897091291669,"",2019-01-21 06:34:52-07,SkipDC,electric-scooter,2019-01-21 06:35:00-07,-77.0285817,38.8940383
SkipDC-352897091428147,"",2019-01-21 06:34:52-07,SkipDC,electric-scooter,2019-01-21 06:35:00-07,-77.026155,38.8961867
JumpDC-bike_23497,JUMP DC-2632,2019-01-21 06:34:04-07,JumpDC,pedal-assist-bike,2019-01-21 06:35:00-07,-77.022575,38.8939566666667
JumpDC-bike_23176,JUMP DC-2485,2019-01-21 06:34:04-07,JumpDC,pedal-assist-bike,2019-01-21 06:35:00-07,-77.0219916666667,38.89423
JumpDC-bike_18909,JUMP DC-0788,2019-01-21 06:34:04-07,JumpDC,pedal-assist-bike,2019-01-21 06:35:00-07,-77.0220066666667,38.89368
SkipDC-352897090517403,"",2019-01-21 06:34:52-07,SkipDC,electric-scooter,2019-01-21 06:35:00-07,-77.021615,38.8939033
SkipDC-352897091273907,"",2019-01-21 06:34:52-07,SkipDC,electric-scooter,2019-01-21 06:35:00-07,-77.023125,38.89481
SkipDC-352897090530802,"",2019-01-21 06:34:52-07,SkipDC,electric-scooter,2019-01-21 06:35:00-07,-77.01765,38.8922583
JumpDC-bike_23674,JUMP DC-2709,2019-01-21 06:34:04-07,JumpDC,pedal-assist-bike,2019-01-21 06:35:00-07,-77.0406016666667,38.8984633333333
JumpDC-bike_18831,JUMP DC-0708,2019-01-21 06:34:04-07,JumpDC,pedal-assist-bike,2019-01-21 06:35:00-07,-77.0403583333333,38.8985183333333
SkipDC-352897091384381,"",2019-01-21 06:34:52-07,SkipDC,electric-scooter,2019-01-21 06:35:00-07,-77.0353217,38.8999883
BirdDC-1BX55,1BX55,2019-01-21 06:35:05-07,BirdDC,electric-scooter,2019-01-21 06:35:00-07,-77.039375,38.9001616666667
SkipDC-352897091387244,"",2019-01-21 06:34:52-07,SkipDC,electric-scooter,2019-01-21 06:35:00-07,-77.03517,38.9000317
SkipDC-352897090563944,"",2019-01-21 06:34:52-07,SkipDC,electric-scooter,2019-01-21 06:35:00-07,-77.0339576,38.9007485
SkipDC-352897090502744,"",2019-01-21 06:34:52-07,SkipDC,electric-scooter,2019-01-21 06:35:00-07,-77.0242412,38.8964442
JumpDC-bike_23618,JUMP DC-2653,2019-01-21 06:34:04-07,JumpDC,pedal-assist-bike,2019-01-21 06:35:00-07,-77.0271166666667,38.9001716666667
SkipDC-352897090457824,"",2019-01-21 06:34:52-07,SkipDC,electric-scooter,2019-01-21 06:35:00-07,-77.0218,38.8987
SkipDC-352897091275001,"",2019-01-21 06:34:52-07,SkipDC,electric-scooter,2019-01-21 06:35:00-07,-77.0192258,38.8982915
SkipDC-352897090437164,"",2019-01-21 06:34:52-07,SkipDC,electric-scooter,2019-01-21 06:35:00-07,-77.0180383,38.897495
JumpDC-bike_18874,JUMP DC-0833,2019-01-21 06:34:04-07,JumpDC,pedal-assist-bike,2019-01-21 06:35:00-07,-77.019505,38.8982866666667
JumpDC-bike_18840,JUMP DC-0846,2019-01-21 06:34:04-07,JumpDC,pedal-assist-bike,2019-01-21 06:35:00-07,-77.0198183333333,38.8985666666667
BirdDC-82F1F,82F1F,2019-01-21 06:35:05-07,BirdDC,electric-scooter,2019-01-21 06:35:00-07,-77.0122066666667,38.9000316666667
JumpDC-bike_23469,JUMP DC-2604,2019-01-21 06:34:04-07,JumpDC,pedal-assist-bike,2019-01-21 06:35:00-07,-77.0123183333333,38.8993416666667
SkipDC-352897091391469,"",2019-01-21 06:34:52-07,SkipDC,electric-scooter,2019-01-21 06:35:00-07,-77.0006342,38.8967552
SkipDC-352897090563860,"",2019-01-21 06:34:52-07,SkipDC,electric-scooter,2019-01-21 06:35:00-07,-77.002075,38.9000567
JumpDC-bike_23449,JUMP DC-2584,2019-01-21 06:34:04-07,JumpDC,pedal-assist-bike,2019-01-21 06:35:00-07,-77.00491,38.896865
JumpDC-bike_23199,JUMP DC-2508,2019-01-21 06:34:04-07,JumpDC,pedal-assist-bike,2019-01-21 06:35:00-07,-77.0049283333333,38.8968783333333
JumpDC-bike_23150,JUMP DC-2459,2019-01-21 06:34:04-07,JumpDC,pedal-assist-bike,2019-01-21 06:35:00-07,-77.0052566666667,38.8964233333333
JumpDC-bike_18822,JUMP DC-0699,2019-01-21 06:34:04-07,JumpDC,pedal-assist-bike,2019-01-21 06:35:00-07,-76.99616,38.897475
JumpDC-bike_23467,JUMP DC-2602,2019-01-21 06:34:04-07,JumpDC,pedal-assist-bike,2019-01-21 06:35:00-07,-76.9973833333333,38.8993416666667
BirdDC-B33HA,B33HA,2019-01-21 06:35:05-07,BirdDC,electric-scooter,2019-01-21 06:35:00-07,-76.9744183333333,38.8971816666667
BirdDC-47F2V,47F2V,2019-01-21 06:35:05-07,BirdDC,electric-scooter,2019-01-21 06:35:00-07,-76.974395,38.8971283333333
BirdDC-YBL8M,YBL8M,2019-01-21 06:35:05-07,BirdDC,electric-scooter,2019-01-21 06:35:00-07,-76.97432,38.8971933333333
JumpDC-bike_18903,JUMP DC-0782,2019-01-21 06:34:04-07,JumpDC,pedal-assist-bike,2019-01-21 06:35:00-07,-76.946445,38.89896
JumpDC-bike_23212,JUMP DC-2521,2019-01-21 06:34:04-07,JumpDC,pedal-assist-bike,2019-01-21 06:35:00-07,-76.946775,38.8976583333333
BirdDC-EUBN8,EUBN8,2019-01-21 06:35:05-07,BirdDC,electric-scooter,2019-01-21 06:35:00-07,-77.0659633333333,38.9047316666667
BirdDC-1GDGZ,1GDGZ,2019-01-21 06:35:05-07,BirdDC,electric-scooter,2019-01-21 06:35:00-07,-77.0659566666667,38.903565
BirdDC-MEBFD,MEBFD,2019-01-21 06:35:05-07,BirdDC,electric-scooter,2019-01-21 06:35:00-07,-77.0659033333333,38.905025
BirdDC-V35Q6,V35Q6,2019-01-21 06:35:05-07,BirdDC,electric-scooter,2019-01-21 06:35:00-07,-77.0626833333333,38.90364
BirdDC-7FWC3,7FWC3,2019-01-21 06:35:05-07,BirdDC,electric-scooter,2019-01-21 06:35:00-07,-77.0614616666667,38.9051366666667
BirdDC-BU4XJ,BU4XJ,2019-01-21 06:35:05-07,BirdDC,electric-scooter,2019-01-21 06:35:00-07,-77.0592883333333,38.90406
SkipDC-352897091432842,"",2019-01-21 06:34:52-07,SkipDC,electric-scooter,2019-01-21 06:35:00-07,-77.0635788,38.9042376
SkipDC-352897091325707,"",2019-01-21 06:34:52-07,SkipDC,electric-scooter,2019-01-21 06:35:00-07,-77.0614414,38.9052697
JumpDC-bike_23431,JUMP DC-2566,2019-01-21 06:34:04-07,JumpDC,pedal-assist-bike,2019-01-21 06:35:00-07,-77.0616266666667,38.902485
JumpDC-bike_23414,JUMP DC-2549,2019-01-21 06:34:04-07,JumpDC,pedal-assist-bike,2019-01-21 06:35:00-07,-77.0609766666667,38.9022983333333
JumpDC-bike_23227,JUMP DC-2536,2019-01-21 06:34:04-07,JumpDC,pedal-assist-bike,2019-01-21 06:35:00-07,-77.0625816666667,38.9023533333333
SkipDC-352897091381403,"",2019-01-21 06:34:52-07,SkipDC,electric-scooter,2019-01-21 06:35:00-07,-77.0590154,38.9010601
BirdDC-7XYR1,7XYR1,2019-01-21 06:35:05-07,BirdDC,electric-scooter,2019-01-21 06:35:00-07,-77.0611883333333,38.9019166666667
BirdDC-XH664,XH664,2019-01-21 06:35:05-07,BirdDC,electric-scooter,2019-01-21 06:35:00-07,-77.0547783333333,38.902775
SkipDC-352897091327984,"",2019-01-21 06:34:52-07,SkipDC,electric-scooter,2019-01-21 06:35:00-07,-77.0579554,38.9052222
SkipDC-352897091384506,"",2019-01-21 06:34:52-07,SkipDC,electric-scooter,2019-01-21 06:35:00-07,-77.0569333,38.9050967
SkipDC-352897091401847,"",2019-01-21 06:34:52-07,SkipDC,electric-scooter,2019-01-21 06:35:00-07,-77.0515417,38.905145
SkipDC-352897090537849,"",2019-01-21 06:34:52-07,SkipDC,electric-scooter,2019-01-21 06:35:00-07,-77.0343017,38.9042967
SkipDC-352897091391287,"",2019-01-21 06:34:52-07,SkipDC,electric-scooter,2019-01-21 06:35:00-07,-77.026985,38.9053183
SkipDC-352897091314727,"",2019-01-21 06:34:52-07,SkipDC,electric-scooter,2019-01-21 06:35:00-07,-77.0259833,38.9050417
SkipDC-352897090558449,"",2019-01-21 06:34:52-07,SkipDC,electric-scooter,2019-01-21 06:35:00-07,-77.0238867,38.9029
BirdDC-6KAF4,6KAF4,2019-01-21 06:35:05-07,BirdDC,electric-scooter,2019-01-21 06:35:00-07,-77.0247566666667,38.9039266666667
BirdDC-KEZE7,KEZE7,2019-01-21 06:35:05-07,BirdDC,electric-scooter,2019-01-21 06:35:00-07,-77.0288233333333,38.9015883333333
JumpDC-bike_16502,JUMP DC-0189,2019-01-21 06:34:04-07,JumpDC,pedal-assist-bike,2019-01-21 06:35:00-07,-77.0243283333333,38.9020066666667
JumpDC-bike_16625,JUMP DC-0230 ,2019-01-21 06:34:04-07,JumpDC,pedal-assist-bike,2019-01-21 06:35:00-07,-77.0190133333333,38.9034283333333
JumpDC-bike_17237,JUMP DC-0239,2019-01-21 06:34:04-07,JumpDC,pedal-assist-bike,2019-01-21 06:35:00-07,-77.0196266666667,38.9044366666667
SkipDC-352897091200561,"",2019-01-21 06:34:52-07,SkipDC,electric-scooter,2019-01-21 06:35:00-07,-77.0163133,38.9046133
BirdDC-YS56R,YS56R,2019-01-21 06:35:05-07,BirdDC,electric-scooter,2019-01-21 06:35:00-07,-77.016915,38.905335
JumpDC-bike_23660,JUMP DC-2695,2019-01-21 06:34:04-07,JumpDC,pedal-assist-bike,2019-01-21 06:35:00-07,-77.0174766666667,38.9025
JumpDC-bike_81152,JUMP DC-2569,2019-01-21 06:34:04-07,JumpDC,pedal-assist-bike,2019-01-21 06:35:00-07,-77.0169383333333,38.9026566666667
JumpDC-bike_23419,JUMP DC-2554,2019-01-21 06:34:04-07,JumpDC,pedal-assist-bike,2019-01-21 06:35:00-07,-77.0117216666667,38.9025883333333
BirdDC-4SV6S,4SV6S,2019-01-21 06:35:05-07,BirdDC,electric-scooter,2019-01-21 06:35:00-07,-77.00888,38.9016183333333
JumpDC-bike_23471,JUMP DC-2606,2019-01-21 06:34:04-07,JumpDC,pedal-assist-bike,2019-01-21 06:35:00-07,-77.0054233333333,38.9027166666667
SkipDC-352897091387202,"",2019-01-21 06:34:52-07,SkipDC,electric-scooter,2019-01-21 06:35:00-07,-77.0009851,38.9013772
BirdDC-GYR5Q,GYR5Q,2019-01-21 06:35:05-07,BirdDC,electric-scooter,2019-01-21 06:35:00-07,-76.9829566666667,38.9019166666667
JumpDC-bike_23623,JUMP DC-2658,2019-01-21 06:34:04-07,JumpDC,pedal-assist-bike,2019-01-21 06:35:00-07,-76.9776833333333,38.9025966666667
BirdDC-LQ22Y,LQ22Y,2019-01-21 06:35:05-07,BirdDC,electric-scooter,2019-01-21 06:35:00-07,-77.0717466666667,38.9066933333333
BirdDC-EF1VC,EF1VC,2019-01-21 06:35:05-07,BirdDC,electric-scooter,2019-01-21 06:35:00-07,-77.07425,38.9071583333333
BirdDC-KX3TP,KX3TP,2019-01-21 06:35:05-07,BirdDC,electric-scooter,2019-01-21 06:35:00-07,-77.06977,38.9077066666667
BirdDC-UC7NA,UC7NA,2019-01-21 06:35:05-07,BirdDC,electric-scooter,2019-01-21 06:35:00-07,-77.0647283333333,38.909855
BirdDC-73EGZ,73EGZ,2019-01-21 06:35:05-07,BirdDC,electric-scooter,2019-01-21 06:35:00-07,-77.0698016666667,38.907695
BirdDC-79HT1,79HT1,2019-01-21 06:35:05-07,BirdDC,electric-scooter,2019-01-21 06:35:00-07,-77.0646966666667,38.90982
JumpDC-bike_23490,JUMP DC-2625,2019-01-21 06:34:04-07,JumpDC,pedal-assist-bike,2019-01-21 06:35:00-07,-77.03172,38.9071916666667
JumpDC-bike_23438,JUMP DC-2573,2019-01-21 06:34:04-07,JumpDC,pedal-assist-bike,2019-01-21 06:35:00-07,-77.0337366666667,38.9096933333333
JumpDC-bike_23418,JUMP DC-2553,2019-01-21 06:34:04-07,JumpDC,pedal-assist-bike,2019-01-21 06:35:00-07,-77.024995,38.9063933333333
BirdDC-68IMC,68IMC,2019-01-21 06:35:05-07,BirdDC,electric-scooter,2019-01-21 06:35:00-07,-77.02375,38.9069716666667
JumpDC-bike_23487,JUMP DC-2622,2019-01-21 06:34:04-07,JumpDC,pedal-assist-bike,2019-01-21 06:35:00-07,-77.0253466666667,38.9096733333333
SkipDC-352897091272743,"",2019-01-21 06:34:52-07,SkipDC,electric-scooter,2019-01-21 06:35:00-07,-77.0218467,38.90656
JumpDC-bike_23509,JUMP DC-2644 ,2019-01-21 06:34:04-07,JumpDC,pedal-assist-bike,2019-01-21 06:35:00-07,-76.99721,38.9081683333333
JumpDC-bike_23229,JUMP DC-2538,2019-01-21 06:34:04-07,JumpDC,pedal-assist-bike,2019-01-21 06:35:00-07,-76.9946466666667,38.9074333333333
JumpDC-bike_23457,JUMP DC-2592,2019-01-21 06:34:04-07,JumpDC,pedal-assist-bike,2019-01-21 06:35:00-07,-76.9971766666667,38.9081666666667
JumpDC-bike_16521,JUMP DC-0169  ,2019-01-21 06:34:04-07,JumpDC,pedal-assist-bike,2019-01-21 06:35:00-07,-76.9731383333333,38.9054683333333
BirdDC-IEUS9,IEUS9,2019-01-21 06:35:05-07,BirdDC,electric-scooter,2019-01-21 06:35:00-07,-77.0653,38.9108583333333
JumpDC-bike_23228,JUMP DC-2537,2019-01-21 06:34:04-07,JumpDC,pedal-assist-bike,2019-01-21 06:35:00-07,-77.0547733333333,38.91057
BirdDC-J7DIT,J7DIT,2019-01-21 06:35:05-07,BirdDC,electric-scooter,2019-01-21 06:35:00-07,-77.0531316666667,38.91077
JumpDC-bike_23452,JUMP DC-2587,2019-01-21 06:34:04-07,JumpDC,pedal-assist-bike,2019-01-21 06:35:00-07,-77.0527333333333,38.9137683333333
SkipDC-352897091392160,"",2019-01-21 06:34:52-07,SkipDC,electric-scooter,2019-01-21 06:35:00-07,-77.0492444,38.9103673
JumpDC-bike_18887,JUMP DC-0764,2019-01-21 06:34:04-07,JumpDC,pedal-assist-bike,2019-01-21 06:35:00-07,-77.0528516666667,38.9105666666667
SkipDC-352897091310568,"",2019-01-21 06:34:52-07,SkipDC,electric-scooter,2019-01-21 06:35:00-07,-77.0464833,38.9107933
SkipDC-352897091436884,"",2019-01-21 06:34:52-07,SkipDC,electric-scooter,2019-01-21 06:35:00-07,-77.0461739,38.9105936
SkipDC-352897091384480,"",2019-01-21 06:34:52-07,SkipDC,electric-scooter,2019-01-21 06:35:00-07,-77.0468883,38.9134017
SkipDC-352897091325921,"",2019-01-21 06:34:52-07,SkipDC,electric-scooter,2019-01-21 06:35:00-07,-77.0448367,38.913505
JumpDC-bike_23433,JUMP DC-2568,2019-01-21 06:34:04-07,JumpDC,pedal-assist-bike,2019-01-21 06:35:00-07,-77.0447733333333,38.9109083333333
JumpDC-bike_23443,JUMP DC-2578 ,2019-01-21 06:34:04-07,JumpDC,pedal-assist-bike,2019-01-21 06:35:00-07,-77.0414933333333,38.9103283333333
SkipDC-352897090523369,"",2019-01-21 06:34:52-07,SkipDC,electric-scooter,2019-01-21 06:35:00-07,-77.0440331,38.9121546
JumpDC-bike_23415,JUMP DC-2550,2019-01-21 06:34:04-07,JumpDC,pedal-assist-bike,2019-01-21 06:35:00-07,-77.0450183333333,38.9103333333333
JumpDC-bike_18922,JUMP DC-0801,2019-01-21 06:34:04-07,JumpDC,pedal-assist-bike,2019-01-21 06:35:00-07,-77.0373283333333,38.91154
JumpDC-bike_23417,JUMP DC-2552,2019-01-21 06:34:04-07,JumpDC,pedal-assist-bike,2019-01-21 06:35:00-07,-77.0316766666667,38.9118616666667
BirdDC-7N8V7,7N8V7,2019-01-21 06:35:05-07,BirdDC,electric-scooter,2019-01-21 06:35:00-07,-77.0261233333333,38.9126516666667
BirdDC-ECEG7,ECEG7,2019-01-21 06:35:05-07,BirdDC,electric-scooter,2019-01-21 06:35:00-07,-77.0261233333333,38.9126516666667
BirdDC-A1GTL,A1GTL,2019-01-21 06:35:05-07,BirdDC,electric-scooter,2019-01-21 06:35:00-07,-77.0285266666667,38.9111516666667
JumpDC-bike_23215,JUMP DC-2524,2019-01-21 06:34:04-07,JumpDC,pedal-assist-bike,2019-01-21 06:35:00-07,-77.0224783333333,38.9127716666667
SkipDC-352897091437981,"",2019-01-21 06:34:52-07,SkipDC,electric-scooter,2019-01-21 06:35:00-07,-77.0120784,38.9118957
BirdDC-DW1I5,DW1I5,2019-01-21 06:35:05-07,BirdDC,electric-scooter,2019-01-21 06:35:00-07,-77.0151811384127,38.9112651631575
JumpDC-bike_18848,JUMP DC-0693,2019-01-21 06:34:04-07,JumpDC,pedal-assist-bike,2019-01-21 06:35:00-07,-77.012305,38.9126883333333
JumpDC-bike_23657,JUMP DC-2692,2019-01-21 06:34:04-07,JumpDC,pedal-assist-bike,2019-01-21 06:35:00-07,-77.0120066666667,38.912775
SkipDC-352897091328248,"",2019-01-21 06:34:52-07,SkipDC,electric-scooter,2019-01-21 06:35:00-07,-77.010915,38.912545
JumpDC-bike_23172,JUMP DC-2481,2019-01-21 06:34:04-07,JumpDC,pedal-assist-bike,2019-01-21 06:35:00-07,-76.9892083333333,38.91085
JumpDC-bike_23207,JUMP DC-2516,2019-01-21 06:34:04-07,JumpDC,pedal-assist-bike,2019-01-21 06:35:00-07,-76.98608,38.9100516666667
JumpDC-bike_23160,JUMP DC-2469,2019-01-21 06:34:04-07,JumpDC,pedal-assist-bike,2019-01-21 06:35:00-07,-77.0424083333333,38.9177316666667
BirdDC-AZBXJ,AZBXJ,2019-01-21 06:35:05-07,BirdDC,electric-scooter,2019-01-21 06:35:00-07,-77.0416033333333,38.9167666666667
BirdDC-C2CMB,C2CMB,2019-01-21 06:35:05-07,BirdDC,electric-scooter,2019-01-21 06:35:00-07,-77.0415513705741,38.9188592823832
BirdDC-H5N31,H5N31,2019-01-21 06:35:05-07,BirdDC,electric-scooter,2019-01-21 06:35:00-07,-77.0416566666667,38.9166216666667
BirdDC-MQ1IL,MQ1IL,2019-01-21 06:35:05-07,BirdDC,electric-scooter,2019-01-21 06:35:00-07,-77.0392330547145,38.9189124384657
BirdDC-UU2A3,UU2A3,2019-01-21 06:35:05-07,BirdDC,electric-scooter,2019-01-21 06:35:00-07,-77.039208129539,38.9188744506733
BirdDC-26TI8,26TI8,2019-01-21 06:35:05-07,BirdDC,electric-scooter,2019-01-21 06:35:00-07,-77.0391788833352,38.9186203590338
BirdDC-CS68G,CS68G,2019-01-21 06:35:05-07,BirdDC,electric-scooter,2019-01-21 06:35:00-07,-77.0394000491291,38.91880622077
BirdDC-D9JXN,D9JXN,2019-01-21 06:35:05-07,BirdDC,electric-scooter,2019-01-21 06:35:00-07,-77.0391787562488,38.9187717810823
BirdDC-VSXD,VSXD,2019-01-21 06:35:05-07,BirdDC,electric-scooter,2019-01-21 06:35:00-07,-77.0392428339245,38.9187512174611
BirdDC-XAJMV,XAJMV,2019-01-21 06:35:05-07,BirdDC,electric-scooter,2019-01-21 06:35:00-07,-77.0390083333333,38.918815
JumpDC-bike_23201,JUMP DC-2510,2019-01-21 06:34:04-07,JumpDC,pedal-assist-bike,2019-01-21 06:35:00-07,-77.04154,38.9194366666667
JumpDC-bike_23453,JUMP DC-2588  ,2019-01-21 06:34:04-07,JumpDC,pedal-assist-bike,2019-01-21 06:35:00-07,-77.0414866666667,38.91915
JumpDC-bike_18878,JUMP DC-0837,2019-01-21 06:34:04-07,JumpDC,pedal-assist-bike,2019-01-21 06:35:00-07,-77.0417166666667,38.91906
JumpDC-bike_23626,JUMP DC-2661,2019-01-21 06:34:04-07,JumpDC,pedal-assist-bike,2019-01-21 06:35:00-07,-77.0419216666667,38.9206
JumpDC-bike_23175,JUMP DC-2484,2019-01-21 06:34:04-07,JumpDC,pedal-assist-bike,2019-01-21 06:35:00-07,-77.0414966666667,38.9194666666667
JumpDC-bike_23163,JUMP DC-2472,2019-01-21 06:34:04-07,JumpDC,pedal-assist-bike,2019-01-21 06:35:00-07,-77.04164,38.9191566666667
BirdDC-FWYI7,FWYI7,2019-01-21 06:35:05-07,BirdDC,electric-scooter,2019-01-21 06:35:00-07,-77.0392879,38.9189784
SkipDC-352897091310824,"",2019-01-21 06:34:52-07,SkipDC,electric-scooter,2019-01-21 06:35:00-07,-77.0377767,38.9222067
BirdDC-Y1TA5,Y1TA5,2019-01-21 06:35:05-07,BirdDC,electric-scooter,2019-01-21 06:35:00-07,-77.0393011,38.9189451
SkipDC-352897091437627,"",2019-01-21 06:34:52-07,SkipDC,electric-scooter,2019-01-21 06:35:00-07,-77.0340883,38.92255
SkipDC-352897091457807,"",2019-01-21 06:34:52-07,SkipDC,electric-scooter,2019-01-21 06:35:00-07,-77.0343917,38.921875
SkipDC-352897091457922,"",2019-01-21 06:34:52-07,SkipDC,electric-scooter,2019-01-21 06:35:00-07,-77.0217276,38.9200152
SkipDC-352897091437106,"",2019-01-21 06:34:52-07,SkipDC,electric-scooter,2019-01-21 06:35:00-07,-77.022035,38.920255
SkipDC-352897090424741,"",2019-01-21 06:34:52-07,SkipDC,electric-scooter,2019-01-21 06:35:00-07,-77.0216067,38.919835
SkipDC-352897091457823,"",2019-01-21 06:34:52-07,SkipDC,electric-scooter,2019-01-21 06:35:00-07,-77.02082,38.9216017
SkipDC-352897091381007,"",2019-01-21 06:34:52-07,SkipDC,electric-scooter,2019-01-21 06:35:00-07,-77.0180367,38.92072
SkipDC-352897090451322,"",2019-01-21 06:34:52-07,SkipDC,electric-scooter,2019-01-21 06:35:00-07,-77.0228016,38.9206782
SkipDC-352897090480123,"",2019-01-21 06:34:52-07,SkipDC,electric-scooter,2019-01-21 06:35:00-07,-77.02173,38.91992
SkipDC-352897091381726,"",2019-01-21 06:34:52-07,SkipDC,electric-scooter,2019-01-21 06:35:00-07,-77.0218683,38.9200883
JumpDC-bike_23711,JUMP DC-2746,2019-01-21 06:34:04-07,JumpDC,pedal-assist-bike,2019-01-21 06:35:00-07,-77.011575,38.9223483333333
BirdDC-177BK,177BK,2019-01-21 06:35:05-07,BirdDC,electric-scooter,2019-01-21 06:35:00-07,-77.0001366666667,38.9208833333333
JumpDC-bike_23668,JUMP DC-2703,2019-01-21 06:34:04-07,JumpDC,pedal-assist-bike,2019-01-21 06:35:00-07,-76.9621766666667,38.9191416666667
JumpDC-bike_23424,JUMP DC-2559,2019-01-21 06:34:04-07,JumpDC,pedal-assist-bike,2019-01-21 06:35:00-07,-76.962125,38.919045
JumpDC-bike_18879,JUMP DC-0838,2019-01-21 06:34:04-07,JumpDC,pedal-assist-bike,2019-01-21 06:35:00-07,-76.955375,38.9211516666667
JumpDC-bike_18870,JUMP DC-0829,2019-01-21 06:34:04-07,JumpDC,pedal-assist-bike,2019-01-21 06:35:00-07,-77.0525166666667,38.9237983333333
JumpDC-bike_23634,JUMP DC-2669,2019-01-21 06:34:04-07,JumpDC,pedal-assist-bike,2019-01-21 06:35:00-07,-77.035775,38.9278733333333
JumpDC-bike_23614,JUMP DC-2649,2019-01-21 06:34:04-07,JumpDC,pedal-assist-bike,2019-01-21 06:35:00-07,-77.0360566666667,38.9262666666667
SkipDC-352897091311467,"",2019-01-21 06:34:52-07,SkipDC,electric-scooter,2019-01-21 06:35:00-07,-77.0389417,38.9252867
JumpDC-bike_18912,JUMP DC-0791,2019-01-21 06:34:04-07,JumpDC,pedal-assist-bike,2019-01-21 06:35:00-07,-77.0295033333333,38.9258483333333
BirdDC-PTH2S,PTH2S,2019-01-21 06:35:05-07,BirdDC,electric-scooter,2019-01-21 06:35:00-07,-77.030313,38.92377
JumpDC-bike_23475,JUMP DC-2610,2019-01-21 06:34:04-07,JumpDC,pedal-assist-bike,2019-01-21 06:35:00-07,-77.0284383333333,38.9247983333333
SkipDC-352897091437643,"",2019-01-21 06:34:52-07,SkipDC,electric-scooter,2019-01-21 06:35:00-07,-77.0253862,38.9249752
SkipDC-352897090440606,"",2019-01-21 06:34:52-07,SkipDC,electric-scooter,2019-01-21 06:35:00-07,-77.02148,38.9242383
SkipDC-352897091431323,"",2019-01-21 06:34:52-07,SkipDC,electric-scooter,2019-01-21 06:35:00-07,-77.020875,38.9270483
JumpDC-bike_23672,JUMP DC-2707,2019-01-21 06:34:04-07,JumpDC,pedal-assist-bike,2019-01-21 06:35:00-07,-77.018235,38.9261683333333
JumpDC-bike_18896,JUMP DC-0775,2019-01-21 06:34:04-07,JumpDC,pedal-assist-bike,2019-01-21 06:35:00-07,-77.0385116666667,38.931305
JumpDC-bike_23694,JUMP DC-2729,2019-01-21 06:34:04-07,JumpDC,pedal-assist-bike,2019-01-21 06:35:00-07,-77.0373833333333,38.92865
JumpDC-bike_23166,JUMP DC-2475,2019-01-21 06:34:04-07,JumpDC,pedal-assist-bike,2019-01-21 06:35:00-07,-77.0384233333333,38.9310933333333
JumpDC-bike_16514,JUMP DC-0202,2019-01-21 06:34:04-07,JumpDC,pedal-assist-bike,2019-01-21 06:35:00-07,-77.0026916666667,38.9523816666667
JumpDC-bike_23191,JUMP DC-2500,2019-01-21 06:34:04-07,JumpDC,pedal-assist-bike,2019-01-21 06:35:00-07,-77.0026283333333,38.9523716666667
JumpDC-bike_23234,JUMP DC-2543,2019-01-21 06:34:04-07,JumpDC,pedal-assist-bike,2019-01-21 06:35:00-07,-77.0027433333333,38.952315
JumpDC-bike_23478,JUMP DC-2613,2019-01-21 06:34:04-07,JumpDC,pedal-assist-bike,2019-01-21 06:35:00-07,-77.0026566666667,38.952305
JumpDC-bike_23997,JUMP DC-2455,2019-01-21 06:49:02-07,JumpDC,pedal-assist-bike,2019-01-21 06:50:00-07,-77.0042166666667,38.876395
JumpDC-bike_23432,JUMP DC-2567,2019-01-21 06:49:02-07,JumpDC,pedal-assist-bike,2019-01-21 06:50:00-07,-77.0033683333333,38.8769483333333
JumpDC-bike_23179,JUMP DC-2488,2019-01-21 06:49:02-07,JumpDC,pedal-assist-bike,2019-01-21 06:50:00-07,-77.0042716666667,38.8766166666667
SkipDC-352897090520282,"",2019-01-21 06:49:52-07,SkipDC,electric-scooter,2019-01-21 06:50:00-07,-77.02458,38.8799533
SkipDC-352897090447767,"",2019-01-21 06:49:52-07,SkipDC,electric-scooter,2019-01-21 06:50:00-07,-77.024601,38.881393
SkipDC-352897091383086,"",2019-01-21 06:49:52-07,SkipDC,electric-scooter,2019-01-21 06:50:00-07,-77.0246867,38.8797567
SkipDC-352897091387020,"",2019-01-21 06:49:52-07,SkipDC,electric-scooter,2019-01-21 06:50:00-07,-77.024775,38.879785
JumpDC-bike_23633,JUMP DC-2668,2019-01-21 06:49:02-07,JumpDC,pedal-assist-bike,2019-01-21 06:50:00-07,-77.023055,38.878645
JumpDC-bike_18928,JUMP DC-0807,2019-01-21 06:49:02-07,JumpDC,pedal-assist-bike,2019-01-21 06:50:00-07,-77.02307,38.87861
BirdDC-NN3KL,NN3KL,2019-01-21 06:50:05-07,BirdDC,electric-scooter,2019-01-21 06:50:00-07,-77.017655,38.879025
JumpDC-bike_23636,JUMP DC-2671,2019-01-21 06:49:02-07,JumpDC,pedal-assist-bike,2019-01-21 06:50:00-07,-77.023225,38.8786566666667
JumpDC-bike_23483,JUMP DC-2618,2019-01-21 06:49:02-07,JumpDC,pedal-assist-bike,2019-01-21 06:50:00-07,-77.0231983333333,38.8784916666667
SkipDC-352897091275688,"",2019-01-21 06:49:52-07,SkipDC,electric-scooter,2019-01-21 06:50:00-07,-77.00434,38.8793867
JumpDC-bike_23485,JUMP DC-2620,2019-01-21 06:49:02-07,JumpDC,pedal-assist-bike,2019-01-21 06:50:00-07,-77.0009483333333,38.881205
JumpDC-bike_23203,JUMP DC-2512,2019-01-21 06:49:02-07,JumpDC,pedal-assist-bike,2019-01-21 06:50:00-07,-77.0053483333333,38.8805116666667
JumpDC-bike_16633,JUMP DC-0225,2019-01-21 06:49:02-07,JumpDC,pedal-assist-bike,2019-01-21 06:50:00-07,-77.0022266666667,38.8792466666667
JumpDC-bike_23654,JUMP DC-2689,2019-01-21 06:49:02-07,JumpDC,pedal-assist-bike,2019-01-21 06:50:00-07,-76.9950766666667,38.8809683333333
JumpDC-bike_18849,JUMP DC-0694,2019-01-21 06:49:02-07,JumpDC,pedal-assist-bike,2019-01-21 06:50:00-07,-76.9903266666667,38.8801833333333
SkipDC-352897091386428,"",2019-01-21 06:49:52-07,SkipDC,electric-scooter,2019-01-21 06:50:00-07,-77.0023883,38.8848667
SkipDC-352897091273006,"",2019-01-21 06:49:52-07,SkipDC,electric-scooter,2019-01-21 06:50:00-07,-77.0018367,38.8861267
JumpDC-bike_18835,JUMP DC-0712,2019-01-21 06:49:02-07,JumpDC,pedal-assist-bike,2019-01-21 06:50:00-07,-76.995915,38.8843283333333
JumpDC-bike_23164,JUMP DC-2473,2019-01-21 06:49:02-07,JumpDC,pedal-assist-bike,2019-01-21 06:50:00-07,-76.9959566666667,38.8843383333333
JumpDC-bike_23189,JUMP DC-2498,2019-01-21 06:49:02-07,JumpDC,pedal-assist-bike,2019-01-21 06:50:00-07,-76.9955616666667,38.88383
JumpDC-bike_23706,JUMP DC-2741,2019-01-21 06:49:02-07,JumpDC,pedal-assist-bike,2019-01-21 06:50:00-07,-76.9959266666667,38.883705
JumpDC-bike_23154,JUMP DC-2463,2019-01-21 06:49:02-07,JumpDC,pedal-assist-bike,2019-01-21 06:50:00-07,-76.9959516666667,38.8843583333333
JumpDC-bike_23130,JUMP DC-0820,2019-01-21 06:49:02-07,JumpDC,pedal-assist-bike,2019-01-21 06:50:00-07,-76.9878,38.8868916666667
BirdDC-9DQST,9DQST,2019-01-21 06:50:05-07,BirdDC,electric-scooter,2019-01-21 06:50:00-07,-77.0491783333333,38.8894416666667
SkipDC-352897091392004,"",2019-01-21 06:49:52-07,SkipDC,electric-scooter,2019-01-21 06:50:00-07,-77.0404117,38.8886017
SkipDC-352897091381429,"",2019-01-21 06:49:52-07,SkipDC,electric-scooter,2019-01-21 06:50:00-07,-77.0369317,38.8895117
SkipDC-352897090559124,"",2019-01-21 06:49:52-07,SkipDC,electric-scooter,2019-01-21 06:50:00-07,-77.03321,38.8900367
JumpDC-bike_23677,JUMP DC-2712,2019-01-21 06:49:02-07,JumpDC,pedal-assist-bike,2019-01-21 06:50:00-07,-77.02582,38.89053
SkipDC-352897091391865,"",2019-01-21 06:49:52-07,SkipDC,electric-scooter,2019-01-21 06:50:00-07,-77.0284567,38.8873967
SkipDC-352897091274624,"",2019-01-21 06:49:52-07,SkipDC,electric-scooter,2019-01-21 06:50:00-07,-77.02869,38.88875
SkipDC-352897091430143,"",2019-01-21 06:49:52-07,SkipDC,electric-scooter,2019-01-21 06:50:00-07,-77.0283033,38.8890733
SkipDC-352897091392269,"",2019-01-21 06:49:52-07,SkipDC,electric-scooter,2019-01-21 06:50:00-07,-77.025985,38.8904617
SkipDC-352897091427388,"",2019-01-21 06:49:52-07,SkipDC,electric-scooter,2019-01-21 06:50:00-07,-77.0195717,38.8900467
SkipDC-352897091381221,"",2019-01-21 06:49:52-07,SkipDC,electric-scooter,2019-01-21 06:50:00-07,-77.0128983,38.89061
BirdDC-GNBWN,GNBWN,2019-01-21 06:50:05-07,BirdDC,electric-scooter,2019-01-21 06:50:00-07,-77.0127716666667,38.888775
JumpDC-bike_16634,JUMP DC-0226,2019-01-21 06:49:02-07,JumpDC,pedal-assist-bike,2019-01-21 06:50:00-07,-76.9988366666667,38.8898133333333
JumpDC-bike_18858,JUMP DC-0817,2019-01-21 06:49:02-07,JumpDC,pedal-assist-bike,2019-01-21 06:50:00-07,-77.048745,38.8928283333333
SkipDC-352897090568729,"",2019-01-21 06:49:52-07,SkipDC,electric-scooter,2019-01-21 06:50:00-07,-77.048755,38.8923633
SkipDC-352897090467245,"",2019-01-21 06:49:52-07,SkipDC,electric-scooter,2019-01-21 06:50:00-07,-77.0488067,38.8925183
BirdDC-V9I32,V9I32,2019-01-21 06:50:05-07,BirdDC,electric-scooter,2019-01-21 06:50:00-07,-77.0449983333333,38.8946716666667
SkipDC-352897091433006,"",2019-01-21 06:49:52-07,SkipDC,electric-scooter,2019-01-21 06:50:00-07,-77.046125,38.8922967
SkipDC-352897090562524,"",2019-01-21 06:49:52-07,SkipDC,electric-scooter,2019-01-21 06:50:00-07,-77.04679,38.894895
SkipDC-352897090558662,"",2019-01-21 06:49:52-07,SkipDC,electric-scooter,2019-01-21 06:50:00-07,-77.04684,38.894845
BirdDC-U2X7A,U2X7A,2019-01-21 06:50:05-07,BirdDC,electric-scooter,2019-01-21 06:50:00-07,-77.055565,38.9004483333333
SkipDC-352897091274129,"",2019-01-21 06:49:52-07,SkipDC,electric-scooter,2019-01-21 06:50:00-07,-77.0493533,38.8983467
SkipDC-352897091291768,"",2019-01-21 06:49:52-07,SkipDC,electric-scooter,2019-01-21 06:50:00-07,-77.04937,38.8983517
BirdDC-F45JN,F45JN,2019-01-21 06:50:05-07,BirdDC,electric-scooter,2019-01-21 06:50:00-07,-77.0505066666667,38.898365
BirdDC-EY2KI,EY2KI,2019-01-21 06:50:05-07,BirdDC,electric-scooter,2019-01-21 06:50:00-07,-77.04972,38.8977133333333
BirdDC-TX3LR,TX3LR,2019-01-21 06:50:05-07,BirdDC,electric-scooter,2019-01-21 06:50:00-07,-77.0434266666667,38.8965716666667
BirdDC-9VHCU,9VHCU,2019-01-21 06:50:05-07,BirdDC,electric-scooter,2019-01-21 06:50:00-07,-77.046715,38.9008183333333
BirdDC-395LM,395LM,2019-01-21 06:50:05-07,BirdDC,electric-scooter,2019-01-21 06:50:00-07,-77.0449366666667,38.89727
JumpDC-bike_23617,JUMP DC-2652,2019-01-21 06:49:02-07,JumpDC,pedal-assist-bike,2019-01-21 06:50:00-07,-77.0466616666667,38.897275
SkipDC-352897091310709,"",2019-01-21 06:49:52-07,SkipDC,electric-scooter,2019-01-21 06:50:00-07,-77.046715,38.9003517
SkipDC-352897091386360,"",2019-01-21 06:49:52-07,SkipDC,electric-scooter,2019-01-21 06:50:00-07,-77.0462975,38.9006914
JumpDC-bike_23674,JUMP DC-2709,2019-01-21 06:49:02-07,JumpDC,pedal-assist-bike,2019-01-21 06:50:00-07,-77.0406016666667,38.8984633333333
JumpDC-bike_18831,JUMP DC-0708,2019-01-21 06:49:02-07,JumpDC,pedal-assist-bike,2019-01-21 06:50:00-07,-77.0403583333333,38.8985183333333
SkipDC-352897091384381,"",2019-01-21 06:49:52-07,SkipDC,electric-scooter,2019-01-21 06:50:00-07,-77.0353217,38.8999883
BirdDC-1BX55,1BX55,2019-01-21 06:50:05-07,BirdDC,electric-scooter,2019-01-21 06:50:00-07,-77.0395966666667,38.9001616666667
JumpDC-bike_18855,JUMP DC-0691,2019-01-21 06:49:02-07,JumpDC,pedal-assist-bike,2019-01-21 06:50:00-07,-77.0404983333333,38.8984416666667
SkipDC-352897091387244,"",2019-01-21 06:49:52-07,SkipDC,electric-scooter,2019-01-21 06:50:00-07,-77.03521,38.9000883
JumpDC-bike_23618,JUMP DC-2653,2019-01-21 06:49:02-07,JumpDC,pedal-assist-bike,2019-01-21 06:50:00-07,-77.0271166666667,38.9001716666667
SkipDC-352897090437164,"",2019-01-21 06:49:52-07,SkipDC,electric-scooter,2019-01-21 06:50:00-07,-77.0180683,38.8974767
JumpDC-bike_18840,JUMP DC-0846,2019-01-21 06:49:02-07,JumpDC,pedal-assist-bike,2019-01-21 06:50:00-07,-77.0198183333333,38.8985666666667
JumpDC-bike_18874,JUMP DC-0833,2019-01-21 06:49:02-07,JumpDC,pedal-assist-bike,2019-01-21 06:50:00-07,-77.019505,38.8982866666667
SkipDC-352897090457824,"",2019-01-21 06:49:52-07,SkipDC,electric-scooter,2019-01-21 06:50:00-07,-77.0218,38.8987
SkipDC-352897091275001,"",2019-01-21 06:49:52-07,SkipDC,electric-scooter,2019-01-21 06:50:00-07,-77.0191515,38.8982759
BirdDC-82F1F,82F1F,2019-01-21 06:50:05-07,BirdDC,electric-scooter,2019-01-21 06:50:00-07,-77.012115,38.9001266666667
JumpDC-bike_23469,JUMP DC-2604,2019-01-21 06:49:02-07,JumpDC,pedal-assist-bike,2019-01-21 06:50:00-07,-77.0123183333333,38.8993416666667
SkipDC-352897091391469,"",2019-01-21 06:49:52-07,SkipDC,electric-scooter,2019-01-21 06:50:00-07,-77.0005896,38.8967797
SkipDC-352897090563860,"",2019-01-21 06:49:52-07,SkipDC,electric-scooter,2019-01-21 06:50:00-07,-77.0022483,38.8999083
JumpDC-bike_23449,JUMP DC-2584,2019-01-21 06:49:02-07,JumpDC,pedal-assist-bike,2019-01-21 06:50:00-07,-77.00491,38.896865
JumpDC-bike_23150,JUMP DC-2459,2019-01-21 06:49:02-07,JumpDC,pedal-assist-bike,2019-01-21 06:50:00-07,-77.0052566666667,38.8964233333333
JumpDC-bike_23199,JUMP DC-2508,2019-01-21 06:49:02-07,JumpDC,pedal-assist-bike,2019-01-21 06:50:00-07,-77.0049283333333,38.8968783333333
JumpDC-bike_18822,JUMP DC-0699,2019-01-21 06:49:02-07,JumpDC,pedal-assist-bike,2019-01-21 06:50:00-07,-76.99616,38.897475
JumpDC-bike_23467,JUMP DC-2602,2019-01-21 06:49:02-07,JumpDC,pedal-assist-bike,2019-01-21 06:50:00-07,-76.9973833333333,38.8993416666667
BirdDC-47F2V,47F2V,2019-01-21 06:50:05-07,BirdDC,electric-scooter,2019-01-21 06:50:00-07,-76.974395,38.8971283333333
BirdDC-B33HA,B33HA,2019-01-21 06:50:05-07,BirdDC,electric-scooter,2019-01-21 06:50:00-07,-76.9744183333333,38.8971816666667
BirdDC-YBL8M,YBL8M,2019-01-21 06:50:05-07,BirdDC,electric-scooter,2019-01-21 06:50:00-07,-76.9743116666667,38.89719
JumpDC-bike_23212,JUMP DC-2521,2019-01-21 06:49:02-07,JumpDC,pedal-assist-bike,2019-01-21 06:50:00-07,-76.946775,38.8976583333333
JumpDC-bike_18903,JUMP DC-0782,2019-01-21 06:49:02-07,JumpDC,pedal-assist-bike,2019-01-21 06:50:00-07,-76.946445,38.89896
BirdDC-1GDGZ,1GDGZ,2019-01-21 06:50:05-07,BirdDC,electric-scooter,2019-01-21 06:50:00-07,-77.0659716666667,38.9035266666667
BirdDC-3B24Q,3B24Q,2019-01-21 06:50:05-07,BirdDC,electric-scooter,2019-01-21 06:50:00-07,-77.0416394,38.9012058
JumpDC-bike_23681,JUMP DC-2716,2019-01-21 06:49:02-07,JumpDC,pedal-assist-bike,2019-01-21 06:50:00-07,-77.044965,38.9039483333333
JumpDC-bike_23159,JUMP DC-2468,2019-01-21 06:49:02-07,JumpDC,pedal-assist-bike,2019-01-21 06:50:00-07,-77.043305,38.9036883333333
BirdDC-BUKC1,BUKC1,2019-01-21 06:50:05-07,BirdDC,electric-scooter,2019-01-21 06:50:00-07,-77.03894,38.90298
JumpDC-bike_18933,JUMP DC-0812,2019-01-21 06:49:02-07,JumpDC,pedal-assist-bike,2019-01-21 06:50:00-07,-77.0396933333333,38.9033033333333
JumpDC-bike_23194,JUMP DC-2503,2019-01-21 06:49:02-07,JumpDC,pedal-assist-bike,2019-01-21 06:50:00-07,-77.04009,38.9035016666667
JumpDC-bike_18911,JUMP DC-0790,2019-01-21 06:49:02-07,JumpDC,pedal-assist-bike,2019-01-21 06:50:00-07,-77.0397233333333,38.90331
JumpDC-bike_23625,JUMP DC-2660,2019-01-21 06:49:02-07,JumpDC,pedal-assist-bike,2019-01-21 06:50:00-07,-77.0373066666667,38.9023933333333
BirdDC-T3CFE,T3CFE,2019-01-21 06:50:05-07,BirdDC,electric-scooter,2019-01-21 06:50:00-07,-77.0397901062428,38.903275718892
JumpDC-bike_23167,JUMP DC-2476,2019-01-21 06:49:02-07,JumpDC,pedal-assist-bike,2019-01-21 06:50:00-07,-77.030285,38.9025183333333
JumpDC-bike_18895,JUMP DC-0774,2019-01-21 06:49:02-07,JumpDC,pedal-assist-bike,2019-01-21 06:50:00-07,-77.033565,38.902815
SkipDC-352897090563944,"",2019-01-21 06:49:52-07,SkipDC,electric-scooter,2019-01-21 06:50:00-07,-77.0336417,38.901515
SkipDC-352897091273949,"",2019-01-21 06:49:52-07,SkipDC,electric-scooter,2019-01-21 06:50:00-07,-77.0335133,38.9014717
JumpDC-bike_23624,JUMP DC-2659,2019-01-21 06:49:02-07,JumpDC,pedal-assist-bike,2019-01-21 06:50:00-07,-77.0305566666667,38.90272
SkipDC-352897090537849,"",2019-01-21 06:49:52-07,SkipDC,electric-scooter,2019-01-21 06:50:00-07,-77.0350371,38.9050435
SkipDC-352897091275183,"",2019-01-21 06:49:52-07,SkipDC,electric-scooter,2019-01-21 06:50:00-07,-77.0295383,38.9045083
SkipDC-352897091391287,"",2019-01-21 06:49:52-07,SkipDC,electric-scooter,2019-01-21 06:50:00-07,-77.026985,38.9053183
SkipDC-352897091314727,"",2019-01-21 06:49:52-07,SkipDC,electric-scooter,2019-01-21 06:50:00-07,-77.025958,38.9049124
SkipDC-352897090558449,"",2019-01-21 06:49:52-07,SkipDC,electric-scooter,2019-01-21 06:50:00-07,-77.0238867,38.9029
BirdDC-6KAF4,6KAF4,2019-01-21 06:50:05-07,BirdDC,electric-scooter,2019-01-21 06:50:00-07,-77.0249783333333,38.9039566666667
BirdDC-KEZE7,KEZE7,2019-01-21 06:50:05-07,BirdDC,electric-scooter,2019-01-21 06:50:00-07,-77.0288316666667,38.90158
JumpDC-bike_16502,JUMP DC-0189,2019-01-21 06:49:02-07,JumpDC,pedal-assist-bike,2019-01-21 06:50:00-07,-77.0243283333333,38.9020066666667
JumpDC-bike_16625,JUMP DC-0230 ,2019-01-21 06:49:02-07,JumpDC,pedal-assist-bike,2019-01-21 06:50:00-07,-77.0190133333333,38.9034283333333
JumpDC-bike_17237,JUMP DC-0239,2019-01-21 06:49:02-07,JumpDC,pedal-assist-bike,2019-01-21 06:50:00-07,-77.0196266666667,38.9044366666667
JumpDC-bike_23660,JUMP DC-2695,2019-01-21 06:49:02-07,JumpDC,pedal-assist-bike,2019-01-21 06:50:00-07,-77.0174766666667,38.9025
JumpDC-bike_81152,JUMP DC-2569,2019-01-21 06:49:02-07,JumpDC,pedal-assist-bike,2019-01-21 06:50:00-07,-77.0169383333333,38.9026566666667
SkipDC-352897091200561,"",2019-01-21 06:49:52-07,SkipDC,electric-scooter,2019-01-21 06:50:00-07,-77.0164233,38.9045817
JumpDC-bike_23419,JUMP DC-2554,2019-01-21 06:49:02-07,JumpDC,pedal-assist-bike,2019-01-21 06:50:00-07,-77.0117216666667,38.9025883333333
BirdDC-4SV6S,4SV6S,2019-01-21 06:50:05-07,BirdDC,electric-scooter,2019-01-21 06:50:00-07,-77.0088733333333,38.9016266666667
JumpDC-bike_23471,JUMP DC-2606,2019-01-21 06:49:02-07,JumpDC,pedal-assist-bike,2019-01-21 06:50:00-07,-77.0054233333333,38.9027166666667
SkipDC-352897091387202,"",2019-01-21 06:49:52-07,SkipDC,electric-scooter,2019-01-21 06:50:00-07,-77.00098,38.9013767
JumpDC-bike_23623,JUMP DC-2658,2019-01-21 06:49:02-07,JumpDC,pedal-assist-bike,2019-01-21 06:50:00-07,-76.9776833333333,38.9025966666667
BirdDC-LQ22Y,LQ22Y,2019-01-21 06:50:05-07,BirdDC,electric-scooter,2019-01-21 06:50:00-07,-77.0717316666667,38.9066616666667
BirdDC-EF1VC,EF1VC,2019-01-21 06:50:05-07,BirdDC,electric-scooter,2019-01-21 06:50:00-07,-77.0742266666667,38.9071433333333
BirdDC-UC7NA,UC7NA,2019-01-21 06:50:05-07,BirdDC,electric-scooter,2019-01-21 06:50:00-07,-77.0647283333333,38.9098516666667
BirdDC-KX3TP,KX3TP,2019-01-21 06:50:05-07,BirdDC,electric-scooter,2019-01-21 06:50:00-07,-77.06977,38.907715
BirdDC-73EGZ,73EGZ,2019-01-21 06:50:05-07,BirdDC,electric-scooter,2019-01-21 06:50:00-07,-77.0698016666667,38.907695
BirdDC-ETWU4,ETWU4,2019-01-21 06:50:05-07,BirdDC,electric-scooter,2019-01-21 06:50:00-07,-77.0634916666667,38.90683
BirdDC-79HT1,79HT1,2019-01-21 06:50:05-07,BirdDC,electric-scooter,2019-01-21 06:50:00-07,-77.0646666666667,38.909825
JumpDC-bike_16492,JUMP DC-0179,2019-01-21 06:49:02-07,JumpDC,pedal-assist-bike,2019-01-21 06:50:00-07,-77.0547833333333,38.9094483333333
SkipDC-352897090465603,"",2019-01-21 06:49:52-07,SkipDC,electric-scooter,2019-01-21 06:50:00-07,-77.05315,38.9062833
BirdDC-5WBFA,5WBFA,2019-01-21 06:50:05-07,BirdDC,electric-scooter,2019-01-21 06:50:00-07,-77.0578083333333,38.9056316666667
BirdDC-F7S7P,F7S7P,2019-01-21 06:50:05-07,BirdDC,electric-scooter,2019-01-21 06:50:00-07,-77.0559916666667,38.9060433333333
JumpDC-bike_23702,JUMP DC-2737,2019-01-21 06:49:02-07,JumpDC,pedal-assist-bike,2019-01-21 06:50:00-07,-77.051475,38.9064066666667
BirdDC-VF3B8,VF3B8,2019-01-21 06:50:05-07,BirdDC,electric-scooter,2019-01-21 06:50:00-07,-77.0485766666667,38.9095266666667
SkipDC-352897091391584,"",2019-01-21 06:49:52-07,SkipDC,electric-scooter,2019-01-21 06:50:00-07,-77.0442841,38.9087624
BirdDC-BMJPI,BMJPI,2019-01-21 06:50:05-07,BirdDC,electric-scooter,2019-01-21 06:50:00-07,-77.045845,38.90858
JumpDC-bike_18824,JUMP DC-0701,2019-01-21 06:49:02-07,JumpDC,pedal-assist-bike,2019-01-21 06:50:00-07,-77.0447933333333,38.907935
JumpDC-bike_23479,JUMP DC-2614,2019-01-21 06:49:02-07,JumpDC,pedal-assist-bike,2019-01-21 06:50:00-07,-77.0438416666667,38.9057366666667
SkipDC-352897090492946,"",2019-01-21 06:49:52-07,SkipDC,electric-scooter,2019-01-21 06:50:00-07,-77.0423255,38.9077645
BirdDC-355IX,355IX,2019-01-21 06:50:05-07,BirdDC,electric-scooter,2019-01-21 06:50:00-07,-77.0434883333333,38.9083483333333
BirdDC-V6UMJ,V6UMJ,2019-01-21 06:50:05-07,BirdDC,electric-scooter,2019-01-21 06:50:00-07,-77.0434033333333,38.90559
JumpDC-bike_23695,JUMP DC-2730,2019-01-21 06:49:02-07,JumpDC,pedal-assist-bike,2019-01-21 06:50:00-07,-77.043745,38.9057666666667
JumpDC-bike_23696,JUMP DC-2731,2019-01-21 06:49:02-07,JumpDC,pedal-assist-bike,2019-01-21 06:50:00-07,-77.0447733333333,38.9079816666667
SkipDC-352897091438161,"",2019-01-21 06:49:52-07,SkipDC,electric-scooter,2019-01-21 06:50:00-07,-77.042315,38.9074067
SkipDC-352897091311087,"",2019-01-21 06:49:52-07,SkipDC,electric-scooter,2019-01-21 06:50:00-07,-77.0442017,38.9097133
JumpDC-bike_16521,JUMP DC-0169  ,2019-01-21 06:49:02-07,JumpDC,pedal-assist-bike,2019-01-21 06:50:00-07,-76.9731383333333,38.9054683333333
BirdDC-IEUS9,IEUS9,2019-01-21 06:50:05-07,BirdDC,electric-scooter,2019-01-21 06:50:00-07,-77.0653,38.910855
BirdDC-J7DIT,J7DIT,2019-01-21 06:50:05-07,BirdDC,electric-scooter,2019-01-21 06:50:00-07,-77.0531316666667,38.9107666666667
JumpDC-bike_18887,JUMP DC-0764,2019-01-21 06:49:02-07,JumpDC,pedal-assist-bike,2019-01-21 06:50:00-07,-77.0528516666667,38.9105666666667
JumpDC-bike_23452,JUMP DC-2587,2019-01-21 06:49:02-07,JumpDC,pedal-assist-bike,2019-01-21 06:50:00-07,-77.0527333333333,38.9137683333333
SkipDC-352897091392160,"",2019-01-21 06:49:52-07,SkipDC,electric-scooter,2019-01-21 06:50:00-07,-77.0492292,38.9103671
SkipDC-352897091310568,"",2019-01-21 06:49:52-07,SkipDC,electric-scooter,2019-01-21 06:50:00-07,-77.0465065,38.9106975
SkipDC-352897091325921,"",2019-01-21 06:49:52-07,SkipDC,electric-scooter,2019-01-21 06:50:00-07,-77.0448367,38.913505
JumpDC-bike_23433,JUMP DC-2568,2019-01-21 06:49:02-07,JumpDC,pedal-assist-bike,2019-01-21 06:50:00-07,-77.0447733333333,38.9109083333333
JumpDC-bike_23415,JUMP DC-2550,2019-01-21 06:49:02-07,JumpDC,pedal-assist-bike,2019-01-21 06:50:00-07,-77.0450183333333,38.9103333333333
SkipDC-352897091436884,"",2019-01-21 06:49:52-07,SkipDC,electric-scooter,2019-01-21 06:50:00-07,-77.0461777,38.9106004
SkipDC-352897091384480,"",2019-01-21 06:49:52-07,SkipDC,electric-scooter,2019-01-21 06:50:00-07,-77.0468883,38.9134017
SkipDC-352897090523369,"",2019-01-21 06:49:52-07,SkipDC,electric-scooter,2019-01-21 06:50:00-07,-77.0447527,38.9125565
JumpDC-bike_23443,JUMP DC-2578 ,2019-01-21 06:49:02-07,JumpDC,pedal-assist-bike,2019-01-21 06:50:00-07,-77.0414933333333,38.9103283333333
JumpDC-bike_18922,JUMP DC-0801,2019-01-21 06:49:02-07,JumpDC,pedal-assist-bike,2019-01-21 06:50:00-07,-77.0373283333333,38.91154
JumpDC-bike_23417,JUMP DC-2552,2019-01-21 06:49:02-07,JumpDC,pedal-assist-bike,2019-01-21 06:50:00-07,-77.0316766666667,38.9118616666667
BirdDC-ECEG7,ECEG7,2019-01-21 06:50:05-07,BirdDC,electric-scooter,2019-01-21 06:50:00-07,-77.026115,38.9126316666667
BirdDC-A1GTL,A1GTL,2019-01-21 06:50:05-07,BirdDC,electric-scooter,2019-01-21 06:50:00-07,-77.0285333333333,38.9111516666667
BirdDC-7N8V7,7N8V7,2019-01-21 06:50:05-07,BirdDC,electric-scooter,2019-01-21 06:50:00-07,-77.026115,38.9126516666667
JumpDC-bike_23215,JUMP DC-2524,2019-01-21 06:49:02-07,JumpDC,pedal-assist-bike,2019-01-21 06:50:00-07,-77.0224783333333,38.9127716666667
JumpDC-bike_18848,JUMP DC-0693,2019-01-21 06:49:02-07,JumpDC,pedal-assist-bike,2019-01-21 06:50:00-07,-77.012305,38.9126883333333
JumpDC-bike_23657,JUMP DC-2692,2019-01-21 06:49:02-07,JumpDC,pedal-assist-bike,2019-01-21 06:50:00-07,-77.0120066666667,38.912775
SkipDC-352897091437981,"",2019-01-21 06:49:52-07,SkipDC,electric-scooter,2019-01-21 06:50:00-07,-77.0119767,38.9119
BirdDC-DW1I5,DW1I5,2019-01-21 06:50:05-07,BirdDC,electric-scooter,2019-01-21 06:50:00-07,-77.0151811384127,38.9112651631575
SkipDC-352897091328248,"",2019-01-21 06:49:52-07,SkipDC,electric-scooter,2019-01-21 06:50:00-07,-77.0108083,38.9124017
JumpDC-bike_23172,JUMP DC-2481,2019-01-21 06:49:02-07,JumpDC,pedal-assist-bike,2019-01-21 06:50:00-07,-76.9892083333333,38.91085
JumpDC-bike_23207,JUMP DC-2516,2019-01-21 06:49:02-07,JumpDC,pedal-assist-bike,2019-01-21 06:50:00-07,-76.98608,38.9100516666667
SkipDC-352897091432867,"",2019-01-21 06:49:52-07,SkipDC,electric-scooter,2019-01-21 06:50:00-07,-77.0216933,38.9145417
BirdDC-A4ZPQ,A4ZPQ,2019-01-21 06:50:05-07,BirdDC,electric-scooter,2019-01-21 06:50:00-07,-77.0217366666667,38.9149433333333
JumpDC-bike_23147,JUMP DC-2456,2019-01-21 06:49:02-07,JumpDC,pedal-assist-bike,2019-01-21 06:50:00-07,-77.0126533333333,38.9154233333333
JumpDC-bike_23455,JUMP DC-2590,2019-01-21 06:49:02-07,JumpDC,pedal-assist-bike,2019-01-21 06:50:00-07,-77.0126316666667,38.91541
BirdDC-RYP4H,RYP4H,2019-01-21 06:50:05-07,BirdDC,electric-scooter,2019-01-21 06:50:00-07,-76.9694216666667,38.9180183333333
JumpDC-bike_23626,JUMP DC-2661,2019-01-21 06:49:02-07,JumpDC,pedal-assist-bike,2019-01-21 06:50:00-07,-77.0419216666667,38.9206
JumpDC-bike_23175,JUMP DC-2484,2019-01-21 06:49:02-07,JumpDC,pedal-assist-bike,2019-01-21 06:50:00-07,-77.0414966666667,38.9194666666667
JumpDC-bike_23163,JUMP DC-2472,2019-01-21 06:49:02-07,JumpDC,pedal-assist-bike,2019-01-21 06:50:00-07,-77.04164,38.9191566666667
JumpDC-bike_23201,JUMP DC-2510,2019-01-21 06:49:02-07,JumpDC,pedal-assist-bike,2019-01-21 06:50:00-07,-77.04154,38.9194366666667
JumpDC-bike_23453,JUMP DC-2588  ,2019-01-21 06:49:02-07,JumpDC,pedal-assist-bike,2019-01-21 06:50:00-07,-77.0414866666667,38.91915
JumpDC-bike_18878,JUMP DC-0837,2019-01-21 06:49:02-07,JumpDC,pedal-assist-bike,2019-01-21 06:50:00-07,-77.0417166666667,38.91906
BirdDC-FWYI7,FWYI7,2019-01-21 06:50:05-07,BirdDC,electric-scooter,2019-01-21 06:50:00-07,-77.0392879,38.9189784
SkipDC-352897091310824,"",2019-01-21 06:49:52-07,SkipDC,electric-scooter,2019-01-21 06:50:00-07,-77.037775,38.922205
BirdDC-Y1TA5,Y1TA5,2019-01-21 06:50:05-07,BirdDC,electric-scooter,2019-01-21 06:50:00-07,-77.0393011,38.9189451
SkipDC-352897091457807,"",2019-01-21 06:49:52-07,SkipDC,electric-scooter,2019-01-21 06:50:00-07,-77.0343717,38.9219633
SkipDC-352897091437627,"",2019-01-21 06:49:52-07,SkipDC,electric-scooter,2019-01-21 06:50:00-07,-77.0340883,38.92255
SkipDC-352897091457823,"",2019-01-21 06:49:52-07,SkipDC,electric-scooter,2019-01-21 06:50:00-07,-77.0213621,38.9217998
SkipDC-352897091381007,"",2019-01-21 06:49:52-07,SkipDC,electric-scooter,2019-01-21 06:50:00-07,-77.017985,38.92064
SkipDC-352897090451322,"",2019-01-21 06:49:52-07,SkipDC,electric-scooter,2019-01-21 06:50:00-07,-77.0228016,38.9206782
SkipDC-352897090480123,"",2019-01-21 06:49:52-07,SkipDC,electric-scooter,2019-01-21 06:50:00-07,-77.02173,38.91992
SkipDC-352897091381726,"",2019-01-21 06:49:52-07,SkipDC,electric-scooter,2019-01-21 06:50:00-07,-77.02181,38.9200033
SkipDC-352897091457922,"",2019-01-21 06:49:52-07,SkipDC,electric-scooter,2019-01-21 06:50:00-07,-77.0217161,38.9200128
SkipDC-352897091437106,"",2019-01-21 06:49:52-07,SkipDC,electric-scooter,2019-01-21 06:50:00-07,-77.0219967,38.920165
SkipDC-352897090424741,"",2019-01-21 06:49:52-07,SkipDC,electric-scooter,2019-01-21 06:50:00-07,-77.02161,38.9199683
JumpDC-bike_23711,JUMP DC-2746,2019-01-21 06:49:02-07,JumpDC,pedal-assist-bike,2019-01-21 06:50:00-07,-77.011575,38.9223483333333
BirdDC-177BK,177BK,2019-01-21 06:50:05-07,BirdDC,electric-scooter,2019-01-21 06:50:00-07,-77.000145,38.9208483333333
JumpDC-bike_18879,JUMP DC-0838,2019-01-21 06:49:02-07,JumpDC,pedal-assist-bike,2019-01-21 06:50:00-07,-76.955375,38.9211516666667
JumpDC-bike_18870,JUMP DC-0829,2019-01-21 06:49:02-07,JumpDC,pedal-assist-bike,2019-01-21 06:50:00-07,-77.0525166666667,38.9237983333333
JumpDC-bike_23634,JUMP DC-2669,2019-01-21 06:49:02-07,JumpDC,pedal-assist-bike,2019-01-21 06:50:00-07,-77.035775,38.9278733333333
JumpDC-bike_23614,JUMP DC-2649,2019-01-21 06:49:02-07,JumpDC,pedal-assist-bike,2019-01-21 06:50:00-07,-77.0360566666667,38.9262666666667
SkipDC-352897091311467,"",2019-01-21 06:49:52-07,SkipDC,electric-scooter,2019-01-21 06:50:00-07,-77.03894,38.9252433
BirdDC-PTH2S,PTH2S,2019-01-21 06:50:05-07,BirdDC,electric-scooter,2019-01-21 06:50:00-07,-77.030468,38.92388
JumpDC-bike_18912,JUMP DC-0791,2019-01-21 06:49:02-07,JumpDC,pedal-assist-bike,2019-01-21 06:50:00-07,-77.0295033333333,38.9258483333333
JumpDC-bike_23475,JUMP DC-2610,2019-01-21 06:49:02-07,JumpDC,pedal-assist-bike,2019-01-21 06:50:00-07,-77.0284383333333,38.9247983333333
SkipDC-352897091437643,"",2019-01-21 06:49:52-07,SkipDC,electric-scooter,2019-01-21 06:50:00-07,-77.0254073,38.9249763
JumpDC-bike_23672,JUMP DC-2707,2019-01-21 06:49:02-07,JumpDC,pedal-assist-bike,2019-01-21 06:50:00-07,-77.018235,38.9261683333333
SkipDC-352897090440606,"",2019-01-21 06:49:52-07,SkipDC,electric-scooter,2019-01-21 06:50:00-07,-77.0215417,38.9241933
SkipDC-352897091431323,"",2019-01-21 06:49:52-07,SkipDC,electric-scooter,2019-01-21 06:50:00-07,-77.020875,38.9270483
JumpDC-bike_23489,JUMP DC-2624,2019-01-21 06:49:02-07,JumpDC,pedal-assist-bike,2019-01-21 06:50:00-07,-77.03455,38.9462833333333
SkipDC-352897091391923,"",2019-01-21 06:49:52-07,SkipDC,electric-scooter,2019-01-21 06:50:00-07,-77.0256807,38.9485975
SkipDC-352897091387384,"",2019-01-21 06:49:52-07,SkipDC,electric-scooter,2019-01-21 06:50:00-07,-77.0249633,38.94947
SkipDC-352897090517486,"",2019-01-21 06:49:52-07,SkipDC,electric-scooter,2019-01-21 06:50:00-07,-77.0249456,38.9495214
SkipDC-352897091294705,"",2019-01-21 06:49:52-07,SkipDC,electric-scooter,2019-01-21 06:50:00-07,-77.0242333,38.9495967
SkipDC-352897091325905,"",2019-01-21 06:49:52-07,SkipDC,electric-scooter,2019-01-21 06:50:00-07,-77.0242429,38.949684
JumpDC-bike_16514,JUMP DC-0202,2019-01-21 06:49:02-07,JumpDC,pedal-assist-bike,2019-01-21 06:50:00-07,-77.0026916666667,38.9523816666667
JumpDC-bike_23191,JUMP DC-2500,2019-01-21 06:49:02-07,JumpDC,pedal-assist-bike,2019-01-21 06:50:00-07,-77.0026283333333,38.9523716666667
JumpDC-bike_23234,JUMP DC-2543,2019-01-21 06:49:02-07,JumpDC,pedal-assist-bike,2019-01-21 06:50:00-07,-77.0027433333333,38.952315
JumpDC-bike_23478,JUMP DC-2613,2019-01-21 06:49:02-07,JumpDC,pedal-assist-bike,2019-01-21 06:50:00-07,-77.0026566666667,38.952305
SkipDC-352897091437643,"",2019-01-21 06:19:52-07,SkipDC,electric-scooter,2019-01-21 06:20:00-07,-77.0255244,38.9249344
JumpDC-bike_23475,JUMP DC-2610,2019-01-21 06:18:54-07,JumpDC,pedal-assist-bike,2019-01-21 06:20:00-07,-77.0284383333333,38.9247983333333
JumpDC-bike_23672,JUMP DC-2707,2019-01-21 06:18:54-07,JumpDC,pedal-assist-bike,2019-01-21 06:20:00-07,-77.018235,38.9261683333333
SkipDC-352897090440606,"",2019-01-21 06:19:52-07,SkipDC,electric-scooter,2019-01-21 06:20:00-07,-77.0214498,38.9241969
SkipDC-352897091431323,"",2019-01-21 06:19:52-07,SkipDC,electric-scooter,2019-01-21 06:20:00-07,-77.0208733,38.927165
JumpDC-bike_23489,JUMP DC-2624,2019-01-21 06:18:54-07,JumpDC,pedal-assist-bike,2019-01-21 06:20:00-07,-77.03455,38.9462833333333
SkipDC-352897091391923,"",2019-01-21 06:19:52-07,SkipDC,electric-scooter,2019-01-21 06:20:00-07,-77.0256807,38.9485975
SkipDC-352897091387384,"",2019-01-21 06:19:52-07,SkipDC,electric-scooter,2019-01-21 06:20:00-07,-77.0250169,38.9492664
SkipDC-352897090517486,"",2019-01-21 06:19:52-07,SkipDC,electric-scooter,2019-01-21 06:20:00-07,-77.0249442,38.9495219
SkipDC-352897091325905,"",2019-01-21 06:19:52-07,SkipDC,electric-scooter,2019-01-21 06:20:00-07,-77.0242594,38.9494395
SkipDC-352897091294705,"",2019-01-21 06:19:52-07,SkipDC,electric-scooter,2019-01-21 06:20:00-07,-77.02423,38.9495967
JumpDC-bike_23234,JUMP DC-2543,2019-01-21 06:18:54-07,JumpDC,pedal-assist-bike,2019-01-21 06:20:00-07,-77.0027433333333,38.952315
JumpDC-bike_23478,JUMP DC-2613,2019-01-21 06:18:54-07,JumpDC,pedal-assist-bike,2019-01-21 06:20:00-07,-77.0026566666667,38.952305
JumpDC-bike_16514,JUMP DC-0202,2019-01-21 06:18:54-07,JumpDC,pedal-assist-bike,2019-01-21 06:20:00-07,-77.0026916666667,38.9523816666667
JumpDC-bike_23191,JUMP DC-2500,2019-01-21 06:18:54-07,JumpDC,pedal-assist-bike,2019-01-21 06:20:00-07,-77.0026283333333,38.9523716666667
SkipDC-352897090520282,"",2019-01-21 06:34:52-07,SkipDC,electric-scooter,2019-01-21 06:35:00-07,-77.0246885,38.8798037
SkipDC-352897090447767,"",2019-01-21 06:34:52-07,SkipDC,electric-scooter,2019-01-21 06:35:00-07,-77.024601,38.881393
JumpDC-bike_23636,JUMP DC-2671,2019-01-21 06:34:04-07,JumpDC,pedal-assist-bike,2019-01-21 06:35:00-07,-77.023225,38.8786566666667
JumpDC-bike_23483,JUMP DC-2618,2019-01-21 06:34:04-07,JumpDC,pedal-assist-bike,2019-01-21 06:35:00-07,-77.0231983333333,38.8784916666667
JumpDC-bike_23633,JUMP DC-2668,2019-01-21 06:34:04-07,JumpDC,pedal-assist-bike,2019-01-21 06:35:00-07,-77.023055,38.878645
JumpDC-bike_18928,JUMP DC-0807,2019-01-21 06:34:04-07,JumpDC,pedal-assist-bike,2019-01-21 06:35:00-07,-77.02307,38.87861
BirdDC-NN3KL,NN3KL,2019-01-21 06:35:05-07,BirdDC,electric-scooter,2019-01-21 06:35:00-07,-77.017585,38.8790583333333
JumpDC-bike_23485,JUMP DC-2620,2019-01-21 06:34:04-07,JumpDC,pedal-assist-bike,2019-01-21 06:35:00-07,-77.0009483333333,38.881205
JumpDC-bike_16633,JUMP DC-0225,2019-01-21 06:34:04-07,JumpDC,pedal-assist-bike,2019-01-21 06:35:00-07,-77.0022266666667,38.8792466666667
SkipDC-352897091275688,"",2019-01-21 06:34:52-07,SkipDC,electric-scooter,2019-01-21 06:35:00-07,-77.0043283,38.879295
JumpDC-bike_23203,JUMP DC-2512,2019-01-21 06:34:04-07,JumpDC,pedal-assist-bike,2019-01-21 06:35:00-07,-77.0053483333333,38.8805116666667
JumpDC-bike_23654,JUMP DC-2689,2019-01-21 06:34:04-07,JumpDC,pedal-assist-bike,2019-01-21 06:35:00-07,-76.9950766666667,38.8809683333333
JumpDC-bike_18849,JUMP DC-0694,2019-01-21 06:34:04-07,JumpDC,pedal-assist-bike,2019-01-21 06:35:00-07,-76.9903266666667,38.8801833333333
SkipDC-352897091025620,"",2019-01-21 06:34:52-07,SkipDC,electric-scooter,2019-01-21 06:35:00-07,-77.0452733,38.8864533
BirdDC-EUG6C,EUG6C,2019-01-21 06:35:05-07,BirdDC,electric-scooter,2019-01-21 06:35:00-07,-77.0448616666667,38.8850666666667
BirdDC-WP8HA,WP8HA,2019-01-21 06:35:05-07,BirdDC,electric-scooter,2019-01-21 06:35:00-07,-77.0436333333333,38.8871083333333
SkipDC-352897091391865,"",2019-01-21 06:34:52-07,SkipDC,electric-scooter,2019-01-21 06:35:00-07,-77.02852,38.8872583
SkipDC-352897091294184,"",2019-01-21 06:34:52-07,SkipDC,electric-scooter,2019-01-21 06:35:00-07,-77.028548,38.887382
SkipDC-352897091427982,"",2019-01-21 06:34:52-07,SkipDC,electric-scooter,2019-01-21 06:35:00-07,-77.0287333,38.88494
SkipDC-352897090561740,"",2019-01-21 06:34:52-07,SkipDC,electric-scooter,2019-01-21 06:35:00-07,-77.028575,38.8871883
BirdDC-9DQST,9DQST,2019-01-21 06:35:05-07,BirdDC,electric-scooter,2019-01-21 06:35:00-07,-77.0491866666667,38.8894466666667
SkipDC-352897091392004,"",2019-01-21 06:34:52-07,SkipDC,electric-scooter,2019-01-21 06:35:00-07,-77.0404117,38.8886017
SkipDC-352897091381429,"",2019-01-21 06:34:52-07,SkipDC,electric-scooter,2019-01-21 06:35:00-07,-77.0369317,38.8895117
SkipDC-352897090567465,"",2019-01-21 06:34:52-07,SkipDC,electric-scooter,2019-01-21 06:35:00-07,-77.0380217,38.8918733
SkipDC-352897090559124,"",2019-01-21 06:34:52-07,SkipDC,electric-scooter,2019-01-21 06:35:00-07,-77.0332717,38.8901033
SkipDC-352897091274624,"",2019-01-21 06:34:52-07,SkipDC,electric-scooter,2019-01-21 06:35:00-07,-77.02869,38.88875
SkipDC-352897091430143,"",2019-01-21 06:34:52-07,SkipDC,electric-scooter,2019-01-21 06:35:00-07,-77.0283033,38.8890733
SkipDC-352897091392269,"",2019-01-21 06:34:52-07,SkipDC,electric-scooter,2019-01-21 06:35:00-07,-77.025985,38.8904617
SkipDC-352897091383862,"",2019-01-21 06:34:52-07,SkipDC,electric-scooter,2019-01-21 06:35:00-07,-77.02843,38.8918483
JumpDC-bike_23677,JUMP DC-2712,2019-01-21 06:34:04-07,JumpDC,pedal-assist-bike,2019-01-21 06:35:00-07,-77.02582,38.89053
SkipDC-352897091427388,"",2019-01-21 06:34:52-07,SkipDC,electric-scooter,2019-01-21 06:35:00-07,-77.0195717,38.8900467
SkipDC-352897091381221,"",2019-01-21 06:34:52-07,SkipDC,electric-scooter,2019-01-21 06:35:00-07,-77.0128983,38.89061
BirdDC-GNBWN,GNBWN,2019-01-21 06:35:05-07,BirdDC,electric-scooter,2019-01-21 06:35:00-07,-77.0127716666667,38.888775
JumpDC-bike_16634,JUMP DC-0226,2019-01-21 06:34:04-07,JumpDC,pedal-assist-bike,2019-01-21 06:35:00-07,-76.9988366666667,38.8898133333333
SkipDC-352897090521827,"",2019-01-21 06:34:52-07,SkipDC,electric-scooter,2019-01-21 06:35:00-07,-77.0062567,38.8934783
SkipDC-352897091432321,"",2019-01-21 06:34:52-07,SkipDC,electric-scooter,2019-01-21 06:35:00-07,-77.0062217,38.8935933
JumpDC-bike_16503,JUMP DC-0200,2019-01-21 06:34:04-07,JumpDC,pedal-assist-bike,2019-01-21 06:35:00-07,-76.9721866666667,38.8955783333333
BirdDC-U2X7A,U2X7A,2019-01-21 06:35:05-07,BirdDC,electric-scooter,2019-01-21 06:35:00-07,-77.05571,38.9003183333333
BirdDC-F45JN,F45JN,2019-01-21 06:35:05-07,BirdDC,electric-scooter,2019-01-21 06:35:00-07,-77.0505366666667,38.8984183333333
BirdDC-EY2KI,EY2KI,2019-01-21 06:35:05-07,BirdDC,electric-scooter,2019-01-21 06:35:00-07,-77.04972,38.8977133333333
SkipDC-352897091291768,"",2019-01-21 06:34:52-07,SkipDC,electric-scooter,2019-01-21 06:35:00-07,-77.04935,38.89825
SkipDC-352897091274129,"",2019-01-21 06:34:52-07,SkipDC,electric-scooter,2019-01-21 06:35:00-07,-77.0493383,38.8982833
SkipDC-352897091310709,"",2019-01-21 06:34:52-07,SkipDC,electric-scooter,2019-01-21 06:35:00-07,-77.0468317,38.9003533
BirdDC-9VHCU,9VHCU,2019-01-21 06:35:05-07,BirdDC,electric-scooter,2019-01-21 06:35:00-07,-77.046715,38.9007266666667
SkipDC-352897091386360,"",2019-01-21 06:34:52-07,SkipDC,electric-scooter,2019-01-21 06:35:00-07,-77.0463743,38.9006165
BirdDC-395LM,395LM,2019-01-21 06:35:05-07,BirdDC,electric-scooter,2019-01-21 06:35:00-07,-77.04499,38.8972516666667
BirdDC-TX3LR,TX3LR,2019-01-21 06:35:05-07,BirdDC,electric-scooter,2019-01-21 06:35:00-07,-77.0433966666667,38.896545
JumpDC-bike_23617,JUMP DC-2652,2019-01-21 06:34:04-07,JumpDC,pedal-assist-bike,2019-01-21 06:35:00-07,-77.0466616666667,38.897275
JumpDC-bike_18855,JUMP DC-0691,2019-01-21 06:34:04-07,JumpDC,pedal-assist-bike,2019-01-21 06:35:00-07,-77.0404983333333,38.8984416666667
SkipDC-352897091333966,"",2019-01-21 06:34:52-07,SkipDC,electric-scooter,2019-01-21 06:35:00-07,-77.0515217,38.905185
BirdDC-UY213,UY213,2019-01-21 06:35:05-07,BirdDC,electric-scooter,2019-01-21 06:35:00-07,-77.0509483333333,38.9027216666667
JumpDC-bike_23616,JUMP DC-2651,2019-01-21 06:34:04-07,JumpDC,pedal-assist-bike,2019-01-21 06:35:00-07,-77.0516066666667,38.9036883333333
SkipDC-352897091455421,"",2019-01-21 06:34:52-07,SkipDC,electric-scooter,2019-01-21 06:35:00-07,-77.05152,38.9051
SkipDC-352897091462385,"",2019-01-21 06:34:52-07,SkipDC,electric-scooter,2019-01-21 06:35:00-07,-77.0515417,38.905205
SkipDC-352897091280043,"",2019-01-21 06:34:52-07,SkipDC,electric-scooter,2019-01-21 06:35:00-07,-77.0514767,38.90519
SkipDC-352897091279722,"",2019-01-21 06:34:52-07,SkipDC,electric-scooter,2019-01-21 06:35:00-07,-77.051535,38.9052567
SkipDC-352897091273089,"",2019-01-21 06:34:52-07,SkipDC,electric-scooter,2019-01-21 06:35:00-07,-77.0517172,38.9052714
SkipDC-352897091457286,"",2019-01-21 06:34:52-07,SkipDC,electric-scooter,2019-01-21 06:35:00-07,-77.0514783,38.9050585
JumpDC-bike_16495,JUMP DC-0182,2019-01-21 06:34:04-07,JumpDC,pedal-assist-bike,2019-01-21 06:35:00-07,-77.0514016666667,38.903565
JumpDC-bike_18927,JUMP DC-0806,2019-01-21 06:34:04-07,JumpDC,pedal-assist-bike,2019-01-21 06:35:00-07,-77.0513016666667,38.9039816666667
SkipDC-352897091280449,"",2019-01-21 06:34:52-07,SkipDC,electric-scooter,2019-01-21 06:35:00-07,-77.0515167,38.9051167
JumpDC-bike_23159,JUMP DC-2468,2019-01-21 06:34:04-07,JumpDC,pedal-assist-bike,2019-01-21 06:35:00-07,-77.043305,38.9036883333333
SkipDC-352897091291545,"",2019-01-21 06:34:52-07,SkipDC,electric-scooter,2019-01-21 06:35:00-07,-77.0454723,38.9026857
BirdDC-3B24Q,3B24Q,2019-01-21 06:35:05-07,BirdDC,electric-scooter,2019-01-21 06:35:00-07,-77.0416394,38.9012058
JumpDC-bike_23712,JUMP DC-2747,2019-01-21 06:34:04-07,JumpDC,pedal-assist-bike,2019-01-21 06:35:00-07,-77.04177,38.901535
JumpDC-bike_23681,JUMP DC-2716,2019-01-21 06:34:04-07,JumpDC,pedal-assist-bike,2019-01-21 06:35:00-07,-77.044965,38.9039483333333
BirdDC-19VXY,19VXY,2019-01-21 06:35:05-07,BirdDC,electric-scooter,2019-01-21 06:35:00-07,-77.04515,38.903705
BirdDC-T3CFE,T3CFE,2019-01-21 06:35:05-07,BirdDC,electric-scooter,2019-01-21 06:35:00-07,-77.0397901062428,38.903275718892
BirdDC-BUKC1,BUKC1,2019-01-21 06:35:05-07,BirdDC,electric-scooter,2019-01-21 06:35:00-07,-77.03894,38.902965
JumpDC-bike_18933,JUMP DC-0812,2019-01-21 06:34:04-07,JumpDC,pedal-assist-bike,2019-01-21 06:35:00-07,-77.0396933333333,38.9033033333333
JumpDC-bike_23194,JUMP DC-2503,2019-01-21 06:34:04-07,JumpDC,pedal-assist-bike,2019-01-21 06:35:00-07,-77.04009,38.9035016666667
JumpDC-bike_18911,JUMP DC-0790,2019-01-21 06:34:04-07,JumpDC,pedal-assist-bike,2019-01-21 06:35:00-07,-77.0397233333333,38.90331
JumpDC-bike_23625,JUMP DC-2660,2019-01-21 06:34:04-07,JumpDC,pedal-assist-bike,2019-01-21 06:35:00-07,-77.0373066666667,38.9023933333333
JumpDC-bike_18895,JUMP DC-0774,2019-01-21 06:34:04-07,JumpDC,pedal-assist-bike,2019-01-21 06:35:00-07,-77.033565,38.902815
SkipDC-352897091273949,"",2019-01-21 06:34:52-07,SkipDC,electric-scooter,2019-01-21 06:35:00-07,-77.0335683,38.901545
SkipDC-352897091275183,"",2019-01-21 06:34:52-07,SkipDC,electric-scooter,2019-01-21 06:35:00-07,-77.0294333,38.9044433
JumpDC-bike_23624,JUMP DC-2659,2019-01-21 06:34:04-07,JumpDC,pedal-assist-bike,2019-01-21 06:35:00-07,-77.0305566666667,38.90272
JumpDC-bike_23167,JUMP DC-2476,2019-01-21 06:34:04-07,JumpDC,pedal-assist-bike,2019-01-21 06:35:00-07,-77.030285,38.9025183333333
BirdDC-ETWU4,ETWU4,2019-01-21 06:35:05-07,BirdDC,electric-scooter,2019-01-21 06:35:00-07,-77.0634916666667,38.906815
JumpDC-bike_16492,JUMP DC-0179,2019-01-21 06:34:04-07,JumpDC,pedal-assist-bike,2019-01-21 06:35:00-07,-77.0547833333333,38.9094483333333
SkipDC-352897090465603,"",2019-01-21 06:34:52-07,SkipDC,electric-scooter,2019-01-21 06:35:00-07,-77.0530883,38.9062983
BirdDC-5WBFA,5WBFA,2019-01-21 06:35:05-07,BirdDC,electric-scooter,2019-01-21 06:35:00-07,-77.0578083333333,38.9056316666667
BirdDC-F7S7P,F7S7P,2019-01-21 06:35:05-07,BirdDC,electric-scooter,2019-01-21 06:35:00-07,-77.0559916666667,38.9060483333333
BirdDC-VF3B8,VF3B8,2019-01-21 06:35:05-07,BirdDC,electric-scooter,2019-01-21 06:35:00-07,-77.0485766666667,38.90953
JumpDC-bike_23702,JUMP DC-2737,2019-01-21 06:34:04-07,JumpDC,pedal-assist-bike,2019-01-21 06:35:00-07,-77.051475,38.9064066666667
JumpDC-bike_23143,JUMP DC-2452,2019-01-21 06:34:04-07,JumpDC,pedal-assist-bike,2019-01-21 06:35:00-07,-77.0416,38.9059966666667
JumpDC-bike_23479,JUMP DC-2614,2019-01-21 06:34:04-07,JumpDC,pedal-assist-bike,2019-01-21 06:35:00-07,-77.0438416666667,38.9057366666667
JumpDC-bike_23696,JUMP DC-2731,2019-01-21 06:34:04-07,JumpDC,pedal-assist-bike,2019-01-21 06:35:00-07,-77.0447733333333,38.9079816666667
BirdDC-R7EMJ,R7EMJ,2019-01-21 06:35:05-07,BirdDC,electric-scooter,2019-01-21 06:35:00-07,-77.0447766666667,38.9096
JumpDC-bike_23504,JUMP DC-2639,2019-01-21 06:34:04-07,JumpDC,pedal-assist-bike,2019-01-21 06:35:00-07,-77.04297,38.9090066666667
SkipDC-352897090492946,"",2019-01-21 06:34:52-07,SkipDC,electric-scooter,2019-01-21 06:35:00-07,-77.0423143,38.9077748
SkipDC-352897091438161,"",2019-01-21 06:34:52-07,SkipDC,electric-scooter,2019-01-21 06:35:00-07,-77.04229,38.9074967
BirdDC-V6UMJ,V6UMJ,2019-01-21 06:35:05-07,BirdDC,electric-scooter,2019-01-21 06:35:00-07,-77.043465,38.9055933333333
JumpDC-bike_18824,JUMP DC-0701,2019-01-21 06:34:04-07,JumpDC,pedal-assist-bike,2019-01-21 06:35:00-07,-77.0447933333333,38.907935
JumpDC-bike_23676,JUMP DC-2711,2019-01-21 06:34:04-07,JumpDC,pedal-assist-bike,2019-01-21 06:35:00-07,-77.0454,38.9095916666667
SkipDC-352897091276280,"",2019-01-21 06:34:52-07,SkipDC,electric-scooter,2019-01-21 06:35:00-07,-77.0447527,38.9074203
SkipDC-352897091311087,"",2019-01-21 06:34:52-07,SkipDC,electric-scooter,2019-01-21 06:35:00-07,-77.044295,38.909765
BirdDC-355IX,355IX,2019-01-21 06:35:05-07,BirdDC,electric-scooter,2019-01-21 06:35:00-07,-77.0435416666667,38.9083016666667
JumpDC-bike_23695,JUMP DC-2730,2019-01-21 06:34:04-07,JumpDC,pedal-assist-bike,2019-01-21 06:35:00-07,-77.043745,38.9057666666667
SkipDC-352897091391584,"",2019-01-21 06:34:52-07,SkipDC,electric-scooter,2019-01-21 06:35:00-07,-77.044323,38.9087532
BirdDC-HRNFR,HRNFR,2019-01-21 06:35:05-07,BirdDC,electric-scooter,2019-01-21 06:35:00-07,-77.0457883459302,38.9086249564205
BirdDC-BMJPI,BMJPI,2019-01-21 06:35:05-07,BirdDC,electric-scooter,2019-01-21 06:35:00-07,-77.045845,38.9085883333333
JumpDC-bike_23480,JUMP DC-2615,2019-01-21 06:34:04-07,JumpDC,pedal-assist-bike,2019-01-21 06:35:00-07,-77.0395916666667,38.9063183333333
SkipDC-352897091431067,"",2019-01-21 06:34:52-07,SkipDC,electric-scooter,2019-01-21 06:35:00-07,-77.0371933,38.9068567
BirdDC-9LUA7,9LUA7,2019-01-21 06:35:05-07,BirdDC,electric-scooter,2019-01-21 06:35:00-07,-77.0388183333333,38.906575
JumpDC-bike_23945,JUMP DC-2454,2019-01-21 06:34:04-07,JumpDC,pedal-assist-bike,2019-01-21 06:35:00-07,-77.0401166666667,38.9085666666667
JumpDC-bike_18830,JUMP DC-0707,2019-01-21 06:34:04-07,JumpDC,pedal-assist-bike,2019-01-21 06:35:00-07,-77.0396,38.9071966666667
JumpDC-bike_18828,JUMP DC-0705,2019-01-21 06:34:04-07,JumpDC,pedal-assist-bike,2019-01-21 06:35:00-07,-77.0402233333333,38.9072283333333
BirdDC-VZQN4,VZQN4,2019-01-21 06:35:05-07,BirdDC,electric-scooter,2019-01-21 06:35:00-07,-77.0368116666667,38.90812
JumpDC-bike_18862,JUMP DC-0821,2019-01-21 06:34:04-07,JumpDC,pedal-assist-bike,2019-01-21 06:35:00-07,-77.030675,38.907655
JumpDC-bike_18906,JUMP DC-0785,2019-01-21 06:34:04-07,JumpDC,pedal-assist-bike,2019-01-21 06:35:00-07,-77.0336583333333,38.90971
SkipDC-352897091274020,"",2019-01-21 06:34:52-07,SkipDC,electric-scooter,2019-01-21 06:35:00-07,-77.0344567,38.9067917
BirdDC-VP73,VP73,2019-01-21 06:35:05-07,BirdDC,electric-scooter,2019-01-21 06:35:00-07,-77.0391862,38.9188162
BirdDC-WDZP7,WDZP7,2019-01-21 06:35:05-07,BirdDC,electric-scooter,2019-01-21 06:35:00-07,-77.0392347493216,38.9188625945943
BirdDC-V6GR3,V6GR3,2019-01-21 06:35:05-07,BirdDC,electric-scooter,2019-01-21 06:35:00-07,-77.0391272277014,38.9185322618444
BirdDC-BMWJM,BMWJM,2019-01-21 06:35:05-07,BirdDC,electric-scooter,2019-01-21 06:35:00-07,-77.0392401432289,38.9188356670921
BirdDC-GH22T,GH22T,2019-01-21 06:35:05-07,BirdDC,electric-scooter,2019-01-21 06:35:00-07,-77.0391922432366,38.9187520197755
JumpDC-bike_18899,JUMP DC-0778,2019-01-21 06:34:04-07,JumpDC,pedal-assist-bike,2019-01-21 06:35:00-07,-77.0298816666667,38.9170533333333
JumpDC-bike_18850,JUMP DC-0690,2019-01-21 06:34:04-07,JumpDC,pedal-assist-bike,2019-01-21 06:35:00-07,-77.0298366666667,38.9169683333333
SkipDC-352897091386980,"",2019-01-21 06:34:52-07,SkipDC,electric-scooter,2019-01-21 06:35:00-07,-77.0294254,38.9150921
SkipDC-352897091380868,"",2019-01-21 06:34:52-07,SkipDC,electric-scooter,2019-01-21 06:35:00-07,-77.0296393,38.91535
BirdDC-H78F8,H78F8,2019-01-21 06:35:05-07,BirdDC,electric-scooter,2019-01-21 06:35:00-07,-77.02977,38.9181933333333
JumpDC-bike_23508,JUMP DC-2643,2019-01-21 06:34:04-07,JumpDC,pedal-assist-bike,2019-01-21 06:35:00-07,-77.0312266666667,38.9169083333333
JumpDC-bike_23142,JUMP DC-2451,2019-01-21 06:34:04-07,JumpDC,pedal-assist-bike,2019-01-21 06:35:00-07,-77.03247,38.91715
JumpDC-bike_23156,JUMP DC-2465,2019-01-21 06:34:04-07,JumpDC,pedal-assist-bike,2019-01-21 06:35:00-07,-77.0299766666667,38.9169066666667
JumpDC-bike_18826,JUMP DC-0703,2019-01-21 06:34:04-07,JumpDC,pedal-assist-bike,2019-01-21 06:35:00-07,-77.02902,38.91685
JumpDC-bike_23214,JUMP DC-2523,2019-01-21 06:34:04-07,JumpDC,pedal-assist-bike,2019-01-21 06:35:00-07,-77.0247733333333,38.9150333333333
SkipDC-352897091299084,"",2019-01-21 06:34:52-07,SkipDC,electric-scooter,2019-01-21 06:35:00-07,-77.026815,38.9144883
BirdDC-PRJH7,PRJH7,2019-01-21 06:35:05-07,BirdDC,electric-scooter,2019-01-21 06:35:00-07,-77.02459,38.9182283333333
BirdDC-U9ZLP,U9ZLP,2019-01-21 06:35:05-07,BirdDC,electric-scooter,2019-01-21 06:35:00-07,-77.028115,38.9160416666667
SkipDC-352897091432867,"",2019-01-21 06:34:52-07,SkipDC,electric-scooter,2019-01-21 06:35:00-07,-77.0218167,38.9146017
BirdDC-A4ZPQ,A4ZPQ,2019-01-21 06:35:05-07,BirdDC,electric-scooter,2019-01-21 06:35:00-07,-77.0217516666667,38.9150233333333
JumpDC-bike_23455,JUMP DC-2590,2019-01-21 06:34:04-07,JumpDC,pedal-assist-bike,2019-01-21 06:35:00-07,-77.0126316666667,38.91541
JumpDC-bike_23147,JUMP DC-2456,2019-01-21 06:34:04-07,JumpDC,pedal-assist-bike,2019-01-21 06:35:00-07,-77.0126533333333,38.9154233333333
BirdDC-RYP4H,RYP4H,2019-01-21 06:35:05-07,BirdDC,electric-scooter,2019-01-21 06:35:00-07,-76.9694816666667,38.918015
JumpDC-bike_16499,JUMP DC-0186,2019-01-21 06:34:04-07,JumpDC,pedal-assist-bike,2019-01-21 06:35:00-07,-77.0587216666667,38.936035
JumpDC-bike_81150,JUMP DC-2501,2019-01-21 06:34:04-07,JumpDC,pedal-assist-bike,2019-01-21 06:35:00-07,-77.0586216666667,38.9360466666667
JumpDC-bike_23713,JUMP DC-2748,2019-01-21 06:34:04-07,JumpDC,pedal-assist-bike,2019-01-21 06:35:00-07,-77.0586433333333,38.93603
JumpDC-bike_23687,JUMP DC-2722,2019-01-21 06:34:04-07,JumpDC,pedal-assist-bike,2019-01-21 06:35:00-07,-77.03261,38.93303
JumpDC-bike_23513,JUMP DC-2648,2019-01-21 06:34:04-07,JumpDC,pedal-assist-bike,2019-01-21 06:35:00-07,-77.03472,38.9344233333333
JumpDC-bike_16612,JUMP DC-0247,2019-01-21 06:34:04-07,JumpDC,pedal-assist-bike,2019-01-21 06:35:00-07,-77.0296333333333,38.9337116666667
JumpDC-bike_23144,JUMP DC-2453,2019-01-21 06:34:04-07,JumpDC,pedal-assist-bike,2019-01-21 06:35:00-07,-76.9938683333333,38.9331
JumpDC-bike_18836,JUMP DC-0713,2019-01-21 06:34:04-07,JumpDC,pedal-assist-bike,2019-01-21 06:35:00-07,-76.993755,38.9331766666667
JumpDC-bike_23698,JUMP DC-2733,2019-01-21 06:34:04-07,JumpDC,pedal-assist-bike,2019-01-21 06:35:00-07,-76.9937966666667,38.93314
JumpDC-bike_23512,JUMP DC-2647,2019-01-21 06:34:04-07,JumpDC,pedal-assist-bike,2019-01-21 06:35:00-07,-77.032625,38.9373266666667
JumpDC-bike_23620,JUMP DC-2655,2019-01-21 06:34:04-07,JumpDC,pedal-assist-bike,2019-01-21 06:35:00-07,-77.0331766666667,38.9388333333333
JumpDC-bike_23489,JUMP DC-2624,2019-01-21 06:34:04-07,JumpDC,pedal-assist-bike,2019-01-21 06:35:00-07,-77.03455,38.9462833333333
SkipDC-352897091391923,"",2019-01-21 06:34:52-07,SkipDC,electric-scooter,2019-01-21 06:35:00-07,-77.0256807,38.9485975
SkipDC-352897091387384,"",2019-01-21 06:34:52-07,SkipDC,electric-scooter,2019-01-21 06:35:00-07,-77.0249746,38.949257
SkipDC-352897090517486,"",2019-01-21 06:34:52-07,SkipDC,electric-scooter,2019-01-21 06:35:00-07,-77.024963,38.9495227
SkipDC-352897091325905,"",2019-01-21 06:34:52-07,SkipDC,electric-scooter,2019-01-21 06:35:00-07,-77.02425,38.9495833
SkipDC-352897091294705,"",2019-01-21 06:34:52-07,SkipDC,electric-scooter,2019-01-21 06:35:00-07,-77.0242333,38.9495967
JumpDC-bike_23493,JUMP DC-2628,2019-01-21 06:49:02-07,JumpDC,pedal-assist-bike,2019-01-21 06:50:00-07,-76.9950616666667,38.862085
BirdDC-18Z2P,18Z2P,2019-01-21 06:50:05-07,BirdDC,electric-scooter,2019-01-21 06:50:00-07,-76.98722,38.8671766666667
BirdDC-IBCB4,IBCB4,2019-01-21 06:50:05-07,BirdDC,electric-scooter,2019-01-21 06:50:00-07,-76.98516,38.8667833333333
JumpDC-bike_23697,JUMP DC-2732,2019-01-21 06:49:02-07,JumpDC,pedal-assist-bike,2019-01-21 06:50:00-07,-76.98056,38.8650466666667
JumpDC-bike_16598,JUMP DC-0232,2019-01-21 06:49:02-07,JumpDC,pedal-assist-bike,2019-01-21 06:50:00-07,-77.0107116666667,38.8713733333333
SkipDC-352897090472260,"",2019-01-21 06:49:52-07,SkipDC,electric-scooter,2019-01-21 06:50:00-07,-77.0056533,38.8737517
SkipDC-352897091432701,"",2019-01-21 06:49:52-07,SkipDC,electric-scooter,2019-01-21 06:50:00-07,-77.0212738,38.8782532
SkipDC-352897091274863,"",2019-01-21 06:49:52-07,SkipDC,electric-scooter,2019-01-21 06:50:00-07,-77.0167666,38.8746942
SkipDC-352897091387624,"",2019-01-21 06:49:52-07,SkipDC,electric-scooter,2019-01-21 06:50:00-07,-77.013625,38.8756842
SkipDC-352897090484364,"",2019-01-21 06:49:52-07,SkipDC,electric-scooter,2019-01-21 06:50:00-07,-77.0170036,38.874822
SkipDC-352897091328040,"",2019-01-21 06:49:52-07,SkipDC,electric-scooter,2019-01-21 06:50:00-07,-77.011355,38.8754833
JumpDC-bike_23171,JUMP DC-2480,2019-01-21 06:49:02-07,JumpDC,pedal-assist-bike,2019-01-21 06:50:00-07,-77.0034183333333,38.87729
SkipDC-352897091025620,"",2019-01-21 06:49:52-07,SkipDC,electric-scooter,2019-01-21 06:50:00-07,-77.0452667,38.88636
BirdDC-EUG6C,EUG6C,2019-01-21 06:50:05-07,BirdDC,electric-scooter,2019-01-21 06:50:00-07,-77.044845,38.885075
BirdDC-WP8HA,WP8HA,2019-01-21 06:50:05-07,BirdDC,electric-scooter,2019-01-21 06:50:00-07,-77.043595,38.8870466666667
SkipDC-352897091294184,"",2019-01-21 06:49:52-07,SkipDC,electric-scooter,2019-01-21 06:50:00-07,-77.0285717,38.8873267
SkipDC-352897091427982,"",2019-01-21 06:49:52-07,SkipDC,electric-scooter,2019-01-21 06:50:00-07,-77.0287333,38.88494
SkipDC-352897090561740,"",2019-01-21 06:49:52-07,SkipDC,electric-scooter,2019-01-21 06:50:00-07,-77.02867,38.887335
SkipDC-352897091279623,"",2019-01-21 06:49:52-07,SkipDC,electric-scooter,2019-01-21 06:50:00-07,-77.0204522,38.8863133
SkipDC-352897091281165,"",2019-01-21 06:49:52-07,SkipDC,electric-scooter,2019-01-21 06:50:00-07,-77.0205037,38.8864893
SkipDC-352897091382062,"",2019-01-21 06:49:52-07,SkipDC,electric-scooter,2019-01-21 06:50:00-07,-77.0192027,38.8872075
JumpDC-bike_23188,JUMP DC-2497,2019-01-21 06:49:02-07,JumpDC,pedal-assist-bike,2019-01-21 06:50:00-07,-77.019355,38.884735
SkipDC-352897091292048,"",2019-01-21 06:49:52-07,SkipDC,electric-scooter,2019-01-21 06:50:00-07,-77.0199258,38.8859791
SkipDC-352897091462484,"",2019-01-21 06:49:52-07,SkipDC,electric-scooter,2019-01-21 06:50:00-07,-77.0216217,38.8861767
SkipDC-352897091272867,"",2019-01-21 06:49:52-07,SkipDC,electric-scooter,2019-01-21 06:50:00-07,-77.0216933,38.8862783
SkipDC-352897091456346,"",2019-01-21 06:49:52-07,SkipDC,electric-scooter,2019-01-21 06:50:00-07,-77.0205028,38.8863863
SkipDC-352897091279904,"",2019-01-21 06:49:52-07,SkipDC,electric-scooter,2019-01-21 06:50:00-07,-77.0203328,38.8863696
JumpDC-bike_16501,JUMP DC-0188,2019-01-21 06:49:02-07,JumpDC,pedal-assist-bike,2019-01-21 06:50:00-07,-77.0177816666667,38.8860316666667
JumpDC-bike_16491,JUMP DC-0178,2019-01-21 06:49:02-07,JumpDC,pedal-assist-bike,2019-01-21 06:50:00-07,-77.01534,38.8849633333333
SkipDC-352897091431182,"",2019-01-21 06:49:52-07,SkipDC,electric-scooter,2019-01-21 06:50:00-07,-77.0059384,38.8853123
BirdDC-A78UR,A78UR,2019-01-21 06:50:05-07,BirdDC,electric-scooter,2019-01-21 06:50:00-07,-77.0416416666667,38.8927
SkipDC-352897090567465,"",2019-01-21 06:49:52-07,SkipDC,electric-scooter,2019-01-21 06:50:00-07,-77.0381183,38.8919233
SkipDC-352897091391543,"",2019-01-21 06:49:52-07,SkipDC,electric-scooter,2019-01-21 06:50:00-07,-77.0383917,38.8933317
SkipDC-352897091428006,"",2019-01-21 06:49:52-07,SkipDC,electric-scooter,2019-01-21 06:50:00-07,-77.0395717,38.8929183
JumpDC-bike_18868,JUMP DC-0827,2019-01-21 06:49:02-07,JumpDC,pedal-assist-bike,2019-01-21 06:50:00-07,-77.03247,38.8961416666667
SkipDC-352897091291669,"",2019-01-21 06:49:52-07,SkipDC,electric-scooter,2019-01-21 06:50:00-07,-77.0285617,38.8940433
SkipDC-352897091428147,"",2019-01-21 06:49:52-07,SkipDC,electric-scooter,2019-01-21 06:50:00-07,-77.0261517,38.896275
SkipDC-352897090463061,"",2019-01-21 06:49:52-07,SkipDC,electric-scooter,2019-01-21 06:50:00-07,-77.0282733,38.8919433
SkipDC-352897091383862,"",2019-01-21 06:49:52-07,SkipDC,electric-scooter,2019-01-21 06:50:00-07,-77.0286268,38.8925173
SkipDC-352897091273907,"",2019-01-21 06:49:52-07,SkipDC,electric-scooter,2019-01-21 06:50:00-07,-77.0229863,38.8948998
SkipDC-352897090502744,"",2019-01-21 06:49:52-07,SkipDC,electric-scooter,2019-01-21 06:50:00-07,-77.0219683,38.8947983
JumpDC-bike_23497,JUMP DC-2632,2019-01-21 06:49:02-07,JumpDC,pedal-assist-bike,2019-01-21 06:50:00-07,-77.022575,38.8939566666667
JumpDC-bike_23176,JUMP DC-2485,2019-01-21 06:49:02-07,JumpDC,pedal-assist-bike,2019-01-21 06:50:00-07,-77.0219916666667,38.89423
JumpDC-bike_18909,JUMP DC-0788,2019-01-21 06:49:02-07,JumpDC,pedal-assist-bike,2019-01-21 06:50:00-07,-77.0220066666667,38.89368
SkipDC-352897090517403,"",2019-01-21 06:49:52-07,SkipDC,electric-scooter,2019-01-21 06:50:00-07,-77.0224417,38.8930309
SkipDC-352897090530802,"",2019-01-21 06:49:52-07,SkipDC,electric-scooter,2019-01-21 06:50:00-07,-77.01764,38.8921533
SkipDC-352897091432321,"",2019-01-21 06:49:52-07,SkipDC,electric-scooter,2019-01-21 06:50:00-07,-77.00623,38.8934333
SkipDC-352897090521827,"",2019-01-21 06:49:52-07,SkipDC,electric-scooter,2019-01-21 06:50:00-07,-77.0062567,38.8934783
JumpDC-bike_16503,JUMP DC-0200,2019-01-21 06:49:02-07,JumpDC,pedal-assist-bike,2019-01-21 06:50:00-07,-76.9721866666667,38.8955783333333
BirdDC-EUBN8,EUBN8,2019-01-21 06:50:05-07,BirdDC,electric-scooter,2019-01-21 06:50:00-07,-77.0659333333333,38.9047466666667
BirdDC-MEBFD,MEBFD,2019-01-21 06:50:05-07,BirdDC,electric-scooter,2019-01-21 06:50:00-07,-77.0659033333333,38.9050366666667
BirdDC-V35Q6,V35Q6,2019-01-21 06:50:05-07,BirdDC,electric-scooter,2019-01-21 06:50:00-07,-77.06269,38.9035983333333
JumpDC-bike_23414,JUMP DC-2549,2019-01-21 06:49:02-07,JumpDC,pedal-assist-bike,2019-01-21 06:50:00-07,-77.0609766666667,38.9022983333333
JumpDC-bike_23227,JUMP DC-2536,2019-01-21 06:49:02-07,JumpDC,pedal-assist-bike,2019-01-21 06:50:00-07,-77.0625816666667,38.9023533333333
SkipDC-352897091381403,"",2019-01-21 06:49:52-07,SkipDC,electric-scooter,2019-01-21 06:50:00-07,-77.05912,38.9011033
SkipDC-352897091432842,"",2019-01-21 06:49:52-07,SkipDC,electric-scooter,2019-01-21 06:50:00-07,-77.0635866,38.9042177
SkipDC-352897091325707,"",2019-01-21 06:49:52-07,SkipDC,electric-scooter,2019-01-21 06:50:00-07,-77.0614609,38.9052738
BirdDC-7FWC3,7FWC3,2019-01-21 06:50:05-07,BirdDC,electric-scooter,2019-01-21 06:50:00-07,-77.061455,38.9051316666667
BirdDC-7XYR1,7XYR1,2019-01-21 06:50:05-07,BirdDC,electric-scooter,2019-01-21 06:50:00-07,-77.06115,38.9019433333333
JumpDC-bike_23431,JUMP DC-2566,2019-01-21 06:49:02-07,JumpDC,pedal-assist-bike,2019-01-21 06:50:00-07,-77.0616266666667,38.902485
BirdDC-BU4XJ,BU4XJ,2019-01-21 06:50:05-07,BirdDC,electric-scooter,2019-01-21 06:50:00-07,-77.0592883333333,38.9040683333333
SkipDC-352897091327984,"",2019-01-21 06:49:52-07,SkipDC,electric-scooter,2019-01-21 06:50:00-07,-77.0580557,38.9052208
SkipDC-352897091384506,"",2019-01-21 06:49:52-07,SkipDC,electric-scooter,2019-01-21 06:50:00-07,-77.0569333,38.9050967
BirdDC-XH664,XH664,2019-01-21 06:50:05-07,BirdDC,electric-scooter,2019-01-21 06:50:00-07,-77.0547783333333,38.90279
SkipDC-352897091462385,"",2019-01-21 06:49:52-07,SkipDC,electric-scooter,2019-01-21 06:50:00-07,-77.0514597,38.9050801
BirdDC-UY213,UY213,2019-01-21 06:50:05-07,BirdDC,electric-scooter,2019-01-21 06:50:00-07,-77.050735,38.9029966666667
SkipDC-352897091457286,"",2019-01-21 06:49:52-07,SkipDC,electric-scooter,2019-01-21 06:50:00-07,-77.0514374,38.9049392
SkipDC-352897091280043,"",2019-01-21 06:49:52-07,SkipDC,electric-scooter,2019-01-21 06:50:00-07,-77.0514767,38.90519
SkipDC-352897091280449,"",2019-01-21 06:49:52-07,SkipDC,electric-scooter,2019-01-21 06:50:00-07,-77.0514717,38.9052
SkipDC-352897091333966,"",2019-01-21 06:49:52-07,SkipDC,electric-scooter,2019-01-21 06:50:00-07,-77.0514203,38.9051975
JumpDC-bike_18927,JUMP DC-0806,2019-01-21 06:49:02-07,JumpDC,pedal-assist-bike,2019-01-21 06:50:00-07,-77.0513016666667,38.9039816666667
SkipDC-352897091279722,"",2019-01-21 06:49:52-07,SkipDC,electric-scooter,2019-01-21 06:50:00-07,-77.0516433,38.90521
SkipDC-352897091455421,"",2019-01-21 06:49:52-07,SkipDC,electric-scooter,2019-01-21 06:50:00-07,-77.0514967,38.905015
SkipDC-352897091401847,"",2019-01-21 06:49:52-07,SkipDC,electric-scooter,2019-01-21 06:50:00-07,-77.0515293,38.9051337
JumpDC-bike_16495,JUMP DC-0182,2019-01-21 06:49:02-07,JumpDC,pedal-assist-bike,2019-01-21 06:50:00-07,-77.0514016666667,38.903565
JumpDC-bike_23616,JUMP DC-2651,2019-01-21 06:49:02-07,JumpDC,pedal-assist-bike,2019-01-21 06:50:00-07,-77.0516066666667,38.9036883333333
SkipDC-352897091273089,"",2019-01-21 06:49:52-07,SkipDC,electric-scooter,2019-01-21 06:50:00-07,-77.0515733,38.905275
BirdDC-19VXY,19VXY,2019-01-21 06:50:05-07,BirdDC,electric-scooter,2019-01-21 06:50:00-07,-77.0450816666667,38.9037366666667
JumpDC-bike_23712,JUMP DC-2747,2019-01-21 06:49:02-07,JumpDC,pedal-assist-bike,2019-01-21 06:50:00-07,-77.04177,38.901535
SkipDC-352897091291545,"",2019-01-21 06:49:52-07,SkipDC,electric-scooter,2019-01-21 06:50:00-07,-77.0454723,38.9026857
BirdDC-R7EMJ,R7EMJ,2019-01-21 06:50:05-07,BirdDC,electric-scooter,2019-01-21 06:50:00-07,-77.0447316666667,38.9096266666667
JumpDC-bike_23504,JUMP DC-2639,2019-01-21 06:49:02-07,JumpDC,pedal-assist-bike,2019-01-21 06:50:00-07,-77.04297,38.9090066666667
JumpDC-bike_23676,JUMP DC-2711,2019-01-21 06:49:02-07,JumpDC,pedal-assist-bike,2019-01-21 06:50:00-07,-77.0454,38.9095916666667
SkipDC-352897091276280,"",2019-01-21 06:49:52-07,SkipDC,electric-scooter,2019-01-21 06:50:00-07,-77.0447527,38.9074203
BirdDC-HRNFR,HRNFR,2019-01-21 06:50:05-07,BirdDC,electric-scooter,2019-01-21 06:50:00-07,-77.0457883459302,38.9086249564205
JumpDC-bike_23143,JUMP DC-2452,2019-01-21 06:49:02-07,JumpDC,pedal-assist-bike,2019-01-21 06:50:00-07,-77.0416,38.9059966666667
SkipDC-352897091431067,"",2019-01-21 06:49:52-07,SkipDC,electric-scooter,2019-01-21 06:50:00-07,-77.0372475,38.9068439
BirdDC-VZQN4,VZQN4,2019-01-21 06:50:05-07,BirdDC,electric-scooter,2019-01-21 06:50:00-07,-77.036835,38.9081116666667
JumpDC-bike_23945,JUMP DC-2454,2019-01-21 06:49:02-07,JumpDC,pedal-assist-bike,2019-01-21 06:50:00-07,-77.0401166666667,38.9085666666667
JumpDC-bike_23480,JUMP DC-2615,2019-01-21 06:49:02-07,JumpDC,pedal-assist-bike,2019-01-21 06:50:00-07,-77.0395916666667,38.9063183333333
JumpDC-bike_18830,JUMP DC-0707,2019-01-21 06:49:02-07,JumpDC,pedal-assist-bike,2019-01-21 06:50:00-07,-77.0396,38.9071966666667
JumpDC-bike_18828,JUMP DC-0705,2019-01-21 06:49:02-07,JumpDC,pedal-assist-bike,2019-01-21 06:50:00-07,-77.0402233333333,38.9072283333333
JumpDC-bike_18906,JUMP DC-0785,2019-01-21 06:49:02-07,JumpDC,pedal-assist-bike,2019-01-21 06:50:00-07,-77.0336583333333,38.90971
JumpDC-bike_23438,JUMP DC-2573,2019-01-21 06:49:02-07,JumpDC,pedal-assist-bike,2019-01-21 06:50:00-07,-77.0337366666667,38.9096933333333
JumpDC-bike_18862,JUMP DC-0821,2019-01-21 06:49:02-07,JumpDC,pedal-assist-bike,2019-01-21 06:50:00-07,-77.030675,38.907655
JumpDC-bike_23490,JUMP DC-2625,2019-01-21 06:49:02-07,JumpDC,pedal-assist-bike,2019-01-21 06:50:00-07,-77.03172,38.9071916666667
SkipDC-352897091274020,"",2019-01-21 06:49:52-07,SkipDC,electric-scooter,2019-01-21 06:50:00-07,-77.0344567,38.9067917
JumpDC-bike_23487,JUMP DC-2622,2019-01-21 06:49:02-07,JumpDC,pedal-assist-bike,2019-01-21 06:50:00-07,-77.0253466666667,38.9096733333333
JumpDC-bike_23418,JUMP DC-2553,2019-01-21 06:49:02-07,JumpDC,pedal-assist-bike,2019-01-21 06:50:00-07,-77.024995,38.9063933333333
BirdDC-68IMC,68IMC,2019-01-21 06:50:05-07,BirdDC,electric-scooter,2019-01-21 06:50:00-07,-77.02372,38.90696
SkipDC-352897091272743,"",2019-01-21 06:49:52-07,SkipDC,electric-scooter,2019-01-21 06:50:00-07,-77.0216233,38.9065367
BirdDC-YS56R,YS56R,2019-01-21 06:50:05-07,BirdDC,electric-scooter,2019-01-21 06:50:00-07,-77.0170516666667,38.9054983333333
JumpDC-bike_23509,JUMP DC-2644 ,2019-01-21 06:49:02-07,JumpDC,pedal-assist-bike,2019-01-21 06:50:00-07,-76.99721,38.9081683333333
JumpDC-bike_23457,JUMP DC-2592,2019-01-21 06:49:02-07,JumpDC,pedal-assist-bike,2019-01-21 06:50:00-07,-76.9971766666667,38.9081666666667
JumpDC-bike_23229,JUMP DC-2538,2019-01-21 06:49:02-07,JumpDC,pedal-assist-bike,2019-01-21 06:50:00-07,-76.9946466666667,38.9074333333333
BirdDC-AZBXJ,AZBXJ,2019-01-21 06:50:05-07,BirdDC,electric-scooter,2019-01-21 06:50:00-07,-77.041595,38.9167633333333
BirdDC-C2CMB,C2CMB,2019-01-21 06:50:05-07,BirdDC,electric-scooter,2019-01-21 06:50:00-07,-77.0415513705741,38.9188592823832
BirdDC-H5N31,H5N31,2019-01-21 06:50:05-07,BirdDC,electric-scooter,2019-01-21 06:50:00-07,-77.0416483333333,38.9166
JumpDC-bike_23160,JUMP DC-2469,2019-01-21 06:49:02-07,JumpDC,pedal-assist-bike,2019-01-21 06:50:00-07,-77.0424083333333,38.9177316666667
BirdDC-V6GR3,V6GR3,2019-01-21 06:50:05-07,BirdDC,electric-scooter,2019-01-21 06:50:00-07,-77.0391272277014,38.9185322618444
BirdDC-BMWJM,BMWJM,2019-01-21 06:50:05-07,BirdDC,electric-scooter,2019-01-21 06:50:00-07,-77.0392401432289,38.9188356670921
BirdDC-UU2A3,UU2A3,2019-01-21 06:50:05-07,BirdDC,electric-scooter,2019-01-21 06:50:00-07,-77.039208129539,38.9188744506733
BirdDC-GH22T,GH22T,2019-01-21 06:50:05-07,BirdDC,electric-scooter,2019-01-21 06:50:00-07,-77.0391922432366,38.9187520197755
BirdDC-XAJMV,XAJMV,2019-01-21 06:50:05-07,BirdDC,electric-scooter,2019-01-21 06:50:00-07,-77.0390083333333,38.918815
BirdDC-CS68G,CS68G,2019-01-21 06:50:05-07,BirdDC,electric-scooter,2019-01-21 06:50:00-07,-77.0394000491291,38.91880622077
BirdDC-WDZP7,WDZP7,2019-01-21 06:50:05-07,BirdDC,electric-scooter,2019-01-21 06:50:00-07,-77.0392347493216,38.9188625945943
BirdDC-26TI8,26TI8,2019-01-21 06:50:05-07,BirdDC,electric-scooter,2019-01-21 06:50:00-07,-77.0391788833352,38.9186203590338
BirdDC-VP73,VP73,2019-01-21 06:50:05-07,BirdDC,electric-scooter,2019-01-21 06:50:00-07,-77.0391862,38.9188162
BirdDC-VSXD,VSXD,2019-01-21 06:50:05-07,BirdDC,electric-scooter,2019-01-21 06:50:00-07,-77.0392428339245,38.9187512174611
BirdDC-D9JXN,D9JXN,2019-01-21 06:50:05-07,BirdDC,electric-scooter,2019-01-21 06:50:00-07,-77.0391787562488,38.9187717810823
BirdDC-MQ1IL,MQ1IL,2019-01-21 06:50:05-07,BirdDC,electric-scooter,2019-01-21 06:50:00-07,-77.0392330547145,38.9189124384657
JumpDC-bike_23508,JUMP DC-2643,2019-01-21 06:49:02-07,JumpDC,pedal-assist-bike,2019-01-21 06:50:00-07,-77.0312266666667,38.9169083333333
JumpDC-bike_18899,JUMP DC-0778,2019-01-21 06:49:02-07,JumpDC,pedal-assist-bike,2019-01-21 06:50:00-07,-77.0298816666667,38.9170533333333
SkipDC-352897091386980,"",2019-01-21 06:49:52-07,SkipDC,electric-scooter,2019-01-21 06:50:00-07,-77.0294405,38.9150937
SkipDC-352897091380868,"",2019-01-21 06:49:52-07,SkipDC,electric-scooter,2019-01-21 06:50:00-07,-77.0296067,38.9146783
BirdDC-H78F8,H78F8,2019-01-21 06:50:05-07,BirdDC,electric-scooter,2019-01-21 06:50:00-07,-77.02977,38.9181933333333
JumpDC-bike_23142,JUMP DC-2451,2019-01-21 06:49:02-07,JumpDC,pedal-assist-bike,2019-01-21 06:50:00-07,-77.03247,38.91715
JumpDC-bike_18850,JUMP DC-0690,2019-01-21 06:49:02-07,JumpDC,pedal-assist-bike,2019-01-21 06:50:00-07,-77.0298366666667,38.9169683333333
JumpDC-bike_23156,JUMP DC-2465,2019-01-21 06:49:02-07,JumpDC,pedal-assist-bike,2019-01-21 06:50:00-07,-77.0299766666667,38.9169066666667
SkipDC-352897091299084,"",2019-01-21 06:49:52-07,SkipDC,electric-scooter,2019-01-21 06:50:00-07,-77.026815,38.9144883
BirdDC-PRJH7,PRJH7,2019-01-21 06:50:05-07,BirdDC,electric-scooter,2019-01-21 06:50:00-07,-77.024575,38.9182583333333
BirdDC-U9ZLP,U9ZLP,2019-01-21 06:50:05-07,BirdDC,electric-scooter,2019-01-21 06:50:00-07,-77.0280916666667,38.91605
JumpDC-bike_18826,JUMP DC-0703,2019-01-21 06:49:02-07,JumpDC,pedal-assist-bike,2019-01-21 06:50:00-07,-77.02902,38.91685
JumpDC-bike_23214,JUMP DC-2523,2019-01-21 06:49:02-07,JumpDC,pedal-assist-bike,2019-01-21 06:50:00-07,-77.0247733333333,38.9150333333333
JumpDC-bike_18896,JUMP DC-0775,2019-01-21 06:49:02-07,JumpDC,pedal-assist-bike,2019-01-21 06:50:00-07,-77.0385116666667,38.931305
JumpDC-bike_23166,JUMP DC-2475,2019-01-21 06:49:02-07,JumpDC,pedal-assist-bike,2019-01-21 06:50:00-07,-77.0384233333333,38.9310933333333
JumpDC-bike_23694,JUMP DC-2729,2019-01-21 06:49:02-07,JumpDC,pedal-assist-bike,2019-01-21 06:50:00-07,-77.0373833333333,38.92865
JumpDC-bike_16499,JUMP DC-0186,2019-01-21 06:49:02-07,JumpDC,pedal-assist-bike,2019-01-21 06:50:00-07,-77.0587216666667,38.936035
JumpDC-bike_81150,JUMP DC-2501,2019-01-21 06:49:02-07,JumpDC,pedal-assist-bike,2019-01-21 06:50:00-07,-77.0586216666667,38.9360466666667
JumpDC-bike_23713,JUMP DC-2748,2019-01-21 06:49:02-07,JumpDC,pedal-assist-bike,2019-01-21 06:50:00-07,-77.0586433333333,38.93603
JumpDC-bike_23687,JUMP DC-2722,2019-01-21 06:49:02-07,JumpDC,pedal-assist-bike,2019-01-21 06:50:00-07,-77.03261,38.93303
JumpDC-bike_16612,JUMP DC-0247,2019-01-21 06:49:02-07,JumpDC,pedal-assist-bike,2019-01-21 06:50:00-07,-77.0296333333333,38.9337116666667
JumpDC-bike_23513,JUMP DC-2648,2019-01-21 06:49:02-07,JumpDC,pedal-assist-bike,2019-01-21 06:50:00-07,-77.03472,38.9344233333333
JumpDC-bike_23630,JUMP DC-2665,2019-01-21 06:49:02-07,JumpDC,pedal-assist-bike,2019-01-21 06:50:00-07,-77.0347216666667,38.9344916666667
JumpDC-bike_23144,JUMP DC-2453,2019-01-21 06:49:02-07,JumpDC,pedal-assist-bike,2019-01-21 06:50:00-07,-76.9938683333333,38.9331
JumpDC-bike_18836,JUMP DC-0713,2019-01-21 06:49:02-07,JumpDC,pedal-assist-bike,2019-01-21 06:50:00-07,-76.993755,38.9331766666667
JumpDC-bike_23698,JUMP DC-2733,2019-01-21 06:49:02-07,JumpDC,pedal-assist-bike,2019-01-21 06:50:00-07,-76.9937966666667,38.93314
JumpDC-bike_23620,JUMP DC-2655,2019-01-21 06:49:02-07,JumpDC,pedal-assist-bike,2019-01-21 06:50:00-07,-77.0331766666667,38.9388333333333
JumpDC-bike_23512,JUMP DC-2647,2019-01-21 06:49:02-07,JumpDC,pedal-assist-bike,2019-01-21 06:50:00-07,-77.032625,38.9373266666667
JumpDC-bike_23626,JUMP DC-2661,2019-01-21 06:04:24-07,JumpDC,pedal-assist-bike,2019-01-21 06:05:00-07,-77.0419216666667,38.9206
JumpDC-bike_23175,JUMP DC-2484,2019-01-21 06:04:24-07,JumpDC,pedal-assist-bike,2019-01-21 06:05:00-07,-77.0414966666667,38.9194666666667
JumpDC-bike_23201,JUMP DC-2510,2019-01-21 06:04:24-07,JumpDC,pedal-assist-bike,2019-01-21 06:05:00-07,-77.04154,38.9194366666667
JumpDC-bike_23163,JUMP DC-2472,2019-01-21 06:04:24-07,JumpDC,pedal-assist-bike,2019-01-21 06:05:00-07,-77.04164,38.9191566666667
JumpDC-bike_23453,JUMP DC-2588  ,2019-01-21 06:04:24-07,JumpDC,pedal-assist-bike,2019-01-21 06:05:00-07,-77.0414866666667,38.91915
BirdDC-Y1TA5,Y1TA5,2019-01-21 06:05:05-07,BirdDC,electric-scooter,2019-01-21 06:05:00-07,-77.0393011,38.9189451
BirdDC-FWYI7,FWYI7,2019-01-21 06:05:05-07,BirdDC,electric-scooter,2019-01-21 06:05:00-07,-77.0392879,38.9189784
SkipDC-352897091310824,"",2019-01-21 06:04:52-07,SkipDC,electric-scooter,2019-01-21 06:05:00-07,-77.0377433,38.92211
SkipDC-352897091437627,"",2019-01-21 06:04:52-07,SkipDC,electric-scooter,2019-01-21 06:05:00-07,-77.0340883,38.92255
SkipDC-352897091457807,"",2019-01-21 06:04:52-07,SkipDC,electric-scooter,2019-01-21 06:05:00-07,-77.03437,38.9217817
SkipDC-352897091457922,"",2019-01-21 06:04:52-07,SkipDC,electric-scooter,2019-01-21 06:05:00-07,-77.0216683,38.91993
SkipDC-352897091457823,"",2019-01-21 06:04:52-07,SkipDC,electric-scooter,2019-01-21 06:05:00-07,-77.0213621,38.9217998
SkipDC-352897091381007,"",2019-01-21 06:04:52-07,SkipDC,electric-scooter,2019-01-21 06:05:00-07,-77.0180017,38.9208067
SkipDC-352897090424741,"",2019-01-21 06:04:52-07,SkipDC,electric-scooter,2019-01-21 06:05:00-07,-77.0228016,38.9206782
SkipDC-352897090480123,"",2019-01-21 06:04:52-07,SkipDC,electric-scooter,2019-01-21 06:05:00-07,-77.0217517,38.9198667
SkipDC-352897091381726,"",2019-01-21 06:04:52-07,SkipDC,electric-scooter,2019-01-21 06:05:00-07,-77.0218567,38.9200017
SkipDC-352897091437106,"",2019-01-21 06:04:52-07,SkipDC,electric-scooter,2019-01-21 06:05:00-07,-77.02191,38.920115
JumpDC-bike_23711,JUMP DC-2746,2019-01-21 06:04:24-07,JumpDC,pedal-assist-bike,2019-01-21 06:05:00-07,-77.011575,38.9223483333333
BirdDC-177BK,177BK,2019-01-21 06:05:05-07,BirdDC,electric-scooter,2019-01-21 06:05:00-07,-77.0001366666667,38.920845
JumpDC-bike_18879,JUMP DC-0838,2019-01-21 06:04:24-07,JumpDC,pedal-assist-bike,2019-01-21 06:05:00-07,-76.955375,38.9211516666667
JumpDC-bike_23684,JUMP DC-2719,2019-01-21 06:04:24-07,JumpDC,pedal-assist-bike,2019-01-21 06:05:00-07,-77.0571283333333,38.9261116666667
JumpDC-bike_23183,JUMP DC-2492,2019-01-21 06:04:24-07,JumpDC,pedal-assist-bike,2019-01-21 06:05:00-07,-77.0535966666667,38.9259183333333
JumpDC-bike_18870,JUMP DC-0829,2019-01-21 06:04:24-07,JumpDC,pedal-assist-bike,2019-01-21 06:05:00-07,-77.0525166666667,38.9237983333333
SkipDC-352897090537849,"",2019-01-28 06:05:13-07,SkipDC,electric-scooter,2019-01-28 06:05:00-07,-77.2189433,38.8032333
SkipDC-352897091383862,"",2019-01-28 06:05:13-07,SkipDC,electric-scooter,2019-01-28 06:05:00-07,-77.0114047,38.8758064
SkipDC-352897091273907,"",2019-01-28 06:05:13-07,SkipDC,electric-scooter,2019-01-28 06:05:00-07,-77.0147773,38.8641967
JumpDC-bike_23493,JUMP DC-2628,2019-01-28 06:05:15-07,JumpDC,pedal-assist-bike,2019-01-28 06:05:00-07,-76.9866966666667,38.8614133333333
JumpDC-bike_23207,JUMP DC-2516,2019-01-28 06:05:15-07,JumpDC,pedal-assist-bike,2019-01-28 06:05:00-07,-76.9817866666667,38.8625133333333
SkipDC-352897091385727,"",2019-01-28 06:05:13-07,SkipDC,electric-scooter,2019-01-28 06:05:00-07,-77.0028305,38.8870653
JumpDC-bike_23701,JUMP DC-2736,2019-01-28 06:05:15-07,JumpDC,pedal-assist-bike,2019-01-28 06:05:00-07,-77.00357,38.8465483333333
JumpDC-bike_23648,JUMP DC-2683,2019-01-28 06:05:15-07,JumpDC,pedal-assist-bike,2019-01-28 06:05:00-07,-77.0040716666667,38.8804716666667
SkipDC-352897091273428,"",2019-01-28 06:05:13-07,SkipDC,electric-scooter,2019-01-28 06:05:00-07,-77.0291012,38.8842067
SkipDC-352897091328800,"",2019-01-28 06:05:13-07,SkipDC,electric-scooter,2019-01-28 06:05:00-07,-77.0236083,38.8843267
SkipDC-352897091462906,"",2019-01-28 06:05:13-07,SkipDC,electric-scooter,2019-01-28 06:05:00-07,-77.0234676,38.8844505
SkipDC-352897091279342,"",2019-01-28 06:05:13-07,SkipDC,electric-scooter,2019-01-28 06:05:00-07,-77.0233367,38.8844983
SkipDC-352897091311681,"",2019-01-28 06:05:13-07,SkipDC,electric-scooter,2019-01-28 06:05:00-07,-77.0200483,38.88571
SkipDC-352897091387624,"",2019-01-28 06:05:13-07,SkipDC,electric-scooter,2019-01-28 06:05:00-07,-77.0186534,38.8860502
JumpDC-bike_23178,JUMP DC-2487,2019-01-28 06:05:15-07,JumpDC,pedal-assist-bike,2019-01-28 06:05:00-07,-77.0154216666667,38.8857233333333
SkipDC-352897091438161,"",2019-01-28 06:05:13-07,SkipDC,electric-scooter,2019-01-28 06:05:00-07,-77.048945,38.896225
SkipDC-352897091431323,"",2019-01-28 06:05:13-07,SkipDC,electric-scooter,2019-01-28 06:05:00-07,-77.0397633,38.8934517
JumpDC-bike_23227,JUMP DC-2536,2019-01-28 06:05:15-07,JumpDC,pedal-assist-bike,2019-01-28 06:05:00-07,-77.0392733333333,38.8919866666667
SkipDC-352897091462807,"",2019-01-28 06:05:13-07,SkipDC,electric-scooter,2019-01-28 06:05:00-07,-77.033427,38.8949153
SkipDC-352897091381007,"",2019-01-28 06:05:13-07,SkipDC,electric-scooter,2019-01-28 06:05:00-07,-77.0276733,38.89364
JumpDC-bike_23636,JUMP DC-2671,2019-01-28 06:05:15-07,JumpDC,pedal-assist-bike,2019-01-28 06:05:00-07,-77.0108316666667,38.8954116666667
SkipDC-352897090450589,"",2019-01-28 06:05:13-07,SkipDC,electric-scooter,2019-01-28 06:05:00-07,-77.0027417,38.8961933
SkipDC-352897091462781,"",2019-01-28 06:05:13-07,SkipDC,electric-scooter,2019-01-28 06:05:00-07,-77.0206275,38.8998234
SkipDC-352897090465603,"",2019-01-28 06:05:13-07,SkipDC,electric-scooter,2019-01-28 06:05:00-07,-77.0181717,38.9007867
JumpDC-bike_23438,JUMP DC-2573,2019-01-28 06:05:15-07,JumpDC,pedal-assist-bike,2019-01-28 06:05:00-07,-77.012625,38.897
SkipDC-352897091338460,"",2019-01-28 06:05:13-07,SkipDC,electric-scooter,2019-01-28 06:05:00-07,-77.0121167,38.9004267
SkipDC-352897091339047,"",2019-01-28 06:05:13-07,SkipDC,electric-scooter,2019-01-28 06:05:00-07,-77.0119867,38.9004433
SkipDC-352897091296544,"",2019-01-28 06:05:13-07,SkipDC,electric-scooter,2019-01-28 06:05:00-07,-77.0073745,38.8984688
SkipDC-352897091427040,"",2019-01-28 06:05:13-07,SkipDC,electric-scooter,2019-01-28 06:05:00-07,-77.0074217,38.89839
SkipDC-352897090523666,"",2019-01-28 06:05:13-07,SkipDC,electric-scooter,2019-01-28 06:05:00-07,-77.00722,38.898355
JumpDC-bike_23185,JUMP DC-2494,2019-01-28 06:05:15-07,JumpDC,pedal-assist-bike,2019-01-28 06:05:00-07,-77.010205,38.89747
SkipDC-352897091279300,"",2019-01-28 06:05:13-07,SkipDC,electric-scooter,2019-01-28 06:05:00-07,-77.0076138,38.8983835
SkipDC-352897090561740,"",2019-01-28 06:05:13-07,SkipDC,electric-scooter,2019-01-28 06:05:00-07,-77.0067783,38.8970967
SkipDC-352897091384381,"",2019-01-28 06:05:13-07,SkipDC,electric-scooter,2019-01-28 06:05:00-07,-77.0033283,38.8974217
JumpDC-bike_23230,JUMP DC-2539 ,2019-01-28 06:05:15-07,JumpDC,pedal-assist-bike,2019-01-28 06:05:00-07,-77.0006883333333,38.9005
JumpDC-bike_23461,JUMP DC-2596,2019-01-28 06:05:15-07,JumpDC,pedal-assist-bike,2019-01-28 06:05:00-07,-77.003405,38.8967983333333
JumpDC-bike_18855,JUMP DC-0691,2019-01-28 06:05:15-07,JumpDC,pedal-assist-bike,2019-01-28 06:05:00-07,-76.9948116666667,38.90057
JumpDC-bike_16495,JUMP DC-0182,2019-01-28 06:05:15-07,JumpDC,pedal-assist-bike,2019-01-28 06:05:00-07,-76.9948483333333,38.9003683333333
JumpDC-bike_18837,JUMP DC-0714,2019-01-28 06:05:15-07,JumpDC,pedal-assist-bike,2019-01-28 06:05:00-07,-76.98838,38.89694
JumpDC-bike_23668,JUMP DC-2703,2019-01-28 06:05:15-07,JumpDC,pedal-assist-bike,2019-01-28 06:05:00-07,-76.992575,38.89724
JumpDC-bike_23698,JUMP DC-2733,2019-01-28 06:05:15-07,JumpDC,pedal-assist-bike,2019-01-28 06:05:00-07,-76.982125,38.896735
JumpDC-bike_23487,JUMP DC-2622,2019-01-28 06:05:15-07,JumpDC,pedal-assist-bike,2019-01-28 06:05:00-07,-76.9472616666667,38.8975083333333
SkipDC-352897091431026,"",2019-01-28 06:05:13-07,SkipDC,electric-scooter,2019-01-28 06:05:00-07,-77.0449617,38.9023133
SkipDC-352897091327604,"",2019-01-28 06:05:13-07,SkipDC,electric-scooter,2019-01-28 06:05:00-07,-77.0447244,38.902268
SkipDC-352897091456023,"",2019-01-28 06:05:13-07,SkipDC,electric-scooter,2019-01-28 06:05:00-07,-77.043395,38.9024199
SkipDC-352897091279607,"",2019-01-28 06:05:13-07,SkipDC,electric-scooter,2019-01-28 06:05:00-07,-77.04488,38.901295
SkipDC-352897091272404,"",2019-01-28 06:05:13-07,SkipDC,electric-scooter,2019-01-28 06:05:00-07,-77.0447157,38.9023133
SkipDC-352897091427388,"",2019-01-28 06:05:13-07,SkipDC,electric-scooter,2019-01-28 06:05:00-07,-77.032175,38.9029533
SkipDC-352897091338288,"",2019-01-28 06:05:13-07,SkipDC,electric-scooter,2019-01-28 06:05:00-07,-77.0337933,38.9022933
SkipDC-352897091288681,"",2019-01-28 06:05:13-07,SkipDC,electric-scooter,2019-01-28 06:05:00-07,-77.0321533,38.9032167
SkipDC-352897091279508,"",2019-01-28 06:05:13-07,SkipDC,electric-scooter,2019-01-28 06:05:00-07,-77.032125,38.9031983
SkipDC-352897091275688,"",2019-01-28 06:05:13-07,SkipDC,electric-scooter,2019-01-28 06:05:00-07,-77.0321073,38.9033426
SkipDC-352897091339500,"",2019-01-28 06:05:13-07,SkipDC,electric-scooter,2019-01-28 06:05:00-07,-77.023736,38.9009511
JumpDC-bike_23175,JUMP DC-2484,2019-01-28 06:05:15-07,JumpDC,pedal-assist-bike,2019-01-28 06:05:00-07,-77.0264816666667,38.9027333333333
SkipDC-352897091463045,"",2019-01-28 06:05:13-07,SkipDC,electric-scooter,2019-01-28 06:05:00-07,-77.0176498,38.9038924
SkipDC-352897091310543,"",2019-01-28 06:05:13-07,SkipDC,electric-scooter,2019-01-28 06:05:00-07,-77.0162974,38.9036659
JumpDC-bike_23504,JUMP DC-2639,2019-01-28 06:05:15-07,JumpDC,pedal-assist-bike,2019-01-28 06:05:00-07,-77.0174333333333,38.9028866666667
JumpDC-bike_23151,JUMP DC-2460 ,2019-01-28 06:05:15-07,JumpDC,pedal-assist-bike,2019-01-28 06:05:00-07,-77.0170116666667,38.9026383333333
JumpDC-bike_23189,JUMP DC-2498,2019-01-28 06:05:15-07,JumpDC,pedal-assist-bike,2019-01-28 06:05:00-07,-77.01745,38.9012666666667
SkipDC-352897090443881,"",2019-01-28 06:05:13-07,SkipDC,electric-scooter,2019-01-28 06:05:00-07,-77.0174917,38.90378
SkipDC-352897091462666,"",2019-01-28 06:05:13-07,SkipDC,electric-scooter,2019-01-28 06:05:00-07,-77.0105105,38.9028211
SkipDC-352897091456700,"",2019-01-28 06:05:13-07,SkipDC,electric-scooter,2019-01-28 06:05:00-07,-77.0076,38.9045633
SkipDC-352897091456387,"",2019-01-28 06:05:13-07,SkipDC,electric-scooter,2019-01-28 06:05:00-07,-77.0073567,38.90471
SkipDC-352897091382740,"",2019-01-28 06:05:13-07,SkipDC,electric-scooter,2019-01-28 06:05:00-07,-77.0074217,38.9047517
SkipDC-352897091387806,"",2019-01-28 06:05:13-07,SkipDC,electric-scooter,2019-01-28 06:05:00-07,-77.0005883,38.9029833
SkipDC-352897091456809,"",2019-01-28 06:05:13-07,SkipDC,electric-scooter,2019-01-28 06:05:00-07,-77.0009586,38.9036923
SkipDC-352897091380967,"",2019-01-28 06:05:13-07,SkipDC,electric-scooter,2019-01-28 06:05:00-07,-77.0010483,38.901465
JumpDC-bike_23188,JUMP DC-2497,2019-01-28 06:05:15-07,JumpDC,pedal-assist-bike,2019-01-28 06:05:00-07,-76.990075,38.90312
JumpDC-bike_23234,JUMP DC-2543,2019-01-28 06:05:15-07,JumpDC,pedal-assist-bike,2019-01-28 06:05:00-07,-76.9855233333333,38.9019633333333
JumpDC-bike_23616,JUMP DC-2651,2019-01-28 06:05:15-07,JumpDC,pedal-assist-bike,2019-01-28 06:05:00-07,-77.08595,38.90887
JumpDC-bike_23678,JUMP DC-2713,2019-01-28 06:05:15-07,JumpDC,pedal-assist-bike,2019-01-28 06:05:00-07,-77.0855583333333,38.9087366666667
JumpDC-bike_23508,JUMP DC-2643,2019-01-28 06:05:15-07,JumpDC,pedal-assist-bike,2019-01-28 06:05:00-07,-77.0626966666667,38.9058516666667
SkipDC-352897091382161,"",2019-01-28 06:05:13-07,SkipDC,electric-scooter,2019-01-28 06:05:00-07,-77.0593583,38.905845
SkipDC-352897091428360,"",2019-01-28 06:05:13-07,SkipDC,electric-scooter,2019-01-28 06:05:00-07,-77.0533533,38.9064917
JumpDC-bike_23425,JUMP DC-2560,2019-01-28 06:05:15-07,JumpDC,pedal-assist-bike,2019-01-28 06:05:00-07,-77.0499283333333,38.9055316666667
JumpDC-bike_23657,JUMP DC-2692,2019-01-28 06:05:15-07,JumpDC,pedal-assist-bike,2019-01-28 06:05:00-07,-77.04874,38.9097116666667
SkipDC-352897091272941,"",2019-01-28 06:05:13-07,SkipDC,electric-scooter,2019-01-28 06:05:00-07,-77.048254,38.9075935
SkipDC-352897091427503,"",2019-01-28 06:05:13-07,SkipDC,electric-scooter,2019-01-28 06:05:00-07,-77.0452297,38.9071817
SkipDC-352897090507545,"",2019-01-28 06:05:13-07,SkipDC,electric-scooter,2019-01-28 06:05:00-07,-77.0417091,38.9075877
SkipDC-352897091267768,"",2019-01-28 06:05:13-07,SkipDC,electric-scooter,2019-01-28 06:05:00-07,-77.046805,38.9094717
SkipDC-352897091426984,"",2019-01-28 06:05:13-07,SkipDC,electric-scooter,2019-01-28 06:05:00-07,-77.0386388,38.9068241
JumpDC-bike_23713,JUMP DC-2748,2019-01-28 06:05:15-07,JumpDC,pedal-assist-bike,2019-01-28 06:05:00-07,-77.04043,38.9056016666667
SkipDC-352897091270788,"",2019-01-28 06:05:13-07,SkipDC,electric-scooter,2019-01-28 06:05:00-07,-77.0297906,38.9056379
SkipDC-352897091429285,"",2019-01-28 06:05:13-07,SkipDC,electric-scooter,2019-01-28 06:05:00-07,-77.0320313,38.9094709
JumpDC-bike_23440,JUMP DC-2575,2019-01-28 06:05:15-07,JumpDC,pedal-assist-bike,2019-01-28 06:05:00-07,-77.0326533333333,38.9096516666667
SkipDC-352897091382088,"",2019-01-28 06:05:13-07,SkipDC,electric-scooter,2019-01-28 06:05:00-07,-77.0266083,38.9058183
SkipDC-352897091380009,"",2019-01-28 06:05:13-07,SkipDC,electric-scooter,2019-01-28 06:05:00-07,-77.0238668,38.9096067
JumpDC-bike_23211,JUMP DC-2520,2019-01-28 06:05:15-07,JumpDC,pedal-assist-bike,2019-01-28 06:05:00-07,-77.0253783333333,38.907295
JumpDC-bike_23673,JUMP DC-2708,2019-01-28 06:05:15-07,JumpDC,pedal-assist-bike,2019-01-28 06:05:00-07,-77.0238866666667,38.9081783333333
SkipDC-352897091328008,"",2019-01-28 06:05:13-07,SkipDC,electric-scooter,2019-01-28 06:05:00-07,-77.0231233,38.908755
SkipDC-352897090558449,"",2019-01-28 06:05:13-07,SkipDC,electric-scooter,2019-01-28 06:05:00-07,-77.0412217,38.910285
JumpDC-bike_23671,JUMP DC-2706,2019-01-28 06:05:15-07,JumpDC,pedal-assist-bike,2019-01-28 06:05:00-07,-77.0445766666667,38.9110883333333
SkipDC-352897091381247,"",2019-01-28 06:05:13-07,SkipDC,electric-scooter,2019-01-28 06:05:00-07,-77.0378983,38.9112283
SkipDC-352897091273089,"",2019-01-28 06:05:13-07,SkipDC,electric-scooter,2019-01-28 06:05:00-07,-77.0408617,38.9105867
SkipDC-352897091429723,"",2019-01-28 06:05:13-07,SkipDC,electric-scooter,2019-01-28 06:05:00-07,-77.0367583,38.9106717
SkipDC-352897091382500,"",2019-01-28 06:05:13-07,SkipDC,electric-scooter,2019-01-28 06:05:00-07,-77.0321167,38.9125183
SkipDC-352897091456866,"",2019-01-28 06:05:13-07,SkipDC,electric-scooter,2019-01-28 06:05:00-07,-77.0314114,38.9133483
JumpDC-bike_23512,JUMP DC-2647,2019-01-28 06:05:15-07,JumpDC,pedal-assist-bike,2019-01-28 06:05:00-07,-77.0331433333333,38.9099766666667
SkipDC-352897091437965,"",2019-01-28 06:05:13-07,SkipDC,electric-scooter,2019-01-28 06:05:00-07,-77.021722,38.9115696
SkipDC-352897091273261,"",2019-01-28 06:05:13-07,SkipDC,electric-scooter,2019-01-28 06:05:00-07,-77.0184829,38.9112047
JumpDC-bike_23235,JUMP DC-2544,2019-01-28 06:05:15-07,JumpDC,pedal-assist-bike,2019-01-28 06:05:00-07,-77.016275,38.91182
JumpDC-bike_23691,JUMP DC-2726,2019-01-28 06:05:15-07,JumpDC,pedal-assist-bike,2019-01-28 06:05:00-07,-77.0122283333333,38.911615
SkipDC-352897091433006,"",2019-01-28 06:05:13-07,SkipDC,electric-scooter,2019-01-28 06:05:00-07,-77.0058133,38.911825
SkipDC-352897091429129,"",2019-01-28 06:05:13-07,SkipDC,electric-scooter,2019-01-28 06:05:00-07,-77.0021456,38.9128171
JumpDC-bike_18826,JUMP DC-0703,2019-01-28 06:05:15-07,JumpDC,pedal-assist-bike,2019-01-28 06:05:00-07,-76.989185,38.910845
JumpDC-bike_23130,JUMP DC-0820,2019-01-28 06:05:15-07,JumpDC,pedal-assist-bike,2019-01-28 06:05:00-07,-76.989205,38.9108166666667
JumpDC-bike_23445,JUMP DC-2580,2019-01-28 06:05:15-07,JumpDC,pedal-assist-bike,2019-01-28 06:05:00-07,-76.9843833333333,38.9124233333333
JumpDC-bike_23680,JUMP DC-2715,2019-01-28 06:05:15-07,JumpDC,pedal-assist-bike,2019-01-28 06:05:00-07,-77.0692816666667,38.9157333333333
SkipDC-352897091429103,"",2019-01-28 06:05:13-07,SkipDC,electric-scooter,2019-01-28 06:05:00-07,-77.0527217,38.9147433
SkipDC-352897091279524,"",2019-01-28 06:05:13-07,SkipDC,electric-scooter,2019-01-28 06:05:00-07,-77.0476133,38.91485
SkipDC-352897091331481,"",2019-01-28 06:05:13-07,SkipDC,electric-scooter,2019-01-28 06:05:00-07,-77.0461833,38.91503
JumpDC-bike_23682,JUMP DC-2717,2019-01-28 06:05:15-07,JumpDC,pedal-assist-bike,2019-01-28 06:05:00-07,-77.0441783333333,38.917615
JumpDC-bike_23420,JUMP DC-2555,2019-01-28 06:05:15-07,JumpDC,pedal-assist-bike,2019-01-28 06:05:00-07,-77.0423066666667,38.9178216666667
JumpDC-bike_23191,JUMP DC-2500,2019-01-28 06:05:15-07,JumpDC,pedal-assist-bike,2019-01-28 06:05:00-07,-77.0719083333333,38.9208533333333
JumpDC-bike_18911,JUMP DC-0790,2019-01-28 06:05:15-07,JumpDC,pedal-assist-bike,2019-01-28 06:05:00-07,-77.0726183333333,38.9221766666667
SkipDC-352897091434186,"",2019-01-28 06:05:13-07,SkipDC,electric-scooter,2019-01-28 06:05:00-07,-77.047455,38.9200069
SkipDC-352897091452865,"",2019-01-28 06:05:13-07,SkipDC,electric-scooter,2019-01-28 06:05:00-07,-77.04683,38.92136
JumpDC-bike_18849,JUMP DC-0694,2019-01-28 06:05:15-07,JumpDC,pedal-assist-bike,2019-01-28 06:05:00-07,-77.041845,38.9201233333333
JumpDC-bike_23649,JUMP DC-2684,2019-01-28 06:05:15-07,JumpDC,pedal-assist-bike,2019-01-28 06:05:00-07,-77.0416516666667,38.919835
JumpDC-bike_23478,JUMP DC-2613,2019-01-28 06:05:15-07,JumpDC,pedal-assist-bike,2019-01-28 06:05:00-07,-77.0424316666667,38.9222116666667
JumpDC-bike_16631,JUMP DC-0222,2019-01-28 06:05:15-07,JumpDC,pedal-assist-bike,2019-01-28 06:05:00-07,-77.043565,38.9217166666667
JumpDC-bike_18930,JUMP DC-0809,2019-01-28 06:05:15-07,JumpDC,pedal-assist-bike,2019-01-28 06:05:00-07,-77.0419183333333,38.9206183333333
SkipDC-352897091432164,"",2019-01-28 06:05:13-07,SkipDC,electric-scooter,2019-01-28 06:05:00-07,-77.0367036,38.921212
JumpDC-bike_23156,JUMP DC-2465,2019-01-28 06:05:15-07,JumpDC,pedal-assist-bike,2019-01-28 06:05:00-07,-77.0375916666667,38.92208
JumpDC-bike_23149,JUMP DC-2458,2019-01-28 06:05:15-07,JumpDC,pedal-assist-bike,2019-01-28 06:05:00-07,-77.0337583333333,38.9226116666667
JumpDC-bike_23499,JUMP DC-2634 ,2019-01-28 06:05:15-07,JumpDC,pedal-assist-bike,2019-01-28 06:05:00-07,-77.032935,38.9191783333333
JumpDC-bike_23215,JUMP DC-2524,2019-01-28 06:05:15-07,JumpDC,pedal-assist-bike,2019-01-28 06:05:00-07,-77.0216816666667,38.9200116666667
JumpDC-bike_18836,JUMP DC-0713,2019-01-28 06:05:15-07,JumpDC,pedal-assist-bike,2019-01-28 06:05:00-07,-76.9919283333333,38.91931
JumpDC-bike_23231,JUMP DC-2540,2019-01-28 06:05:15-07,JumpDC,pedal-assist-bike,2019-01-28 06:05:00-07,-76.965,38.9202666666667
JumpDC-bike_18853,JUMP DC-0695,2019-01-28 06:05:15-07,JumpDC,pedal-assist-bike,2019-01-28 06:05:00-07,-76.9605833333333,38.9229033333333
JumpDC-bike_23216,JUMP DC-2525,2019-01-28 06:05:15-07,JumpDC,pedal-assist-bike,2019-01-28 06:05:00-07,-77.0757983333333,38.9243833333333
SkipDC-352897091328982,"",2019-01-28 06:05:13-07,SkipDC,electric-scooter,2019-01-28 06:05:00-07,-77.0666433,38.9261267
JumpDC-bike_18916,JUMP DC-0795,2019-01-28 06:05:15-07,JumpDC,pedal-assist-bike,2019-01-28 06:05:00-07,-77.053255,38.9265383333333
SkipDC-352897091387889,"",2019-01-28 06:05:13-07,SkipDC,electric-scooter,2019-01-28 06:05:00-07,-77.0516444,38.9237257
SkipDC-352897090457824,"",2019-01-28 06:05:13-07,SkipDC,electric-scooter,2019-01-28 06:05:00-07,-77.0314386,38.9242182
SkipDC-352897091428089,"",2019-01-28 06:05:13-07,SkipDC,electric-scooter,2019-01-28 06:05:00-07,-77.0302153,38.9235123
JumpDC-bike_23153,JUMP DC-2462,2019-01-28 06:05:15-07,JumpDC,pedal-assist-bike,2019-01-28 06:05:00-07,-77.03286,38.9275633333333
JumpDC-bike_23490,JUMP DC-2625,2019-01-28 06:05:15-07,JumpDC,pedal-assist-bike,2019-01-28 06:05:00-07,-77.0255883333333,38.9234983333333
JumpDC-bike_23667,JUMP DC-2702,2019-01-28 06:05:15-07,JumpDC,pedal-assist-bike,2019-01-28 06:05:00-07,-77.0265666666667,38.92387
JumpDC-bike_23155,JUMP DC-2464,2019-01-28 06:05:15-07,JumpDC,pedal-assist-bike,2019-01-28 06:05:00-07,-76.9629183333333,38.9239233333333
JumpDC-bike_23166,JUMP DC-2475,2019-01-28 06:05:15-07,JumpDC,pedal-assist-bike,2019-01-28 06:05:00-07,-77.0713383333333,38.9291133333333
SkipDC-352897091432065,"",2019-01-28 06:05:13-07,SkipDC,electric-scooter,2019-01-28 06:05:00-07,-77.0427814,38.9316164
SkipDC-352897090504369,"",2019-01-28 06:05:13-07,SkipDC,electric-scooter,2019-01-28 06:05:00-07,-77.039515,38.9306467
SkipDC-352897090572382,"",2019-01-28 06:05:13-07,SkipDC,electric-scooter,2019-01-28 06:05:00-07,-77.039405,38.93063
JumpDC-bike_23945,JUMP DC-2454,2019-01-28 06:05:15-07,JumpDC,pedal-assist-bike,2019-01-28 06:05:00-07,-77.0319416666667,38.93049
JumpDC-bike_23209,JUMP DC-2518,2019-01-28 06:05:15-07,JumpDC,pedal-assist-bike,2019-01-28 06:05:00-07,-77.0318583333333,38.9305183333333
SkipDC-352897091428766,"",2019-01-28 06:05:13-07,SkipDC,electric-scooter,2019-01-28 06:05:00-07,-77.0317583,38.9295
SkipDC-352897091291180,"",2019-01-28 06:05:13-07,SkipDC,electric-scooter,2019-01-28 06:05:00-07,-77.03443,38.9309517
SkipDC-352897091311467,"",2019-01-28 06:05:13-07,SkipDC,electric-scooter,2019-01-28 06:05:00-07,-77.024705,38.9308983
JumpDC-bike_23639,JUMP DC-2674,2019-01-28 06:05:15-07,JumpDC,pedal-assist-bike,2019-01-28 06:05:00-07,-77.0282833333333,38.932405
JumpDC-bike_23651,JUMP DC-2686,2019-01-28 06:05:15-07,JumpDC,pedal-assist-bike,2019-01-28 06:05:00-07,-77.0797216666667,38.9482983333333
JumpDC-bike_16615,JUMP DC-0250,2019-01-28 06:05:15-07,JumpDC,pedal-assist-bike,2019-01-28 06:05:00-07,-76.9830783333333,38.9469116666667
JumpDC-bike_18870,JUMP DC-0829,2019-01-28 06:05:15-07,JumpDC,pedal-assist-bike,2019-01-28 06:05:00-07,-77.080095,38.95068
JumpDC-bike_18841,JUMP DC-0718,2019-01-28 06:05:15-07,JumpDC,pedal-assist-bike,2019-01-28 06:05:00-07,-77.0324533333333,38.961655
SkipDC-352897090537849,"",2019-01-28 06:20:14-07,SkipDC,electric-scooter,2019-01-28 06:20:00-07,-77.21881,38.8032517
SkipDC-352897091273907,"",2019-01-28 06:20:14-07,SkipDC,electric-scooter,2019-01-28 06:20:00-07,-77.0147804,38.8641724
JumpDC-bike_23493,JUMP DC-2628,2019-01-28 06:20:15-07,JumpDC,pedal-assist-bike,2019-01-28 06:20:00-07,-76.9866966666667,38.8614133333333
SkipDC-352897091383862,"",2019-01-28 06:20:14-07,SkipDC,electric-scooter,2019-01-28 06:20:00-07,-77.0114388,38.8757831
SkipDC-352897091273428,"",2019-01-28 06:20:14-07,SkipDC,electric-scooter,2019-01-28 06:20:00-07,-77.0291487,38.8842376
SkipDC-352897091328800,"",2019-01-28 06:20:14-07,SkipDC,electric-scooter,2019-01-28 06:20:00-07,-77.0235167,38.8843917
SkipDC-352897091462906,"",2019-01-28 06:20:14-07,SkipDC,electric-scooter,2019-01-28 06:20:00-07,-77.0234517,38.8844683
SkipDC-352897091279342,"",2019-01-28 06:20:14-07,SkipDC,electric-scooter,2019-01-28 06:20:00-07,-77.0234133,38.8846233
SkipDC-352897091311681,"",2019-01-28 06:20:14-07,SkipDC,electric-scooter,2019-01-28 06:20:00-07,-77.0200483,38.88571
SkipDC-352897091387624,"",2019-01-28 06:20:14-07,SkipDC,electric-scooter,2019-01-28 06:20:00-07,-77.0185984,38.8860788
JumpDC-bike_23178,JUMP DC-2487,2019-01-28 06:20:15-07,JumpDC,pedal-assist-bike,2019-01-28 06:20:00-07,-77.0154216666667,38.8857233333333
SkipDC-352897091385727,"",2019-01-28 06:20:14-07,SkipDC,electric-scooter,2019-01-28 06:20:00-07,-77.0027702,38.8871278
SkipDC-352897090450589,"",2019-01-28 06:20:14-07,SkipDC,electric-scooter,2019-01-28 06:20:00-07,-77.0027117,38.89621
SkipDC-352897091387749,"",2019-01-28 06:20:14-07,SkipDC,electric-scooter,2019-01-28 06:20:00-07,-76.9849517,38.89608
JumpDC-bike_18850,JUMP DC-0690,2019-01-28 06:20:15-07,JumpDC,pedal-assist-bike,2019-01-28 06:20:00-07,-76.9562366666667,38.8947316666667
SkipDC-352897091385941,"",2019-01-28 06:20:14-07,SkipDC,electric-scooter,2019-01-28 06:20:00-07,-77.0481717,38.8973067
SkipDC-352897091293608,"",2019-01-28 06:20:14-07,SkipDC,electric-scooter,2019-01-28 06:20:00-07,-77.0479846,38.8996199
SkipDC-352897091384464,"",2019-01-28 06:20:14-07,SkipDC,electric-scooter,2019-01-28 06:20:00-07,-77.0477136,38.899519
SkipDC-352897091310683,"",2019-01-28 06:20:14-07,SkipDC,electric-scooter,2019-01-28 06:20:00-07,-77.047735,38.899855
SkipDC-352897091306707,"",2019-01-28 06:20:14-07,SkipDC,electric-scooter,2019-01-28 06:20:00-07,-77.050615,38.8971733
SkipDC-352897091280043,"",2019-01-28 06:20:14-07,SkipDC,electric-scooter,2019-01-28 06:20:00-07,-77.04872,38.8982617
SkipDC-352897091384761,"",2019-01-28 06:20:14-07,SkipDC,electric-scooter,2019-01-28 06:20:00-07,-77.0436732,38.8967043
SkipDC-352897091426901,"",2019-01-28 06:20:14-07,SkipDC,electric-scooter,2019-01-28 06:20:00-07,-77.0457511,38.9000768
JumpDC-bike_23668,JUMP DC-2703,2019-01-28 06:20:15-07,JumpDC,pedal-assist-bike,2019-01-28 06:20:00-07,-76.992575,38.89724
JumpDC-bike_23698,JUMP DC-2733,2019-01-28 06:20:15-07,JumpDC,pedal-assist-bike,2019-01-28 06:20:00-07,-76.982125,38.896735
JumpDC-bike_23480,JUMP DC-2615,2019-01-28 06:20:15-07,JumpDC,pedal-assist-bike,2019-01-28 06:20:00-07,-76.946625,38.898695
JumpDC-bike_23684,JUMP DC-2719,2019-01-28 06:20:15-07,JumpDC,pedal-assist-bike,2019-01-28 06:20:00-07,-76.9465966666667,38.89872
JumpDC-bike_18924,JUMP DC-0803,2019-01-28 06:20:15-07,JumpDC,pedal-assist-bike,2019-01-28 06:20:00-07,-76.9466566666667,38.898715
SkipDC-352897091401920,"",2019-01-28 06:20:14-07,SkipDC,electric-scooter,2019-01-28 06:20:00-07,-77.0650383,38.9031733
SkipDC-352897091427446,"",2019-01-28 06:20:14-07,SkipDC,electric-scooter,2019-01-28 06:20:00-07,-77.0660583,38.90443
SkipDC-352897091386725,"",2019-01-28 06:20:14-07,SkipDC,electric-scooter,2019-01-28 06:20:00-07,-77.0660733,38.9044383
JumpDC-bike_23617,JUMP DC-2652,2019-01-28 06:20:15-07,JumpDC,pedal-assist-bike,2019-01-28 06:20:00-07,-77.0701733333333,38.90437
JumpDC-bike_23162,JUMP DC-2471,2019-01-28 06:20:15-07,JumpDC,pedal-assist-bike,2019-01-28 06:20:00-07,-77.06112,38.9026
SkipDC-352897091385149,"",2019-01-28 06:20:14-07,SkipDC,electric-scooter,2019-01-28 06:20:00-07,-77.0536317,38.9028317
SkipDC-352897091456841,"",2019-01-28 06:20:14-07,SkipDC,electric-scooter,2019-01-28 06:20:00-07,-77.05335,38.9027867
SkipDC-352897091386865,"",2019-01-28 06:20:14-07,SkipDC,electric-scooter,2019-01-28 06:20:00-07,-77.05416,38.9010733
SkipDC-352897091285224,"",2019-01-28 06:20:14-07,SkipDC,electric-scooter,2019-01-28 06:20:00-07,-77.0540227,38.9015284
SkipDC-352897091457187,"",2019-01-28 06:20:14-07,SkipDC,electric-scooter,2019-01-28 06:20:00-07,-77.0533059,38.9012707
SkipDC-352897091267628,"",2019-01-28 06:20:14-07,SkipDC,electric-scooter,2019-01-28 06:20:00-07,-77.0446168,38.9018414
SkipDC-352897091327604,"",2019-01-28 06:20:14-07,SkipDC,electric-scooter,2019-01-28 06:20:00-07,-77.0449567,38.902335
SkipDC-352897091391584,"",2019-01-28 06:20:14-07,SkipDC,electric-scooter,2019-01-28 06:20:00-07,-77.0432583,38.9027133
SkipDC-352897091272404,"",2019-01-28 06:20:14-07,SkipDC,electric-scooter,2019-01-28 06:20:00-07,-77.04493,38.9021633
SkipDC-352897091391808,"",2019-01-28 06:20:14-07,SkipDC,electric-scooter,2019-01-28 06:20:00-07,-77.0449167,38.9022733
SkipDC-352897091279607,"",2019-01-28 06:20:14-07,SkipDC,electric-scooter,2019-01-28 06:20:00-07,-77.044615,38.9012317
SkipDC-352897091458722,"",2019-01-28 06:20:14-07,SkipDC,electric-scooter,2019-01-28 06:20:00-07,-77.0449687,38.9022587
SkipDC-352897091431026,"",2019-01-28 06:20:14-07,SkipDC,electric-scooter,2019-01-28 06:20:00-07,-77.0449617,38.9023133
SkipDC-352897091381361,"",2019-01-28 06:20:14-07,SkipDC,electric-scooter,2019-01-28 06:20:00-07,-77.04494,38.9023517
SkipDC-352897091386220,"",2019-01-28 06:20:14-07,SkipDC,electric-scooter,2019-01-28 06:20:00-07,-77.0448667,38.902285
SkipDC-352897091325707,"",2019-01-28 06:20:14-07,SkipDC,electric-scooter,2019-01-28 06:20:00-07,-77.0445083,38.90244
SkipDC-352897091456023,"",2019-01-28 06:20:14-07,SkipDC,electric-scooter,2019-01-28 06:20:00-07,-77.0435,38.902405
SkipDC-352897091456585,"",2019-01-28 06:20:14-07,SkipDC,electric-scooter,2019-01-28 06:20:00-07,-77.0449333,38.9035517
SkipDC-352897091427388,"",2019-01-28 06:20:14-07,SkipDC,electric-scooter,2019-01-28 06:20:00-07,-77.0322967,38.90303
SkipDC-352897091279508,"",2019-01-28 06:20:14-07,SkipDC,electric-scooter,2019-01-28 06:20:00-07,-77.0322017,38.9032633
SkipDC-352897091275688,"",2019-01-28 06:20:14-07,SkipDC,electric-scooter,2019-01-28 06:20:00-07,-77.0321659,38.9032314
SkipDC-352897091338288,"",2019-01-28 06:20:14-07,SkipDC,electric-scooter,2019-01-28 06:20:00-07,-77.0338083,38.9023217
SkipDC-352897091288681,"",2019-01-28 06:20:14-07,SkipDC,electric-scooter,2019-01-28 06:20:00-07,-77.0322667,38.9031883
SkipDC-352897091387988,"",2019-01-28 06:20:14-07,SkipDC,electric-scooter,2019-01-28 06:20:00-07,-77.0241192,38.9013748
JumpDC-bike_18933,JUMP DC-0812,2019-01-28 06:20:15-07,JumpDC,pedal-assist-bike,2019-01-28 06:20:00-07,-77.028885,38.904565
JumpDC-bike_23175,JUMP DC-2484,2019-01-28 06:20:15-07,JumpDC,pedal-assist-bike,2019-01-28 06:20:00-07,-77.0264816666667,38.9027333333333
SkipDC-352897091463045,"",2019-01-28 06:20:14-07,SkipDC,electric-scooter,2019-01-28 06:20:00-07,-77.01765,38.9038067
JumpDC-bike_18822,JUMP DC-0699,2019-01-28 06:20:15-07,JumpDC,pedal-assist-bike,2019-01-28 06:20:00-07,-77.0180816666667,38.9024566666667
JumpDC-bike_23504,JUMP DC-2639,2019-01-28 06:20:15-07,JumpDC,pedal-assist-bike,2019-01-28 06:20:00-07,-77.0174333333333,38.9028866666667
JumpDC-bike_23151,JUMP DC-2460 ,2019-01-28 06:20:15-07,JumpDC,pedal-assist-bike,2019-01-28 06:20:00-07,-77.0170116666667,38.9026383333333
JumpDC-bike_23189,JUMP DC-2498,2019-01-28 06:20:15-07,JumpDC,pedal-assist-bike,2019-01-28 06:20:00-07,-77.01745,38.9012666666667
SkipDC-352897090443881,"",2019-01-28 06:20:14-07,SkipDC,electric-scooter,2019-01-28 06:20:00-07,-77.0174917,38.90378
SkipDC-352897091310543,"",2019-01-28 06:20:14-07,SkipDC,electric-scooter,2019-01-28 06:20:00-07,-77.0164767,38.903775
JumpDC-bike_23211,JUMP DC-2520,2019-01-28 06:20:15-07,JumpDC,pedal-assist-bike,2019-01-28 06:20:00-07,-77.0253783333333,38.907295
SkipDC-352897091382088,"",2019-01-28 06:20:14-07,SkipDC,electric-scooter,2019-01-28 06:20:00-07,-77.0266083,38.9058183
SkipDC-352897091380009,"",2019-01-28 06:20:14-07,SkipDC,electric-scooter,2019-01-28 06:20:00-07,-77.0238549,38.9096071
SkipDC-352897091463102,"",2019-01-28 06:20:14-07,SkipDC,electric-scooter,2019-01-28 06:20:00-07,-77.0213933,38.9090583
SkipDC-352897091325145,"",2019-01-28 06:20:14-07,SkipDC,electric-scooter,2019-01-28 06:20:00-07,-77.0206871,38.9083143
JumpDC-bike_81150,JUMP DC-2501,2019-01-28 06:20:15-07,JumpDC,pedal-assist-bike,2019-01-28 06:20:00-07,-77.0187666666667,38.9057
SkipDC-352897091310824,"",2019-01-28 06:20:14-07,SkipDC,electric-scooter,2019-01-28 06:20:00-07,-77.0217783,38.9065565
SkipDC-352897090506265,"",2019-01-28 06:20:14-07,SkipDC,electric-scooter,2019-01-28 06:20:00-07,-77.022925,38.9081033
SkipDC-352897091328008,"",2019-01-28 06:20:14-07,SkipDC,electric-scooter,2019-01-28 06:20:00-07,-77.0230383,38.9086933
SkipDC-352897091272602,"",2019-01-28 06:20:14-07,SkipDC,electric-scooter,2019-01-28 06:20:00-07,-77.0077733,38.90732
JumpDC-bike_23165,JUMP DC-2474,2019-01-28 06:20:15-07,JumpDC,pedal-assist-bike,2019-01-28 06:20:00-07,-77.0003066666667,38.9076016666667
JumpDC-bike_23614,JUMP DC-2649,2019-01-28 06:20:15-07,JumpDC,pedal-assist-bike,2019-01-28 06:20:00-07,-76.9971883333333,38.908175
JumpDC-bike_23625,JUMP DC-2660,2019-01-28 06:20:15-07,JumpDC,pedal-assist-bike,2019-01-28 06:20:00-07,-76.99758,38.9080283333333
JumpDC-bike_18827,JUMP DC-0704,2019-01-28 06:20:15-07,JumpDC,pedal-assist-bike,2019-01-28 06:20:00-07,-76.9981916666667,38.9056183333333
SkipDC-352897091382948,"",2019-01-28 06:20:14-07,SkipDC,electric-scooter,2019-01-28 06:20:00-07,-76.9841483,38.90838
JumpDC-bike_23466,JUMP DC-2601,2019-01-28 06:20:15-07,JumpDC,pedal-assist-bike,2019-01-28 06:20:00-07,-76.9752316666667,38.9055666666667
JumpDC-bike_16492,JUMP DC-0179,2019-01-28 06:20:15-07,JumpDC,pedal-assist-bike,2019-01-28 06:20:00-07,-76.95255,38.90592
JumpDC-bike_23660,JUMP DC-2695,2019-01-28 06:20:15-07,JumpDC,pedal-assist-bike,2019-01-28 06:20:00-07,-76.9336916666667,38.9082116666667
JumpDC-bike_23172,JUMP DC-2481,2019-01-28 06:20:15-07,JumpDC,pedal-assist-bike,2019-01-28 06:20:00-07,-76.9344666666667,38.90843
SkipDC-352897090502603,"",2019-01-28 06:20:14-07,SkipDC,electric-scooter,2019-01-28 06:20:00-07,-77.0727481,38.912973
SkipDC-352897091430143,"",2019-01-28 06:20:14-07,SkipDC,electric-scooter,2019-01-28 06:20:00-07,-77.048595,38.9107214
SkipDC-352897091432701,"",2019-01-28 06:20:14-07,SkipDC,electric-scooter,2019-01-28 06:20:00-07,-77.0467211,38.9107138
SkipDC-352897091310568,"",2019-01-28 06:20:14-07,SkipDC,electric-scooter,2019-01-28 06:20:00-07,-77.0411967,38.9103433
JumpDC-bike_23671,JUMP DC-2706,2019-01-28 06:20:15-07,JumpDC,pedal-assist-bike,2019-01-28 06:20:00-07,-77.0445766666667,38.9110883333333
JumpDC-bike_18862,JUMP DC-0821,2019-01-28 06:20:15-07,JumpDC,pedal-assist-bike,2019-01-28 06:20:00-07,-77.0444933333333,38.9109016666667
SkipDC-352897091331481,"",2019-01-28 06:20:14-07,SkipDC,electric-scooter,2019-01-28 06:20:00-07,-77.0461833,38.91503
JumpDC-bike_18898,JUMP DC-0777 ,2019-01-28 06:20:15-07,JumpDC,pedal-assist-bike,2019-01-28 06:20:00-07,-77.0364083333333,38.9176433333333
SkipDC-352897091327083,"",2019-01-28 06:20:14-07,SkipDC,electric-scooter,2019-01-28 06:20:00-07,-77.0344717,38.9180517
SkipDC-352897091334964,"",2019-01-28 06:20:14-07,SkipDC,electric-scooter,2019-01-28 06:20:00-07,-77.0332174,38.916598
JumpDC-bike_18896,JUMP DC-0775,2019-01-28 06:20:15-07,JumpDC,pedal-assist-bike,2019-01-28 06:20:00-07,-77.0346766666667,38.9148516666667
JumpDC-bike_23150,JUMP DC-2459,2019-01-28 06:20:15-07,JumpDC,pedal-assist-bike,2019-01-28 06:20:00-07,-77.029485,38.9168383333333
SkipDC-352897091458821,"",2019-01-28 06:20:14-07,SkipDC,electric-scooter,2019-01-28 06:20:00-07,-77.0321583,38.9146706
JumpDC-bike_16634,JUMP DC-0226,2019-01-28 06:20:15-07,JumpDC,pedal-assist-bike,2019-01-28 06:20:00-07,-77.0274583333333,38.9170516666667
SkipDC-352897091428980,"",2019-01-28 06:20:14-07,SkipDC,electric-scooter,2019-01-28 06:20:00-07,-77.025301,38.9169543
SkipDC-352897091272628,"",2019-01-28 06:20:14-07,SkipDC,electric-scooter,2019-01-28 06:20:00-07,-77.0247167,38.91867
JumpDC-bike_18831,JUMP DC-0708,2019-01-28 06:20:15-07,JumpDC,pedal-assist-bike,2019-01-28 06:20:00-07,-77.0274316666667,38.916915
JumpDC-bike_23179,JUMP DC-2488,2019-01-28 06:20:15-07,JumpDC,pedal-assist-bike,2019-01-28 06:20:00-07,-77.019815,38.9151983333333
JumpDC-bike_23167,JUMP DC-2476,2019-01-28 06:20:15-07,JumpDC,pedal-assist-bike,2019-01-28 06:20:00-07,-77.0229416666667,38.9160633333333
SkipDC-352897090517403,"",2019-01-28 06:20:14-07,SkipDC,electric-scooter,2019-01-28 06:20:00-07,-77.0228683,38.9144267
SkipDC-352897091428204,"",2019-01-28 06:20:14-07,SkipDC,electric-scooter,2019-01-28 06:20:00-07,-77.0230798,38.9182535
JumpDC-bike_23431,JUMP DC-2566,2019-01-28 06:20:15-07,JumpDC,pedal-assist-bike,2019-01-28 06:20:00-07,-76.98331,38.9148166666667
JumpDC-bike_23424,JUMP DC-2559,2019-01-28 06:20:15-07,JumpDC,pedal-assist-bike,2019-01-28 06:20:00-07,-76.9713683333333,38.9188883333333
SkipDC-352897091385206,"",2019-01-28 06:20:14-07,SkipDC,electric-scooter,2019-01-28 06:20:00-07,-77.0793117,38.9196967
JumpDC-bike_23228,JUMP DC-2537,2019-01-28 06:20:15-07,JumpDC,pedal-assist-bike,2019-01-28 06:20:00-07,-77.07565,38.9226
JumpDC-bike_23191,JUMP DC-2500,2019-01-28 06:20:15-07,JumpDC,pedal-assist-bike,2019-01-28 06:20:00-07,-77.0719083333333,38.9208533333333
JumpDC-bike_18911,JUMP DC-0790,2019-01-28 06:20:15-07,JumpDC,pedal-assist-bike,2019-01-28 06:20:00-07,-77.0726183333333,38.9221766666667
SkipDC-352897091272586,"",2019-01-28 06:20:14-07,SkipDC,electric-scooter,2019-01-28 06:20:00-07,-77.072995,38.92248
JumpDC-bike_16532,JUMP DC-0223,2019-01-28 06:20:15-07,JumpDC,pedal-assist-bike,2019-01-28 06:20:00-07,-77.04146,38.9314066666667
SkipDC-352897091432065,"",2019-01-28 06:20:14-07,SkipDC,electric-scooter,2019-01-28 06:20:00-07,-77.0427842,38.9316175
SkipDC-352897090572382,"",2019-01-28 06:20:14-07,SkipDC,electric-scooter,2019-01-28 06:20:00-07,-77.0394783,38.93055
SkipDC-352897090504369,"",2019-01-28 06:20:14-07,SkipDC,electric-scooter,2019-01-28 06:20:00-07,-77.03955,38.9305933
JumpDC-bike_23209,JUMP DC-2518,2019-01-28 06:20:15-07,JumpDC,pedal-assist-bike,2019-01-28 06:20:00-07,-77.0318583333333,38.9305183333333
SkipDC-352897091428766,"",2019-01-28 06:20:14-07,SkipDC,electric-scooter,2019-01-28 06:20:00-07,-77.0317833,38.9295917
SkipDC-352897091291180,"",2019-01-28 06:20:14-07,SkipDC,electric-scooter,2019-01-28 06:20:00-07,-77.0344841,38.9309342
SkipDC-352897091311467,"",2019-01-28 06:20:14-07,SkipDC,electric-scooter,2019-01-28 06:20:00-07,-77.0247833,38.9310417
JumpDC-bike_23639,JUMP DC-2674,2019-01-28 06:20:15-07,JumpDC,pedal-assist-bike,2019-01-28 06:20:00-07,-77.0282833333333,38.932405
SkipDC-352897090517486,"",2019-01-28 06:20:14-07,SkipDC,electric-scooter,2019-01-28 06:20:00-07,-77.0819506,38.9334388
SkipDC-352897091434269,"",2019-01-28 06:20:14-07,SkipDC,electric-scooter,2019-01-28 06:20:00-07,-77.0727036,38.9325367
SkipDC-352897091430283,"",2019-01-28 06:20:14-07,SkipDC,electric-scooter,2019-01-28 06:20:00-07,-77.072605,38.9325117
SkipDC-352897090547368,"",2019-01-28 06:20:14-07,SkipDC,electric-scooter,2019-01-28 06:20:00-07,-77.0684986,38.9325559
JumpDC-bike_23217,JUMP DC-2526,2019-01-28 06:20:15-07,JumpDC,pedal-assist-bike,2019-01-28 06:20:00-07,-77.0585916666667,38.9361016666667
JumpDC-bike_23488,JUMP DC-2623,2019-01-28 06:20:15-07,JumpDC,pedal-assist-bike,2019-01-28 06:20:00-07,-77.0574083333333,38.934005
JumpDC-bike_23695,JUMP DC-2730,2019-01-28 06:20:15-07,JumpDC,pedal-assist-bike,2019-01-28 06:20:00-07,-77.0441566666667,38.93317
SkipDC-352897090571723,"",2019-01-28 06:20:14-07,SkipDC,electric-scooter,2019-01-28 06:20:00-07,-77.0366633,38.9362883
SkipDC-352897091451487,"",2019-01-28 06:20:14-07,SkipDC,electric-scooter,2019-01-28 06:20:00-07,-77.0347866,38.9344334
SkipDC-352897091297385,"",2019-01-28 06:20:14-07,SkipDC,electric-scooter,2019-01-28 06:20:00-07,-77.0321489,38.9331071
SkipDC-352897090537849,"",2019-01-28 06:34:43-07,SkipDC,electric-scooter,2019-01-28 06:35:00-07,-77.218961,38.8027493
JumpDC-bike_18850,JUMP DC-0690,2019-01-28 06:34:15-07,JumpDC,pedal-assist-bike,2019-01-28 06:35:00-07,-76.9562366666667,38.8947316666667
SkipDC-352897091294986,"",2019-01-28 06:05:13-07,SkipDC,electric-scooter,2019-01-28 06:05:00-07,-77.0119517,38.8875717
JumpDC-bike_16521,JUMP DC-0169  ,2019-01-28 06:05:15-07,JumpDC,pedal-assist-bike,2019-01-28 06:05:00-07,-76.9901416666667,38.8892483333333
JumpDC-bike_23681,JUMP DC-2716,2019-01-28 06:05:15-07,JumpDC,pedal-assist-bike,2019-01-28 06:05:00-07,-76.9866516666667,38.8876666666667
JumpDC-bike_18851,JUMP DC-0696 (Dummy Controller),2019-01-28 06:05:15-07,JumpDC,pedal-assist-bike,2019-01-28 06:05:00-07,-76.9854516666667,38.8908333333333
SkipDC-352897091387749,"",2019-01-28 06:05:13-07,SkipDC,electric-scooter,2019-01-28 06:05:00-07,-76.9849517,38.89608
SkipDC-352897091385941,"",2019-01-28 06:05:13-07,SkipDC,electric-scooter,2019-01-28 06:05:00-07,-77.0475037,38.8973407
SkipDC-352897091293608,"",2019-01-28 06:05:13-07,SkipDC,electric-scooter,2019-01-28 06:05:00-07,-77.0480033,38.8996327
SkipDC-352897091384464,"",2019-01-28 06:05:13-07,SkipDC,electric-scooter,2019-01-28 06:05:00-07,-77.0477783,38.8994133
SkipDC-352897091310683,"",2019-01-28 06:05:13-07,SkipDC,electric-scooter,2019-01-28 06:05:00-07,-77.047735,38.899855
SkipDC-352897091306707,"",2019-01-28 06:05:13-07,SkipDC,electric-scooter,2019-01-28 06:05:00-07,-77.05073,38.89716
SkipDC-352897091280043,"",2019-01-28 06:05:13-07,SkipDC,electric-scooter,2019-01-28 06:05:00-07,-77.04872,38.8982617
SkipDC-352897091384761,"",2019-01-28 06:05:13-07,SkipDC,electric-scooter,2019-01-28 06:05:00-07,-77.0425938,38.8965829
SkipDC-352897091426901,"",2019-01-28 06:05:13-07,SkipDC,electric-scooter,2019-01-28 06:05:00-07,-77.0457562,38.9000934
SkipDC-352897091381460,"",2019-01-28 06:05:13-07,SkipDC,electric-scooter,2019-01-28 06:05:00-07,-77.0401833,38.8993267
SkipDC-352897091273246,"",2019-01-28 06:05:13-07,SkipDC,electric-scooter,2019-01-28 06:05:00-07,-77.0399483,38.9000067
SkipDC-352897091387988,"",2019-01-28 06:05:13-07,SkipDC,electric-scooter,2019-01-28 06:05:00-07,-77.0241017,38.9006833
SkipDC-352897090565709,"",2019-01-28 06:05:13-07,SkipDC,electric-scooter,2019-01-28 06:05:00-07,-77.0240333,38.9008517
SkipDC-352897091319809,"",2019-01-28 06:05:13-07,SkipDC,electric-scooter,2019-01-28 06:05:00-07,-77.0239384,38.9007284
JumpDC-bike_23676,JUMP DC-2711,2019-01-28 06:05:15-07,JumpDC,pedal-assist-bike,2019-01-28 06:05:00-07,-76.9472133333333,38.89739
JumpDC-bike_23480,JUMP DC-2615,2019-01-28 06:05:15-07,JumpDC,pedal-assist-bike,2019-01-28 06:05:00-07,-76.946625,38.898695
JumpDC-bike_23212,JUMP DC-2521,2019-01-28 06:05:15-07,JumpDC,pedal-assist-bike,2019-01-28 06:05:00-07,-76.946775,38.8976583333333
JumpDC-bike_23684,JUMP DC-2719,2019-01-28 06:05:15-07,JumpDC,pedal-assist-bike,2019-01-28 06:05:00-07,-76.9465966666667,38.89872
JumpDC-bike_18924,JUMP DC-0803,2019-01-28 06:05:15-07,JumpDC,pedal-assist-bike,2019-01-28 06:05:00-07,-76.9466566666667,38.898715
SkipDC-352897091401920,"",2019-01-28 06:05:13-07,SkipDC,electric-scooter,2019-01-28 06:05:00-07,-77.0651232,38.9033718
SkipDC-352897091427446,"",2019-01-28 06:05:13-07,SkipDC,electric-scooter,2019-01-28 06:05:00-07,-77.0660583,38.90443
SkipDC-352897091386725,"",2019-01-28 06:05:13-07,SkipDC,electric-scooter,2019-01-28 06:05:00-07,-77.0660733,38.9044383
JumpDC-bike_23617,JUMP DC-2652,2019-01-28 06:05:15-07,JumpDC,pedal-assist-bike,2019-01-28 06:05:00-07,-77.0701733333333,38.90437
JumpDC-bike_23677,JUMP DC-2712,2019-01-28 06:05:15-07,JumpDC,pedal-assist-bike,2019-01-28 06:05:00-07,-77.0590583333333,38.9012666666667
JumpDC-bike_23162,JUMP DC-2471,2019-01-28 06:05:15-07,JumpDC,pedal-assist-bike,2019-01-28 06:05:00-07,-77.06112,38.9026
SkipDC-352897091457187,"",2019-01-28 06:05:13-07,SkipDC,electric-scooter,2019-01-28 06:05:00-07,-77.0532996,38.9013239
SkipDC-352897091385149,"",2019-01-28 06:05:13-07,SkipDC,electric-scooter,2019-01-28 06:05:00-07,-77.0535849,38.9028349
SkipDC-352897091456841,"",2019-01-28 06:05:13-07,SkipDC,electric-scooter,2019-01-28 06:05:00-07,-77.0534517,38.9028383
SkipDC-352897091386865,"",2019-01-28 06:05:13-07,SkipDC,electric-scooter,2019-01-28 06:05:00-07,-77.05416,38.9010733
SkipDC-352897091285224,"",2019-01-28 06:05:13-07,SkipDC,electric-scooter,2019-01-28 06:05:00-07,-77.0540236,38.9015276
SkipDC-352897091387384,"",2019-01-28 06:05:13-07,SkipDC,electric-scooter,2019-01-28 06:05:00-07,-77.0500667,38.9052133
SkipDC-352897091391808,"",2019-01-28 06:05:13-07,SkipDC,electric-scooter,2019-01-28 06:05:00-07,-77.0449167,38.9022733
SkipDC-352897091325707,"",2019-01-28 06:05:13-07,SkipDC,electric-scooter,2019-01-28 06:05:00-07,-77.04439,38.9024483
SkipDC-352897091381361,"",2019-01-28 06:05:13-07,SkipDC,electric-scooter,2019-01-28 06:05:00-07,-77.0448283,38.902375
SkipDC-352897091391584,"",2019-01-28 06:05:13-07,SkipDC,electric-scooter,2019-01-28 06:05:00-07,-77.0433517,38.90246
SkipDC-352897091458722,"",2019-01-28 06:05:13-07,SkipDC,electric-scooter,2019-01-28 06:05:00-07,-77.0447672,38.9021338
SkipDC-352897091267628,"",2019-01-28 06:05:13-07,SkipDC,electric-scooter,2019-01-28 06:05:00-07,-77.0445578,38.9020077
SkipDC-352897091386220,"",2019-01-28 06:05:13-07,SkipDC,electric-scooter,2019-01-28 06:05:00-07,-77.0448533,38.902375
SkipDC-352897091456585,"",2019-01-28 06:05:13-07,SkipDC,electric-scooter,2019-01-28 06:05:00-07,-77.0449333,38.9035517
SkipDC-352897090506265,"",2019-01-28 06:05:13-07,SkipDC,electric-scooter,2019-01-28 06:05:00-07,-77.0229283,38.908115
SkipDC-352897091463102,"",2019-01-28 06:05:13-07,SkipDC,electric-scooter,2019-01-28 06:05:00-07,-77.0213933,38.9090583
SkipDC-352897091325145,"",2019-01-28 06:05:13-07,SkipDC,electric-scooter,2019-01-28 06:05:00-07,-77.0206941,38.9083306
JumpDC-bike_81150,JUMP DC-2501,2019-01-28 06:05:15-07,JumpDC,pedal-assist-bike,2019-01-28 06:05:00-07,-77.0187666666667,38.9057
SkipDC-352897091310824,"",2019-01-28 06:05:13-07,SkipDC,electric-scooter,2019-01-28 06:05:00-07,-77.0217974,38.9065648
JumpDC-bike_23633,JUMP DC-2668,2019-01-28 06:05:15-07,JumpDC,pedal-assist-bike,2019-01-28 06:05:00-07,-77.0175933333333,38.9095483333333
SkipDC-352897091272602,"",2019-01-28 06:05:13-07,SkipDC,electric-scooter,2019-01-28 06:05:00-07,-77.0078987,38.907137
JumpDC-bike_23165,JUMP DC-2474,2019-01-28 06:05:15-07,JumpDC,pedal-assist-bike,2019-01-28 06:05:00-07,-77.0003066666667,38.9076016666667
JumpDC-bike_23614,JUMP DC-2649,2019-01-28 06:05:15-07,JumpDC,pedal-assist-bike,2019-01-28 06:05:00-07,-76.9971883333333,38.908175
JumpDC-bike_23625,JUMP DC-2660,2019-01-28 06:05:15-07,JumpDC,pedal-assist-bike,2019-01-28 06:05:00-07,-76.99758,38.9080283333333
JumpDC-bike_23237,JUMP DC-2546,2019-01-28 06:05:15-07,JumpDC,pedal-assist-bike,2019-01-28 06:05:00-07,-76.9942533333333,38.90789
JumpDC-bike_18827,JUMP DC-0704,2019-01-28 06:05:15-07,JumpDC,pedal-assist-bike,2019-01-28 06:05:00-07,-76.9981916666667,38.9056183333333
JumpDC-bike_23202,JUMP DC-2511,2019-01-28 06:05:15-07,JumpDC,pedal-assist-bike,2019-01-28 06:05:00-07,-76.9971916666667,38.9081716666667
JumpDC-bike_16516,JUMP DC-0174,2019-01-28 06:05:15-07,JumpDC,pedal-assist-bike,2019-01-28 06:05:00-07,-76.98857,38.9073366666667
SkipDC-352897091382948,"",2019-01-28 06:05:13-07,SkipDC,electric-scooter,2019-01-28 06:05:00-07,-76.9841483,38.90838
JumpDC-bike_23466,JUMP DC-2601,2019-01-28 06:05:15-07,JumpDC,pedal-assist-bike,2019-01-28 06:05:00-07,-76.9752316666667,38.9055666666667
JumpDC-bike_16492,JUMP DC-0179,2019-01-28 06:05:15-07,JumpDC,pedal-assist-bike,2019-01-28 06:05:00-07,-76.95255,38.90592
JumpDC-bike_23660,JUMP DC-2695,2019-01-28 06:05:15-07,JumpDC,pedal-assist-bike,2019-01-28 06:05:00-07,-76.9336916666667,38.9082116666667
JumpDC-bike_23172,JUMP DC-2481,2019-01-28 06:05:15-07,JumpDC,pedal-assist-bike,2019-01-28 06:05:00-07,-76.9344666666667,38.90843
SkipDC-352897090502603,"",2019-01-28 06:05:13-07,SkipDC,electric-scooter,2019-01-28 06:05:00-07,-77.0727871,38.9131832
SkipDC-352897091430143,"",2019-01-28 06:05:13-07,SkipDC,electric-scooter,2019-01-28 06:05:00-07,-77.0490883,38.9105133
SkipDC-352897091432701,"",2019-01-28 06:05:13-07,SkipDC,electric-scooter,2019-01-28 06:05:00-07,-77.0468094,38.9106266
SkipDC-352897091279920,"",2019-01-28 06:05:13-07,SkipDC,electric-scooter,2019-01-28 06:05:00-07,-77.0466619,38.9104846
SkipDC-352897091310568,"",2019-01-28 06:05:13-07,SkipDC,electric-scooter,2019-01-28 06:05:00-07,-77.0411967,38.9103433
JumpDC-bike_23449,JUMP DC-2584,2019-01-28 06:05:15-07,JumpDC,pedal-assist-bike,2019-01-28 06:05:00-07,-77.044705,38.91087
JumpDC-bike_18862,JUMP DC-0821,2019-01-28 06:05:15-07,JumpDC,pedal-assist-bike,2019-01-28 06:05:00-07,-77.0444933333333,38.9109016666667
JumpDC-bike_18898,JUMP DC-0777 ,2019-01-28 06:05:15-07,JumpDC,pedal-assist-bike,2019-01-28 06:05:00-07,-77.0364083333333,38.9176433333333
JumpDC-bike_23452,JUMP DC-2587,2019-01-28 06:05:15-07,JumpDC,pedal-assist-bike,2019-01-28 06:05:00-07,-77.0410266666667,38.9178816666667
JumpDC-bike_18896,JUMP DC-0775,2019-01-28 06:05:15-07,JumpDC,pedal-assist-bike,2019-01-28 06:05:00-07,-77.0346766666667,38.9148516666667
JumpDC-bike_23150,JUMP DC-2459,2019-01-28 06:05:15-07,JumpDC,pedal-assist-bike,2019-01-28 06:05:00-07,-77.029485,38.9168383333333
SkipDC-352897091458821,"",2019-01-28 06:05:13-07,SkipDC,electric-scooter,2019-01-28 06:05:00-07,-77.0306783,38.9155183
SkipDC-352897091334964,"",2019-01-28 06:05:13-07,SkipDC,electric-scooter,2019-01-28 06:05:00-07,-77.033735,38.9163633
SkipDC-352897091327083,"",2019-01-28 06:05:13-07,SkipDC,electric-scooter,2019-01-28 06:05:00-07,-77.0343567,38.9180633
JumpDC-bike_23638,JUMP DC-2673,2019-01-28 06:05:15-07,JumpDC,pedal-assist-bike,2019-01-28 06:05:00-07,-77.0289716666667,38.916905
SkipDC-352897091428980,"",2019-01-28 06:05:13-07,SkipDC,electric-scooter,2019-01-28 06:05:00-07,-77.0252426,38.9172543
SkipDC-352897091272628,"",2019-01-28 06:05:13-07,SkipDC,electric-scooter,2019-01-28 06:05:00-07,-77.0247167,38.91867
JumpDC-bike_18831,JUMP DC-0708,2019-01-28 06:05:15-07,JumpDC,pedal-assist-bike,2019-01-28 06:05:00-07,-77.0274316666667,38.916915
JumpDC-bike_16634,JUMP DC-0226,2019-01-28 06:05:15-07,JumpDC,pedal-assist-bike,2019-01-28 06:05:00-07,-77.0274583333333,38.9170516666667
JumpDC-bike_23433,JUMP DC-2568,2019-01-28 06:05:15-07,JumpDC,pedal-assist-bike,2019-01-28 06:05:00-07,-77.0271466666667,38.9168083333333
SkipDC-352897090517403,"",2019-01-28 06:05:13-07,SkipDC,electric-scooter,2019-01-28 06:05:00-07,-77.0228683,38.9144267
SkipDC-352897091428204,"",2019-01-28 06:05:13-07,SkipDC,electric-scooter,2019-01-28 06:05:00-07,-77.0231733,38.91817
JumpDC-bike_23179,JUMP DC-2488,2019-01-28 06:05:15-07,JumpDC,pedal-assist-bike,2019-01-28 06:05:00-07,-77.019815,38.9151983333333
JumpDC-bike_23711,JUMP DC-2746,2019-01-28 06:05:15-07,JumpDC,pedal-assist-bike,2019-01-28 06:05:00-07,-77.0033133333333,38.9156033333333
JumpDC-bike_23431,JUMP DC-2566,2019-01-28 06:05:15-07,JumpDC,pedal-assist-bike,2019-01-28 06:05:00-07,-76.98331,38.9148166666667
JumpDC-bike_23424,JUMP DC-2559,2019-01-28 06:05:15-07,JumpDC,pedal-assist-bike,2019-01-28 06:05:00-07,-76.9713683333333,38.9188883333333
SkipDC-352897091385206,"",2019-01-28 06:05:13-07,SkipDC,electric-scooter,2019-01-28 06:05:00-07,-77.0793117,38.9196967
SkipDC-352897091272586,"",2019-01-28 06:05:13-07,SkipDC,electric-scooter,2019-01-28 06:05:00-07,-77.072995,38.92248
JumpDC-bike_23228,JUMP DC-2537,2019-01-28 06:05:15-07,JumpDC,pedal-assist-bike,2019-01-28 06:05:00-07,-77.07565,38.9226
SkipDC-352897090517486,"",2019-01-28 06:05:13-07,SkipDC,electric-scooter,2019-01-28 06:05:00-07,-77.0819653,38.9334151
SkipDC-352897091430283,"",2019-01-28 06:05:13-07,SkipDC,electric-scooter,2019-01-28 06:05:00-07,-77.0726767,38.9324417
SkipDC-352897091434269,"",2019-01-28 06:05:13-07,SkipDC,electric-scooter,2019-01-28 06:05:00-07,-77.0727061,38.9325354
SkipDC-352897090547368,"",2019-01-28 06:05:13-07,SkipDC,electric-scooter,2019-01-28 06:05:00-07,-77.0684986,38.9325559
JumpDC-bike_23488,JUMP DC-2623,2019-01-28 06:05:15-07,JumpDC,pedal-assist-bike,2019-01-28 06:05:00-07,-77.0574083333333,38.934005
JumpDC-bike_23453,JUMP DC-2588  ,2019-01-28 06:05:15-07,JumpDC,pedal-assist-bike,2019-01-28 06:05:00-07,-77.0585883333333,38.93603
JumpDC-bike_23217,JUMP DC-2526,2019-01-28 06:05:15-07,JumpDC,pedal-assist-bike,2019-01-28 06:05:00-07,-77.0585916666667,38.9361016666667
JumpDC-bike_23695,JUMP DC-2730,2019-01-28 06:05:15-07,JumpDC,pedal-assist-bike,2019-01-28 06:05:00-07,-77.0441566666667,38.93317
SkipDC-352897090571723,"",2019-01-28 06:05:13-07,SkipDC,electric-scooter,2019-01-28 06:05:00-07,-77.0364765,38.9366586
SkipDC-352897091451487,"",2019-01-28 06:05:13-07,SkipDC,electric-scooter,2019-01-28 06:05:00-07,-77.034768,38.9344697
SkipDC-352897091297385,"",2019-01-28 06:05:13-07,SkipDC,electric-scooter,2019-01-28 06:05:00-07,-77.0321502,38.933106
JumpDC-bike_18877,JUMP DC-0836,2019-01-28 06:05:15-07,JumpDC,pedal-assist-bike,2019-01-28 06:05:00-07,-77.03262,38.9331783333333
JumpDC-bike_18909,JUMP DC-0788,2019-01-28 06:05:15-07,JumpDC,pedal-assist-bike,2019-01-28 06:05:00-07,-77.0328383333333,38.93271
SkipDC-352897091456429,"",2019-01-28 06:05:13-07,SkipDC,electric-scooter,2019-01-28 06:05:00-07,-77.0204882,38.9328884
JumpDC-bike_23674,JUMP DC-2709,2019-01-28 06:05:15-07,JumpDC,pedal-assist-bike,2019-01-28 06:05:00-07,-76.98287,38.9349616666667
SkipDC-352897091273584,"",2019-01-28 06:05:13-07,SkipDC,electric-scooter,2019-01-28 06:05:00-07,-77.0881317,38.9382067
SkipDC-352897091457369,"",2019-01-28 06:05:13-07,SkipDC,electric-scooter,2019-01-28 06:05:00-07,-77.0325182,38.9378174
SkipDC-352897091326606,"",2019-01-28 06:05:13-07,SkipDC,electric-scooter,2019-01-28 06:05:00-07,-77.025265,38.93733
SkipDC-352897091380140,"",2019-01-28 06:05:13-07,SkipDC,electric-scooter,2019-01-28 06:05:00-07,-77.024673,38.938429
SkipDC-352897091456189,"",2019-01-28 06:05:13-07,SkipDC,electric-scooter,2019-01-28 06:05:00-07,-77.0246834,38.9386695
SkipDC-352897091386105,"",2019-01-28 06:05:13-07,SkipDC,electric-scooter,2019-01-28 06:05:00-07,-77.0185783,38.9389233
JumpDC-bike_23229,JUMP DC-2538,2019-01-28 06:05:15-07,JumpDC,pedal-assist-bike,2019-01-28 06:05:00-07,-77.0167883333333,38.9441833333333
JumpDC-bike_23496,JUMP DC-2631,2019-01-28 06:05:15-07,JumpDC,pedal-assist-bike,2019-01-28 06:05:00-07,-77.088575,38.9502783333333
JumpDC-bike_23672,JUMP DC-2707,2019-01-28 06:20:15-07,JumpDC,pedal-assist-bike,2019-01-28 06:20:00-07,-77.0044783333333,38.8767816666667
JumpDC-bike_18906,JUMP DC-0785,2019-01-28 06:20:15-07,JumpDC,pedal-assist-bike,2019-01-28 06:20:00-07,-77.0044833333333,38.8767333333333
SkipDC-352897091328040,"",2019-01-28 06:20:14-07,SkipDC,electric-scooter,2019-01-28 06:20:00-07,-76.9909083,38.8782617
JumpDC-bike_23648,JUMP DC-2683,2019-01-28 06:20:15-07,JumpDC,pedal-assist-bike,2019-01-28 06:20:00-07,-77.0040716666667,38.8804716666667
SkipDC-352897091294986,"",2019-01-28 06:20:14-07,SkipDC,electric-scooter,2019-01-28 06:20:00-07,-77.0120317,38.8875083
JumpDC-bike_18851,JUMP DC-0696 (Dummy Controller),2019-01-28 06:20:15-07,JumpDC,pedal-assist-bike,2019-01-28 06:20:00-07,-76.9854516666667,38.8908333333333
SkipDC-352897091438161,"",2019-01-28 06:20:14-07,SkipDC,electric-scooter,2019-01-28 06:20:00-07,-77.048945,38.896225
SkipDC-352897091431323,"",2019-01-28 06:20:14-07,SkipDC,electric-scooter,2019-01-28 06:20:00-07,-77.0397633,38.8934517
SkipDC-352897091462807,"",2019-01-28 06:20:14-07,SkipDC,electric-scooter,2019-01-28 06:20:00-07,-77.0336468,38.8953235
SkipDC-352897091381007,"",2019-01-28 06:20:14-07,SkipDC,electric-scooter,2019-01-28 06:20:00-07,-77.0275783,38.8935617
SkipDC-352897091381460,"",2019-01-28 06:20:14-07,SkipDC,electric-scooter,2019-01-28 06:20:00-07,-77.0401833,38.8993267
SkipDC-352897091273246,"",2019-01-28 06:20:14-07,SkipDC,electric-scooter,2019-01-28 06:20:00-07,-77.0398783,38.9001
SkipDC-352897090565709,"",2019-01-28 06:20:14-07,SkipDC,electric-scooter,2019-01-28 06:20:00-07,-77.0240333,38.9008517
SkipDC-352897091319809,"",2019-01-28 06:20:14-07,SkipDC,electric-scooter,2019-01-28 06:20:00-07,-77.0240533,38.9008867
SkipDC-352897091339500,"",2019-01-28 06:20:14-07,SkipDC,electric-scooter,2019-01-28 06:20:00-07,-77.0237551,38.9008779
SkipDC-352897091462781,"",2019-01-28 06:20:14-07,SkipDC,electric-scooter,2019-01-28 06:20:00-07,-77.0207409,38.8998438
SkipDC-352897090465603,"",2019-01-28 06:20:14-07,SkipDC,electric-scooter,2019-01-28 06:20:00-07,-77.0181717,38.9007867
SkipDC-352897091338460,"",2019-01-28 06:20:14-07,SkipDC,electric-scooter,2019-01-28 06:20:00-07,-77.012095,38.9003367
SkipDC-352897091339047,"",2019-01-28 06:20:14-07,SkipDC,electric-scooter,2019-01-28 06:20:00-07,-77.0120433,38.900365
SkipDC-352897091279300,"",2019-01-28 06:20:14-07,SkipDC,electric-scooter,2019-01-28 06:20:00-07,-77.0076416,38.8984178
SkipDC-352897090523666,"",2019-01-28 06:20:14-07,SkipDC,electric-scooter,2019-01-28 06:20:00-07,-77.0073083,38.8985
JumpDC-bike_23185,JUMP DC-2494,2019-01-28 06:20:15-07,JumpDC,pedal-assist-bike,2019-01-28 06:20:00-07,-77.010205,38.89747
SkipDC-352897090561740,"",2019-01-28 06:20:14-07,SkipDC,electric-scooter,2019-01-28 06:20:00-07,-77.0068117,38.8970067
SkipDC-352897091427040,"",2019-01-28 06:20:14-07,SkipDC,electric-scooter,2019-01-28 06:20:00-07,-77.0074217,38.89839
SkipDC-352897091296544,"",2019-01-28 06:20:14-07,SkipDC,electric-scooter,2019-01-28 06:20:00-07,-77.0074267,38.8984517
JumpDC-bike_23230,JUMP DC-2539 ,2019-01-28 06:20:15-07,JumpDC,pedal-assist-bike,2019-01-28 06:20:00-07,-77.0006883333333,38.9005
JumpDC-bike_23461,JUMP DC-2596,2019-01-28 06:20:15-07,JumpDC,pedal-assist-bike,2019-01-28 06:20:00-07,-77.003405,38.8967983333333
SkipDC-352897091384381,"",2019-01-28 06:20:14-07,SkipDC,electric-scooter,2019-01-28 06:20:00-07,-77.0033283,38.8974217
JumpDC-bike_18855,JUMP DC-0691,2019-01-28 06:20:15-07,JumpDC,pedal-assist-bike,2019-01-28 06:20:00-07,-76.9948116666667,38.90057
JumpDC-bike_16495,JUMP DC-0182,2019-01-28 06:20:15-07,JumpDC,pedal-assist-bike,2019-01-28 06:20:00-07,-76.9948483333333,38.9003683333333
SkipDC-352897091462666,"",2019-01-28 06:20:14-07,SkipDC,electric-scooter,2019-01-28 06:20:00-07,-77.0105365,38.9027406
SkipDC-352897091382740,"",2019-01-28 06:20:14-07,SkipDC,electric-scooter,2019-01-28 06:20:00-07,-77.0074217,38.9047517
SkipDC-352897091456700,"",2019-01-28 06:20:14-07,SkipDC,electric-scooter,2019-01-28 06:20:00-07,-77.00754,38.9048667
SkipDC-352897091456387,"",2019-01-28 06:20:14-07,SkipDC,electric-scooter,2019-01-28 06:20:00-07,-77.0072733,38.9047767
SkipDC-352897091380967,"",2019-01-28 06:20:14-07,SkipDC,electric-scooter,2019-01-28 06:20:00-07,-77.0009667,38.9014833
SkipDC-352897091387806,"",2019-01-28 06:20:14-07,SkipDC,electric-scooter,2019-01-28 06:20:00-07,-77.0005446,38.903073
SkipDC-352897091456809,"",2019-01-28 06:20:14-07,SkipDC,electric-scooter,2019-01-28 06:20:00-07,-77.0008,38.9036767
JumpDC-bike_23665,JUMP DC-2700,2019-01-28 06:20:15-07,JumpDC,pedal-assist-bike,2019-01-28 06:20:00-07,-76.997775,38.90367
JumpDC-bike_23188,JUMP DC-2497,2019-01-28 06:20:15-07,JumpDC,pedal-assist-bike,2019-01-28 06:20:00-07,-76.990075,38.90312
JumpDC-bike_23234,JUMP DC-2543,2019-01-28 06:20:15-07,JumpDC,pedal-assist-bike,2019-01-28 06:20:00-07,-76.9855233333333,38.9019633333333
JumpDC-bike_23616,JUMP DC-2651,2019-01-28 06:20:15-07,JumpDC,pedal-assist-bike,2019-01-28 06:20:00-07,-77.08595,38.90887
JumpDC-bike_23678,JUMP DC-2713,2019-01-28 06:20:15-07,JumpDC,pedal-assist-bike,2019-01-28 06:20:00-07,-77.0855583333333,38.9087366666667
SkipDC-352897091382161,"",2019-01-28 06:20:14-07,SkipDC,electric-scooter,2019-01-28 06:20:00-07,-77.0593583,38.905845
JumpDC-bike_23508,JUMP DC-2643,2019-01-28 06:20:15-07,JumpDC,pedal-assist-bike,2019-01-28 06:20:00-07,-77.0626966666667,38.9058516666667
SkipDC-352897091428360,"",2019-01-28 06:20:14-07,SkipDC,electric-scooter,2019-01-28 06:20:00-07,-77.0533533,38.9064917
JumpDC-bike_23657,JUMP DC-2692,2019-01-28 06:20:15-07,JumpDC,pedal-assist-bike,2019-01-28 06:20:00-07,-77.04874,38.9097116666667
SkipDC-352897091387384,"",2019-01-28 06:20:14-07,SkipDC,electric-scooter,2019-01-28 06:20:00-07,-77.0502017,38.9054717
SkipDC-352897091272941,"",2019-01-28 06:20:14-07,SkipDC,electric-scooter,2019-01-28 06:20:00-07,-77.0482407,38.9075853
SkipDC-352897090507545,"",2019-01-28 06:20:14-07,SkipDC,electric-scooter,2019-01-28 06:20:00-07,-77.0424483,38.9080883
SkipDC-352897091427503,"",2019-01-28 06:20:14-07,SkipDC,electric-scooter,2019-01-28 06:20:00-07,-77.0451939,38.9072225
SkipDC-352897091267768,"",2019-01-28 06:20:14-07,SkipDC,electric-scooter,2019-01-28 06:20:00-07,-77.0467517,38.9095717
SkipDC-352897091426984,"",2019-01-28 06:20:14-07,SkipDC,electric-scooter,2019-01-28 06:20:00-07,-77.0385447,38.9068877
JumpDC-bike_23713,JUMP DC-2748,2019-01-28 06:20:15-07,JumpDC,pedal-assist-bike,2019-01-28 06:20:00-07,-77.04043,38.9056016666667
SkipDC-352897091270788,"",2019-01-28 06:20:14-07,SkipDC,electric-scooter,2019-01-28 06:20:00-07,-77.0298933,38.9055683
SkipDC-352897091429285,"",2019-01-28 06:20:14-07,SkipDC,electric-scooter,2019-01-28 06:20:00-07,-77.031785,38.90958
SkipDC-352897091279920,"",2019-01-28 06:20:14-07,SkipDC,electric-scooter,2019-01-28 06:20:00-07,-77.046644,38.9104338
SkipDC-352897090558449,"",2019-01-28 06:20:14-07,SkipDC,electric-scooter,2019-01-28 06:20:00-07,-77.0412217,38.910285
JumpDC-bike_23449,JUMP DC-2584,2019-01-28 06:20:15-07,JumpDC,pedal-assist-bike,2019-01-28 06:20:00-07,-77.044705,38.91087
SkipDC-352897091273089,"",2019-01-28 06:20:14-07,SkipDC,electric-scooter,2019-01-28 06:20:00-07,-77.0408817,38.9105333
SkipDC-352897091429723,"",2019-01-28 06:20:14-07,SkipDC,electric-scooter,2019-01-28 06:20:00-07,-77.0367583,38.9106717
SkipDC-352897091381247,"",2019-01-28 06:20:14-07,SkipDC,electric-scooter,2019-01-28 06:20:00-07,-77.038035,38.9112083
JumpDC-bike_23479,JUMP DC-2614,2019-01-28 06:20:15-07,JumpDC,pedal-assist-bike,2019-01-28 06:20:00-07,-77.03636,38.9131033333333
SkipDC-352897091382500,"",2019-01-28 06:20:14-07,SkipDC,electric-scooter,2019-01-28 06:20:00-07,-77.0321167,38.9125183
SkipDC-352897091456866,"",2019-01-28 06:20:14-07,SkipDC,electric-scooter,2019-01-28 06:20:00-07,-77.0313644,38.9132791
SkipDC-352897091437965,"",2019-01-28 06:20:14-07,SkipDC,electric-scooter,2019-01-28 06:20:00-07,-77.021722,38.9115696
SkipDC-352897091273261,"",2019-01-28 06:20:14-07,SkipDC,electric-scooter,2019-01-28 06:20:00-07,-77.0184829,38.9112047
JumpDC-bike_23235,JUMP DC-2544,2019-01-28 06:20:15-07,JumpDC,pedal-assist-bike,2019-01-28 06:20:00-07,-77.016275,38.91182
SkipDC-352897091433006,"",2019-01-28 06:20:14-07,SkipDC,electric-scooter,2019-01-28 06:20:00-07,-77.0058133,38.911825
SkipDC-352897091429129,"",2019-01-28 06:20:14-07,SkipDC,electric-scooter,2019-01-28 06:20:00-07,-77.0021824,38.9127502
JumpDC-bike_23130,JUMP DC-0820,2019-01-28 06:20:15-07,JumpDC,pedal-assist-bike,2019-01-28 06:20:00-07,-76.989205,38.9108166666667
JumpDC-bike_23445,JUMP DC-2580,2019-01-28 06:20:15-07,JumpDC,pedal-assist-bike,2019-01-28 06:20:00-07,-76.9843833333333,38.9124233333333
JumpDC-bike_23680,JUMP DC-2715,2019-01-28 06:20:15-07,JumpDC,pedal-assist-bike,2019-01-28 06:20:00-07,-77.0692816666667,38.9157333333333
SkipDC-352897091429103,"",2019-01-28 06:20:14-07,SkipDC,electric-scooter,2019-01-28 06:20:00-07,-77.0527217,38.9147433
SkipDC-352897091279524,"",2019-01-28 06:20:14-07,SkipDC,electric-scooter,2019-01-28 06:20:00-07,-77.0476133,38.91485
JumpDC-bike_23420,JUMP DC-2555,2019-01-28 06:20:15-07,JumpDC,pedal-assist-bike,2019-01-28 06:20:00-07,-77.0423066666667,38.9178216666667
JumpDC-bike_23682,JUMP DC-2717,2019-01-28 06:20:15-07,JumpDC,pedal-assist-bike,2019-01-28 06:20:00-07,-77.0441783333333,38.917615
SkipDC-352897091434186,"",2019-01-28 06:20:14-07,SkipDC,electric-scooter,2019-01-28 06:20:00-07,-77.0473817,38.919915
SkipDC-352897091452865,"",2019-01-28 06:20:14-07,SkipDC,electric-scooter,2019-01-28 06:20:00-07,-77.04683,38.92136
JumpDC-bike_18849,JUMP DC-0694,2019-01-28 06:20:15-07,JumpDC,pedal-assist-bike,2019-01-28 06:20:00-07,-77.041845,38.9201233333333
JumpDC-bike_23649,JUMP DC-2684,2019-01-28 06:20:15-07,JumpDC,pedal-assist-bike,2019-01-28 06:20:00-07,-77.0416516666667,38.919835
JumpDC-bike_23156,JUMP DC-2465,2019-01-28 06:20:15-07,JumpDC,pedal-assist-bike,2019-01-28 06:20:00-07,-77.0375916666667,38.92208
SkipDC-352897091432164,"",2019-01-28 06:20:14-07,SkipDC,electric-scooter,2019-01-28 06:20:00-07,-77.03707,38.92132
JumpDC-bike_23215,JUMP DC-2524,2019-01-28 06:20:15-07,JumpDC,pedal-assist-bike,2019-01-28 06:20:00-07,-77.0216816666667,38.9200116666667
JumpDC-bike_18836,JUMP DC-0713,2019-01-28 06:20:15-07,JumpDC,pedal-assist-bike,2019-01-28 06:20:00-07,-76.9919283333333,38.91931
JumpDC-bike_23231,JUMP DC-2540,2019-01-28 06:20:15-07,JumpDC,pedal-assist-bike,2019-01-28 06:20:00-07,-76.965,38.9202666666667
JumpDC-bike_18853,JUMP DC-0695,2019-01-28 06:20:15-07,JumpDC,pedal-assist-bike,2019-01-28 06:20:00-07,-76.9605833333333,38.9229033333333
SkipDC-352897091328982,"",2019-01-28 06:20:14-07,SkipDC,electric-scooter,2019-01-28 06:20:00-07,-77.0666433,38.9261267
JumpDC-bike_18916,JUMP DC-0795,2019-01-28 06:20:15-07,JumpDC,pedal-assist-bike,2019-01-28 06:20:00-07,-77.053255,38.9265383333333
SkipDC-352897091387889,"",2019-01-28 06:20:14-07,SkipDC,electric-scooter,2019-01-28 06:20:00-07,-77.0515805,38.9237527
SkipDC-352897090457824,"",2019-01-28 06:20:14-07,SkipDC,electric-scooter,2019-01-28 06:20:00-07,-77.0317067,38.9241933
SkipDC-352897091428089,"",2019-01-28 06:20:14-07,SkipDC,electric-scooter,2019-01-28 06:20:00-07,-77.0302683,38.9238167
JumpDC-bike_23153,JUMP DC-2462,2019-01-28 06:20:15-07,JumpDC,pedal-assist-bike,2019-01-28 06:20:00-07,-77.03286,38.9275633333333
SkipDC-352897091456429,"",2019-01-28 06:20:14-07,SkipDC,electric-scooter,2019-01-28 06:20:00-07,-77.0205481,38.9329464
JumpDC-bike_23674,JUMP DC-2709,2019-01-28 06:20:15-07,JumpDC,pedal-assist-bike,2019-01-28 06:20:00-07,-76.98287,38.9349616666667
SkipDC-352897091273584,"",2019-01-28 06:20:14-07,SkipDC,electric-scooter,2019-01-28 06:20:00-07,-77.0881317,38.9382067
SkipDC-352897091457369,"",2019-01-28 06:20:14-07,SkipDC,electric-scooter,2019-01-28 06:20:00-07,-77.0325182,38.9378174
SkipDC-352897091326606,"",2019-01-28 06:20:14-07,SkipDC,electric-scooter,2019-01-28 06:20:00-07,-77.025265,38.93733
SkipDC-352897091380140,"",2019-01-28 06:20:14-07,SkipDC,electric-scooter,2019-01-28 06:20:00-07,-77.0246585,38.9384339
SkipDC-352897091456189,"",2019-01-28 06:20:14-07,SkipDC,electric-scooter,2019-01-28 06:20:00-07,-77.0246563,38.9386603
SkipDC-352897091386105,"",2019-01-28 06:20:14-07,SkipDC,electric-scooter,2019-01-28 06:20:00-07,-77.0186467,38.938945
JumpDC-bike_23229,JUMP DC-2538,2019-01-28 06:20:15-07,JumpDC,pedal-assist-bike,2019-01-28 06:20:00-07,-77.0167883333333,38.9441833333333
JumpDC-bike_23496,JUMP DC-2631,2019-01-28 06:20:15-07,JumpDC,pedal-assist-bike,2019-01-28 06:20:00-07,-77.088575,38.9502783333333
JumpDC-bike_23651,JUMP DC-2686,2019-01-28 06:20:15-07,JumpDC,pedal-assist-bike,2019-01-28 06:20:00-07,-77.0797216666667,38.9482983333333
JumpDC-bike_16615,JUMP DC-0250,2019-01-28 06:20:15-07,JumpDC,pedal-assist-bike,2019-01-28 06:20:00-07,-76.9830783333333,38.9469116666667
JumpDC-bike_18870,JUMP DC-0829,2019-01-28 06:20:15-07,JumpDC,pedal-assist-bike,2019-01-28 06:20:00-07,-77.080095,38.95068
JumpDC-bike_23648,JUMP DC-2683,2019-01-28 06:34:15-07,JumpDC,pedal-assist-bike,2019-01-28 06:35:00-07,-77.0040716666667,38.8804716666667
SkipDC-352897091273428,"",2019-01-28 06:34:43-07,SkipDC,electric-scooter,2019-01-28 06:35:00-07,-77.0294483,38.884545
SkipDC-352897091462906,"",2019-01-28 06:34:43-07,SkipDC,electric-scooter,2019-01-28 06:35:00-07,-77.0235304,38.8844632
SkipDC-352897091328800,"",2019-01-28 06:34:43-07,SkipDC,electric-scooter,2019-01-28 06:35:00-07,-77.0235167,38.8843917
SkipDC-352897091279342,"",2019-01-28 06:34:43-07,SkipDC,electric-scooter,2019-01-28 06:35:00-07,-77.0234133,38.8846233
SkipDC-352897091311681,"",2019-01-28 06:34:43-07,SkipDC,electric-scooter,2019-01-28 06:35:00-07,-77.0200692,38.8858982
SkipDC-352897091387624,"",2019-01-28 06:34:43-07,SkipDC,electric-scooter,2019-01-28 06:35:00-07,-77.0186477,38.886067
JumpDC-bike_23178,JUMP DC-2487,2019-01-28 06:34:15-07,JumpDC,pedal-assist-bike,2019-01-28 06:35:00-07,-77.0154216666667,38.8857233333333
SkipDC-352897091385941,"",2019-01-28 06:34:43-07,SkipDC,electric-scooter,2019-01-28 06:35:00-07,-77.0481717,38.8973067
SkipDC-352897091293608,"",2019-01-28 06:34:43-07,SkipDC,electric-scooter,2019-01-28 06:35:00-07,-77.0479956,38.8996286
SkipDC-352897091384464,"",2019-01-28 06:34:43-07,SkipDC,electric-scooter,2019-01-28 06:35:00-07,-77.0476783,38.89956
SkipDC-352897091310683,"",2019-01-28 06:34:43-07,SkipDC,electric-scooter,2019-01-28 06:35:00-07,-77.0477083,38.8999433
SkipDC-352897091306707,"",2019-01-28 06:34:43-07,SkipDC,electric-scooter,2019-01-28 06:35:00-07,-77.050615,38.8971733
SkipDC-352897091280043,"",2019-01-28 06:34:43-07,SkipDC,electric-scooter,2019-01-28 06:35:00-07,-77.04872,38.8982617
SkipDC-352897091426901,"",2019-01-28 06:34:43-07,SkipDC,electric-scooter,2019-01-28 06:35:00-07,-77.0457431,38.9000864
SkipDC-352897091384761,"",2019-01-28 06:34:43-07,SkipDC,electric-scooter,2019-01-28 06:35:00-07,-77.0425938,38.8965829
SkipDC-352897091381460,"",2019-01-28 06:34:43-07,SkipDC,electric-scooter,2019-01-28 06:35:00-07,-77.0393553,38.8994294
SkipDC-352897091273246,"",2019-01-28 06:34:43-07,SkipDC,electric-scooter,2019-01-28 06:35:00-07,-77.03988,38.9001117
SkipDC-352897091387988,"",2019-01-28 06:34:43-07,SkipDC,electric-scooter,2019-01-28 06:35:00-07,-77.0241133,38.9007733
SkipDC-352897090565709,"",2019-01-28 06:34:43-07,SkipDC,electric-scooter,2019-01-28 06:35:00-07,-77.0240333,38.9008517
SkipDC-352897091319809,"",2019-01-28 06:34:43-07,SkipDC,electric-scooter,2019-01-28 06:35:00-07,-77.0240533,38.9008867
SkipDC-352897091339500,"",2019-01-28 06:34:43-07,SkipDC,electric-scooter,2019-01-28 06:35:00-07,-77.0238023,38.9006413
SkipDC-352897091462781,"",2019-01-28 06:34:43-07,SkipDC,electric-scooter,2019-01-28 06:35:00-07,-77.020648,38.8998263
SkipDC-352897090465603,"",2019-01-28 06:34:43-07,SkipDC,electric-scooter,2019-01-28 06:35:00-07,-77.0181717,38.9007867
JumpDC-bike_23617,JUMP DC-2652,2019-01-28 06:34:15-07,JumpDC,pedal-assist-bike,2019-01-28 06:35:00-07,-77.0701733333333,38.90437
SkipDC-352897091401920,"",2019-01-28 06:34:43-07,SkipDC,electric-scooter,2019-01-28 06:35:00-07,-77.065075,38.9032167
SkipDC-352897091285224,"",2019-01-28 06:34:43-07,SkipDC,electric-scooter,2019-01-28 06:35:00-07,-77.054025,38.9015267
SkipDC-352897091386865,"",2019-01-28 06:34:43-07,SkipDC,electric-scooter,2019-01-28 06:35:00-07,-77.0538962,38.9013644
SkipDC-352897091457187,"",2019-01-28 06:34:43-07,SkipDC,electric-scooter,2019-01-28 06:35:00-07,-77.053293,38.9013106
SkipDC-352897091456841,"",2019-01-28 06:34:43-07,SkipDC,electric-scooter,2019-01-28 06:35:00-07,-77.05345,38.9027333
SkipDC-352897091385149,"",2019-01-28 06:34:43-07,SkipDC,electric-scooter,2019-01-28 06:35:00-07,-77.0536317,38.9028317
SkipDC-352897091387384,"",2019-01-28 06:34:43-07,SkipDC,electric-scooter,2019-01-28 06:35:00-07,-77.0502067,38.905305
SkipDC-352897091458722,"",2019-01-28 06:34:43-07,SkipDC,electric-scooter,2019-01-28 06:35:00-07,-77.0449733,38.9022617
SkipDC-352897091391808,"",2019-01-28 06:34:43-07,SkipDC,electric-scooter,2019-01-28 06:35:00-07,-77.0449167,38.9022733
SkipDC-352897091386220,"",2019-01-28 06:34:43-07,SkipDC,electric-scooter,2019-01-28 06:35:00-07,-77.0448667,38.902285
SkipDC-352897091267628,"",2019-01-28 06:34:43-07,SkipDC,electric-scooter,2019-01-28 06:35:00-07,-77.044965,38.90252
SkipDC-352897091327604,"",2019-01-28 06:34:43-07,SkipDC,electric-scooter,2019-01-28 06:35:00-07,-77.0449567,38.902335
SkipDC-352897091272404,"",2019-01-28 06:34:43-07,SkipDC,electric-scooter,2019-01-28 06:35:00-07,-77.0447249,38.9023102
SkipDC-352897091456585,"",2019-01-28 06:34:43-07,SkipDC,electric-scooter,2019-01-28 06:35:00-07,-77.0447337,38.9036192
SkipDC-352897091279607,"",2019-01-28 06:34:43-07,SkipDC,electric-scooter,2019-01-28 06:35:00-07,-77.044615,38.9012317
SkipDC-352897091431026,"",2019-01-28 06:34:43-07,SkipDC,electric-scooter,2019-01-28 06:35:00-07,-77.0449617,38.9023133
SkipDC-352897091381361,"",2019-01-28 06:34:43-07,SkipDC,electric-scooter,2019-01-28 06:35:00-07,-77.04494,38.9023517
SkipDC-352897091456023,"",2019-01-28 06:34:43-07,SkipDC,electric-scooter,2019-01-28 06:35:00-07,-77.0442187,38.9023465
SkipDC-352897091325707,"",2019-01-28 06:34:43-07,SkipDC,electric-scooter,2019-01-28 06:35:00-07,-77.0442928,38.902422
SkipDC-352897091391584,"",2019-01-28 06:34:43-07,SkipDC,electric-scooter,2019-01-28 06:35:00-07,-77.0432583,38.9027133
SkipDC-352897091338288,"",2019-01-28 06:34:43-07,SkipDC,electric-scooter,2019-01-28 06:35:00-07,-77.0338083,38.9023217
SkipDC-352897091279508,"",2019-01-28 06:34:43-07,SkipDC,electric-scooter,2019-01-28 06:35:00-07,-77.0322017,38.9032633
SkipDC-352897091275688,"",2019-01-28 06:34:43-07,SkipDC,electric-scooter,2019-01-28 06:35:00-07,-77.0321683,38.9032267
SkipDC-352897090502603,"",2019-01-28 06:34:43-07,SkipDC,electric-scooter,2019-01-28 06:35:00-07,-77.0727728,38.9130028
SkipDC-352897091430143,"",2019-01-28 06:34:43-07,SkipDC,electric-scooter,2019-01-28 06:35:00-07,-77.0490383,38.9105283
SkipDC-352897091279920,"",2019-01-28 06:34:43-07,SkipDC,electric-scooter,2019-01-28 06:35:00-07,-77.046638,38.9104589
SkipDC-352897091432701,"",2019-01-28 06:34:43-07,SkipDC,electric-scooter,2019-01-28 06:35:00-07,-77.046585,38.9105733
SkipDC-352897090558449,"",2019-01-28 06:34:43-07,SkipDC,electric-scooter,2019-01-28 06:35:00-07,-77.0412517,38.9101967
SkipDC-352897091310568,"",2019-01-28 06:34:43-07,SkipDC,electric-scooter,2019-01-28 06:35:00-07,-77.0412467,38.91026
JumpDC-bike_23479,JUMP DC-2614,2019-01-28 06:34:15-07,JumpDC,pedal-assist-bike,2019-01-28 06:35:00-07,-77.03636,38.9131033333333
SkipDC-352897091273089,"",2019-01-28 06:34:43-07,SkipDC,electric-scooter,2019-01-28 06:35:00-07,-77.0408817,38.9105333
SkipDC-352897091429723,"",2019-01-28 06:34:43-07,SkipDC,electric-scooter,2019-01-28 06:35:00-07,-77.0367583,38.9106717
SkipDC-352897091381247,"",2019-01-28 06:34:43-07,SkipDC,electric-scooter,2019-01-28 06:35:00-07,-77.038035,38.9112083
SkipDC-352897091382500,"",2019-01-28 06:34:43-07,SkipDC,electric-scooter,2019-01-28 06:35:00-07,-77.0321617,38.9126017
SkipDC-352897091456866,"",2019-01-28 06:34:43-07,SkipDC,electric-scooter,2019-01-28 06:35:00-07,-77.0313017,38.9131917
SkipDC-352897091273261,"",2019-01-28 06:34:43-07,SkipDC,electric-scooter,2019-01-28 06:35:00-07,-77.0184829,38.9112047
SkipDC-352897091437965,"",2019-01-28 06:34:43-07,SkipDC,electric-scooter,2019-01-28 06:35:00-07,-77.021722,38.9115696
SkipDC-352897091433006,"",2019-01-28 06:34:43-07,SkipDC,electric-scooter,2019-01-28 06:35:00-07,-77.0057617,38.91191
SkipDC-352897091429129,"",2019-01-28 06:34:43-07,SkipDC,electric-scooter,2019-01-28 06:35:00-07,-77.0021548,38.912693
JumpDC-bike_23130,JUMP DC-0820,2019-01-28 06:34:15-07,JumpDC,pedal-assist-bike,2019-01-28 06:35:00-07,-76.989205,38.9108166666667
SkipDC-352897091429103,"",2019-01-28 06:34:43-07,SkipDC,electric-scooter,2019-01-28 06:35:00-07,-77.0527217,38.9147433
SkipDC-352897091279524,"",2019-01-28 06:34:43-07,SkipDC,electric-scooter,2019-01-28 06:35:00-07,-77.0475986,38.9148626
JumpDC-bike_23420,JUMP DC-2555,2019-01-28 06:34:15-07,JumpDC,pedal-assist-bike,2019-01-28 06:35:00-07,-77.0423066666667,38.9178216666667
SkipDC-352897091331481,"",2019-01-28 06:34:43-07,SkipDC,electric-scooter,2019-01-28 06:35:00-07,-77.0464173,38.9148628
JumpDC-bike_18898,JUMP DC-0777 ,2019-01-28 06:34:15-07,JumpDC,pedal-assist-bike,2019-01-28 06:35:00-07,-77.0364083333333,38.9176433333333
JumpDC-bike_23452,JUMP DC-2587,2019-01-28 06:34:15-07,JumpDC,pedal-assist-bike,2019-01-28 06:35:00-07,-77.0410266666667,38.9178816666667
SkipDC-352897091327083,"",2019-01-28 06:34:43-07,SkipDC,electric-scooter,2019-01-28 06:35:00-07,-77.0344717,38.9180517
SkipDC-352897091334964,"",2019-01-28 06:34:43-07,SkipDC,electric-scooter,2019-01-28 06:35:00-07,-77.0335133,38.915945
SkipDC-352897091458821,"",2019-01-28 06:34:43-07,SkipDC,electric-scooter,2019-01-28 06:35:00-07,-77.0306883,38.9156117
JumpDC-bike_23638,JUMP DC-2673,2019-01-28 06:34:15-07,JumpDC,pedal-assist-bike,2019-01-28 06:35:00-07,-77.0289716666667,38.916905
SkipDC-352897091428980,"",2019-01-28 06:34:43-07,SkipDC,electric-scooter,2019-01-28 06:35:00-07,-77.0253,38.9169533
SkipDC-352897091272628,"",2019-01-28 06:34:43-07,SkipDC,electric-scooter,2019-01-28 06:35:00-07,-77.024712,38.9186716
JumpDC-bike_16634,JUMP DC-0226,2019-01-28 06:34:15-07,JumpDC,pedal-assist-bike,2019-01-28 06:35:00-07,-77.0274583333333,38.9170516666667
JumpDC-bike_23167,JUMP DC-2476,2019-01-28 06:34:15-07,JumpDC,pedal-assist-bike,2019-01-28 06:35:00-07,-77.0229416666667,38.9160633333333
SkipDC-352897090517403,"",2019-01-28 06:34:43-07,SkipDC,electric-scooter,2019-01-28 06:35:00-07,-77.0228683,38.9144267
SkipDC-352897091428204,"",2019-01-28 06:34:43-07,SkipDC,electric-scooter,2019-01-28 06:35:00-07,-77.0230776,38.9182482
JumpDC-bike_23424,JUMP DC-2559,2019-01-28 06:34:15-07,JumpDC,pedal-assist-bike,2019-01-28 06:35:00-07,-76.9713683333333,38.9188883333333
SkipDC-352897091385206,"",2019-01-28 06:34:43-07,SkipDC,electric-scooter,2019-01-28 06:35:00-07,-77.0793117,38.9196967
JumpDC-bike_18911,JUMP DC-0790,2019-01-28 06:34:15-07,JumpDC,pedal-assist-bike,2019-01-28 06:35:00-07,-77.0726183333333,38.9221766666667
SkipDC-352897091272586,"",2019-01-28 06:34:43-07,SkipDC,electric-scooter,2019-01-28 06:35:00-07,-77.072995,38.92248
SkipDC-352897091434186,"",2019-01-28 06:34:43-07,SkipDC,electric-scooter,2019-01-28 06:35:00-07,-77.0473002,38.9199842
JumpDC-bike_16532,JUMP DC-0223,2019-01-28 06:34:15-07,JumpDC,pedal-assist-bike,2019-01-28 06:35:00-07,-77.04146,38.9314066666667
SkipDC-352897091432065,"",2019-01-28 06:34:43-07,SkipDC,electric-scooter,2019-01-28 06:35:00-07,-77.0427005,38.931568
SkipDC-352897090572382,"",2019-01-28 06:34:43-07,SkipDC,electric-scooter,2019-01-28 06:35:00-07,-77.0394617,38.930505
SkipDC-352897090504369,"",2019-01-28 06:34:43-07,SkipDC,electric-scooter,2019-01-28 06:35:00-07,-77.0394317,38.9306717
JumpDC-bike_23209,JUMP DC-2518,2019-01-28 06:34:15-07,JumpDC,pedal-assist-bike,2019-01-28 06:35:00-07,-77.0318583333333,38.9305183333333
SkipDC-352897091428766,"",2019-01-28 06:34:43-07,SkipDC,electric-scooter,2019-01-28 06:35:00-07,-77.0317833,38.9295917
SkipDC-352897091291180,"",2019-01-28 06:34:43-07,SkipDC,electric-scooter,2019-01-28 06:35:00-07,-77.0345171,38.931008
JumpDC-bike_23639,JUMP DC-2674,2019-01-28 06:34:15-07,JumpDC,pedal-assist-bike,2019-01-28 06:35:00-07,-77.0282833333333,38.932405
SkipDC-352897091311467,"",2019-01-28 06:34:43-07,SkipDC,electric-scooter,2019-01-28 06:35:00-07,-77.0247633,38.9309817
SkipDC-352897090517486,"",2019-01-28 06:34:43-07,SkipDC,electric-scooter,2019-01-28 06:35:00-07,-77.081948,38.9334404
SkipDC-352897091430283,"",2019-01-28 06:34:43-07,SkipDC,electric-scooter,2019-01-28 06:35:00-07,-77.072605,38.9325117
SkipDC-352897091434269,"",2019-01-28 06:34:43-07,SkipDC,electric-scooter,2019-01-28 06:35:00-07,-77.0723691,38.9325377
SkipDC-352897090547368,"",2019-01-28 06:34:43-07,SkipDC,electric-scooter,2019-01-28 06:35:00-07,-77.0724557,38.933
SkipDC-352897090571723,"",2019-01-28 06:34:43-07,SkipDC,electric-scooter,2019-01-28 06:35:00-07,-77.0364765,38.9366586
SkipDC-352897091451487,"",2019-01-28 06:34:43-07,SkipDC,electric-scooter,2019-01-28 06:35:00-07,-77.034625,38.9344767
SkipDC-352897091297385,"",2019-01-28 06:34:43-07,SkipDC,electric-scooter,2019-01-28 06:35:00-07,-77.0321338,38.9330981
SkipDC-352897091456429,"",2019-01-28 06:34:43-07,SkipDC,electric-scooter,2019-01-28 06:35:00-07,-77.0205834,38.9330103
JumpDC-bike_23674,JUMP DC-2709,2019-01-28 06:34:15-07,JumpDC,pedal-assist-bike,2019-01-28 06:35:00-07,-76.98287,38.9349616666667
JumpDC-bike_23449,JUMP DC-2584,2019-01-28 06:50:15-07,JumpDC,pedal-assist-bike,2019-01-28 06:50:00-07,-77.044705,38.91087
JumpDC-bike_23671,JUMP DC-2706,2019-01-28 06:50:15-07,JumpDC,pedal-assist-bike,2019-01-28 06:50:00-07,-77.0445766666667,38.9110883333333
JumpDC-bike_23479,JUMP DC-2614,2019-01-28 06:50:15-07,JumpDC,pedal-assist-bike,2019-01-28 06:50:00-07,-77.03636,38.9131033333333
SkipDC-352897091273089,"",2019-01-28 06:50:13-07,SkipDC,electric-scooter,2019-01-28 06:50:00-07,-77.040865,38.9105617
SkipDC-352897091429723,"",2019-01-28 06:50:13-07,SkipDC,electric-scooter,2019-01-28 06:50:00-07,-77.0367583,38.9106717
SkipDC-352897091381247,"",2019-01-28 06:50:13-07,SkipDC,electric-scooter,2019-01-28 06:50:00-07,-77.038035,38.9112083
SkipDC-352897091382500,"",2019-01-28 06:50:13-07,SkipDC,electric-scooter,2019-01-28 06:50:00-07,-77.0321617,38.9126017
SkipDC-352897091456866,"",2019-01-28 06:50:13-07,SkipDC,electric-scooter,2019-01-28 06:50:00-07,-77.031415,38.9131964
SkipDC-352897091437965,"",2019-01-28 06:50:13-07,SkipDC,electric-scooter,2019-01-28 06:50:00-07,-77.021885,38.9112067
SkipDC-352897091273261,"",2019-01-28 06:50:13-07,SkipDC,electric-scooter,2019-01-28 06:50:00-07,-77.0184829,38.9112047
SkipDC-352897091429129,"",2019-01-28 06:50:13-07,SkipDC,electric-scooter,2019-01-28 06:50:00-07,-77.0021586,38.9128233
SkipDC-352897091433006,"",2019-01-28 06:50:13-07,SkipDC,electric-scooter,2019-01-28 06:50:00-07,-77.0057617,38.91191
SkipDC-352897091429103,"",2019-01-28 06:50:13-07,SkipDC,electric-scooter,2019-01-28 06:50:00-07,-77.0526733,38.9146617
SkipDC-352897091279524,"",2019-01-28 06:50:13-07,SkipDC,electric-scooter,2019-01-28 06:50:00-07,-77.0475814,38.9148477
JumpDC-bike_23682,JUMP DC-2717,2019-01-28 06:50:15-07,JumpDC,pedal-assist-bike,2019-01-28 06:50:00-07,-77.0441783333333,38.917615
SkipDC-352897091331481,"",2019-01-28 06:50:13-07,SkipDC,electric-scooter,2019-01-28 06:50:00-07,-77.0462633,38.9149633
JumpDC-bike_23452,JUMP DC-2587,2019-01-28 06:50:15-07,JumpDC,pedal-assist-bike,2019-01-28 06:50:00-07,-77.0410266666667,38.9178816666667
JumpDC-bike_23150,JUMP DC-2459,2019-01-28 06:50:15-07,JumpDC,pedal-assist-bike,2019-01-28 06:50:00-07,-77.029485,38.9168383333333
SkipDC-352897091458821,"",2019-01-28 06:50:13-07,SkipDC,electric-scooter,2019-01-28 06:50:00-07,-77.0306883,38.9156117
SkipDC-352897091327083,"",2019-01-28 06:50:13-07,SkipDC,electric-scooter,2019-01-28 06:50:00-07,-77.0344717,38.9180517
SkipDC-352897091334964,"",2019-01-28 06:50:13-07,SkipDC,electric-scooter,2019-01-28 06:50:00-07,-77.0332081,38.916587
SkipDC-352897091328982,"",2019-01-28 06:50:13-07,SkipDC,electric-scooter,2019-01-28 06:50:00-07,-77.0666933,38.9260433
SkipDC-352897091387889,"",2019-01-28 06:50:13-07,SkipDC,electric-scooter,2019-01-28 06:50:00-07,-77.05153,38.9237067
JumpDC-bike_23159,JUMP DC-2468,2019-01-28 06:50:15-07,JumpDC,pedal-assist-bike,2019-01-28 06:50:00-07,-77.0377333333333,38.925975
JumpDC-bike_23153,JUMP DC-2462,2019-01-28 06:50:15-07,JumpDC,pedal-assist-bike,2019-01-28 06:50:00-07,-77.03286,38.9275633333333
SkipDC-352897090457824,"",2019-01-28 06:50:13-07,SkipDC,electric-scooter,2019-01-28 06:50:00-07,-77.0318233,38.9241317
SkipDC-352897091428089,"",2019-01-28 06:50:13-07,SkipDC,electric-scooter,2019-01-28 06:50:00-07,-77.0301833,38.92375
SkipDC-352897091432065,"",2019-01-28 06:50:13-07,SkipDC,electric-scooter,2019-01-28 06:50:00-07,-77.042669,38.9315833
JumpDC-bike_16532,JUMP DC-0223,2019-01-28 06:50:15-07,JumpDC,pedal-assist-bike,2019-01-28 06:50:00-07,-77.04146,38.9314066666667
SkipDC-352897090572382,"",2019-01-28 06:50:13-07,SkipDC,electric-scooter,2019-01-28 06:50:00-07,-77.0395383,38.9305367
SkipDC-352897090504369,"",2019-01-28 06:50:13-07,SkipDC,electric-scooter,2019-01-28 06:50:00-07,-77.0394017,38.9305067
SkipDC-352897091291180,"",2019-01-28 06:50:13-07,SkipDC,electric-scooter,2019-01-28 06:50:00-07,-77.0344132,38.9310464
JumpDC-bike_23239,JUMP DC-2548,2019-01-28 06:50:15-07,JumpDC,pedal-assist-bike,2019-01-28 06:50:00-07,-77.033465,38.9286416666667
JumpDC-bike_18868,JUMP DC-0827,2019-01-28 06:50:15-07,JumpDC,pedal-assist-bike,2019-01-28 06:50:00-07,-77.0335466666667,38.9287016666667
JumpDC-bike_23229,JUMP DC-2538,2019-01-28 06:50:15-07,JumpDC,pedal-assist-bike,2019-01-28 06:50:00-07,-77.0167883333333,38.9441833333333
JumpDC-bike_18858,JUMP DC-0817,2019-01-28 06:50:15-07,JumpDC,pedal-assist-bike,2019-01-28 06:50:00-07,-77.0040916666667,38.9438366666667
JumpDC-bike_23496,JUMP DC-2631,2019-01-28 06:50:15-07,JumpDC,pedal-assist-bike,2019-01-28 06:50:00-07,-77.088575,38.9502783333333
JumpDC-bike_23651,JUMP DC-2686,2019-01-28 06:50:15-07,JumpDC,pedal-assist-bike,2019-01-28 06:50:00-07,-77.0797216666667,38.9482983333333
JumpDC-bike_18870,JUMP DC-0829,2019-01-28 06:50:15-07,JumpDC,pedal-assist-bike,2019-01-28 06:50:00-07,-77.080095,38.95068
JumpDC-bike_23432,JUMP DC-2567,2019-01-28 06:50:15-07,JumpDC,pedal-assist-bike,2019-01-28 06:50:00-07,-77.0217016666667,38.957395
SkipDC-352897091273907,"",2019-01-28 06:34:43-07,SkipDC,electric-scooter,2019-01-28 06:35:00-07,-77.0148588,38.8642813
JumpDC-bike_23169,JUMP DC-2478,2019-01-28 06:34:15-07,JumpDC,pedal-assist-bike,2019-01-28 06:35:00-07,-76.9779316666667,38.868365
SkipDC-352897091383862,"",2019-01-28 06:34:43-07,SkipDC,electric-scooter,2019-01-28 06:35:00-07,-77.0114117,38.87555
JumpDC-bike_23672,JUMP DC-2707,2019-01-28 06:34:15-07,JumpDC,pedal-assist-bike,2019-01-28 06:35:00-07,-77.0044783333333,38.8767816666667
JumpDC-bike_18906,JUMP DC-0785,2019-01-28 06:34:15-07,JumpDC,pedal-assist-bike,2019-01-28 06:35:00-07,-77.0044833333333,38.8767333333333
SkipDC-352897091328040,"",2019-01-28 06:34:43-07,SkipDC,electric-scooter,2019-01-28 06:35:00-07,-76.9908472,38.8782212
SkipDC-352897091385727,"",2019-01-28 06:34:43-07,SkipDC,electric-scooter,2019-01-28 06:35:00-07,-77.0027192,38.8871918
SkipDC-352897091294986,"",2019-01-28 06:34:43-07,SkipDC,electric-scooter,2019-01-28 06:35:00-07,-77.01197,38.8874333
SkipDC-352897091438161,"",2019-01-28 06:34:43-07,SkipDC,electric-scooter,2019-01-28 06:35:00-07,-77.048945,38.896225
SkipDC-352897091431323,"",2019-01-28 06:34:43-07,SkipDC,electric-scooter,2019-01-28 06:35:00-07,-77.0397317,38.8935367
SkipDC-352897091462807,"",2019-01-28 06:34:43-07,SkipDC,electric-scooter,2019-01-28 06:35:00-07,-77.033427,38.8949153
SkipDC-352897091381007,"",2019-01-28 06:34:43-07,SkipDC,electric-scooter,2019-01-28 06:35:00-07,-77.0276133,38.8935667
JumpDC-bike_23157,JUMP DC-2466,2019-01-28 06:34:15-07,JumpDC,pedal-assist-bike,2019-01-28 06:35:00-07,-77.0146216666667,38.89523
SkipDC-352897090450589,"",2019-01-28 06:34:43-07,SkipDC,electric-scooter,2019-01-28 06:35:00-07,-77.0026233,38.89615
SkipDC-352897091387749,"",2019-01-28 06:34:43-07,SkipDC,electric-scooter,2019-01-28 06:35:00-07,-76.9849517,38.89608
JumpDC-bike_16612,JUMP DC-0247,2019-01-28 06:34:15-07,JumpDC,pedal-assist-bike,2019-01-28 06:35:00-07,-76.9745483333333,38.8960283333333
SkipDC-352897091339047,"",2019-01-28 06:34:43-07,SkipDC,electric-scooter,2019-01-28 06:35:00-07,-77.0126759,38.9002693
SkipDC-352897091338460,"",2019-01-28 06:34:43-07,SkipDC,electric-scooter,2019-01-28 06:35:00-07,-77.012095,38.9003367
SkipDC-352897091296544,"",2019-01-28 06:34:43-07,SkipDC,electric-scooter,2019-01-28 06:35:00-07,-77.0074267,38.8984517
SkipDC-352897090523666,"",2019-01-28 06:34:43-07,SkipDC,electric-scooter,2019-01-28 06:35:00-07,-77.0071983,38.8981933
SkipDC-352897091279300,"",2019-01-28 06:34:43-07,SkipDC,electric-scooter,2019-01-28 06:35:00-07,-77.0076482,38.8983956
JumpDC-bike_23185,JUMP DC-2494,2019-01-28 06:34:15-07,JumpDC,pedal-assist-bike,2019-01-28 06:35:00-07,-77.010205,38.89747
SkipDC-352897090561740,"",2019-01-28 06:34:43-07,SkipDC,electric-scooter,2019-01-28 06:35:00-07,-77.0068833,38.89701
SkipDC-352897091427040,"",2019-01-28 06:34:43-07,SkipDC,electric-scooter,2019-01-28 06:35:00-07,-77.0076848,38.8984503
JumpDC-bike_23461,JUMP DC-2596,2019-01-28 06:34:15-07,JumpDC,pedal-assist-bike,2019-01-28 06:35:00-07,-77.003405,38.8967983333333
SkipDC-352897091384381,"",2019-01-28 06:34:43-07,SkipDC,electric-scooter,2019-01-28 06:35:00-07,-77.0033283,38.8974217
JumpDC-bike_16495,JUMP DC-0182,2019-01-28 06:34:15-07,JumpDC,pedal-assist-bike,2019-01-28 06:35:00-07,-76.9948483333333,38.9003683333333
JumpDC-bike_18924,JUMP DC-0803,2019-01-28 06:34:15-07,JumpDC,pedal-assist-bike,2019-01-28 06:35:00-07,-76.9466566666667,38.898715
JumpDC-bike_23684,JUMP DC-2719,2019-01-28 06:34:15-07,JumpDC,pedal-assist-bike,2019-01-28 06:35:00-07,-76.9465966666667,38.89872
SkipDC-352897091427446,"",2019-01-28 06:34:43-07,SkipDC,electric-scooter,2019-01-28 06:35:00-07,-77.0660112,38.9044515
SkipDC-352897091386725,"",2019-01-28 06:34:43-07,SkipDC,electric-scooter,2019-01-28 06:35:00-07,-77.06611,38.904525
SkipDC-352897091288681,"",2019-01-28 06:34:43-07,SkipDC,electric-scooter,2019-01-28 06:35:00-07,-77.032264,38.9031816
SkipDC-352897091427388,"",2019-01-28 06:34:43-07,SkipDC,electric-scooter,2019-01-28 06:35:00-07,-77.0320333,38.9032033
JumpDC-bike_18933,JUMP DC-0812,2019-01-28 06:34:15-07,JumpDC,pedal-assist-bike,2019-01-28 06:35:00-07,-77.028885,38.904565
JumpDC-bike_23175,JUMP DC-2484,2019-01-28 06:34:15-07,JumpDC,pedal-assist-bike,2019-01-28 06:35:00-07,-77.0264816666667,38.9027333333333
JumpDC-bike_18822,JUMP DC-0699,2019-01-28 06:34:15-07,JumpDC,pedal-assist-bike,2019-01-28 06:35:00-07,-77.0180816666667,38.9024566666667
JumpDC-bike_23189,JUMP DC-2498,2019-01-28 06:34:15-07,JumpDC,pedal-assist-bike,2019-01-28 06:35:00-07,-77.01745,38.9012666666667
SkipDC-352897090443881,"",2019-01-28 06:34:43-07,SkipDC,electric-scooter,2019-01-28 06:35:00-07,-77.0175917,38.9037333
SkipDC-352897091463045,"",2019-01-28 06:34:43-07,SkipDC,electric-scooter,2019-01-28 06:35:00-07,-77.0175367,38.9037883
SkipDC-352897091310543,"",2019-01-28 06:34:43-07,SkipDC,electric-scooter,2019-01-28 06:35:00-07,-77.0165017,38.903865
SkipDC-352897091462666,"",2019-01-28 06:34:43-07,SkipDC,electric-scooter,2019-01-28 06:35:00-07,-77.010585,38.9027102
SkipDC-352897091382740,"",2019-01-28 06:34:43-07,SkipDC,electric-scooter,2019-01-28 06:35:00-07,-77.0073417,38.904815
SkipDC-352897091456700,"",2019-01-28 06:34:43-07,SkipDC,electric-scooter,2019-01-28 06:35:00-07,-77.0074883,38.9048417
SkipDC-352897091456387,"",2019-01-28 06:34:43-07,SkipDC,electric-scooter,2019-01-28 06:35:00-07,-77.0072733,38.9047767
SkipDC-352897091380967,"",2019-01-28 06:34:43-07,SkipDC,electric-scooter,2019-01-28 06:35:00-07,-77.0010239,38.9014313
SkipDC-352897091387806,"",2019-01-28 06:34:43-07,SkipDC,electric-scooter,2019-01-28 06:35:00-07,-77.0005302,38.9030155
SkipDC-352897091456809,"",2019-01-28 06:34:43-07,SkipDC,electric-scooter,2019-01-28 06:35:00-07,-77.0011174,38.9037014
JumpDC-bike_23665,JUMP DC-2700,2019-01-28 06:34:15-07,JumpDC,pedal-assist-bike,2019-01-28 06:35:00-07,-76.997775,38.90367
JumpDC-bike_23188,JUMP DC-2497,2019-01-28 06:34:15-07,JumpDC,pedal-assist-bike,2019-01-28 06:35:00-07,-76.990075,38.90312
JumpDC-bike_18840,JUMP DC-0846,2019-01-28 06:34:15-07,JumpDC,pedal-assist-bike,2019-01-28 06:35:00-07,-76.9764233333333,38.900935
JumpDC-bike_23508,JUMP DC-2643,2019-01-28 06:34:15-07,JumpDC,pedal-assist-bike,2019-01-28 06:35:00-07,-77.0626966666667,38.9058516666667
SkipDC-352897091382161,"",2019-01-28 06:34:43-07,SkipDC,electric-scooter,2019-01-28 06:35:00-07,-77.0593517,38.905855
SkipDC-352897091428360,"",2019-01-28 06:34:43-07,SkipDC,electric-scooter,2019-01-28 06:35:00-07,-77.0534317,38.9064267
SkipDC-352897091272941,"",2019-01-28 06:34:43-07,SkipDC,electric-scooter,2019-01-28 06:35:00-07,-77.0482546,38.9075968
SkipDC-352897091427503,"",2019-01-28 06:34:43-07,SkipDC,electric-scooter,2019-01-28 06:35:00-07,-77.0451635,38.9072794
SkipDC-352897091267768,"",2019-01-28 06:34:43-07,SkipDC,electric-scooter,2019-01-28 06:35:00-07,-77.046645,38.90961
SkipDC-352897090507545,"",2019-01-28 06:34:43-07,SkipDC,electric-scooter,2019-01-28 06:35:00-07,-77.0435214,38.9085264
SkipDC-352897091426984,"",2019-01-28 06:34:43-07,SkipDC,electric-scooter,2019-01-28 06:35:00-07,-77.0386425,38.9068476
SkipDC-352897091270788,"",2019-01-28 06:34:43-07,SkipDC,electric-scooter,2019-01-28 06:35:00-07,-77.0298417,38.90565
SkipDC-352897091429285,"",2019-01-28 06:34:43-07,SkipDC,electric-scooter,2019-01-28 06:35:00-07,-77.0319783,38.9096817
JumpDC-bike_23211,JUMP DC-2520,2019-01-28 06:34:15-07,JumpDC,pedal-assist-bike,2019-01-28 06:35:00-07,-77.0253783333333,38.907295
SkipDC-352897091382088,"",2019-01-28 06:34:43-07,SkipDC,electric-scooter,2019-01-28 06:35:00-07,-77.026665,38.90574
SkipDC-352897091380009,"",2019-01-28 06:34:43-07,SkipDC,electric-scooter,2019-01-28 06:35:00-07,-77.0238217,38.9095333
JumpDC-bike_18848,JUMP DC-0693,2019-01-28 06:34:15-07,JumpDC,pedal-assist-bike,2019-01-28 06:35:00-07,-77.022445,38.9086066666667
SkipDC-352897091310824,"",2019-01-28 06:34:43-07,SkipDC,electric-scooter,2019-01-28 06:35:00-07,-77.02188,38.9066483
SkipDC-352897091463102,"",2019-01-28 06:34:43-07,SkipDC,electric-scooter,2019-01-28 06:35:00-07,-77.0213477,38.9088225
SkipDC-352897091325145,"",2019-01-28 06:34:43-07,SkipDC,electric-scooter,2019-01-28 06:35:00-07,-77.0206876,38.9083257
JumpDC-bike_81150,JUMP DC-2501,2019-01-28 06:34:15-07,JumpDC,pedal-assist-bike,2019-01-28 06:35:00-07,-77.0187666666667,38.9057
SkipDC-352897090506265,"",2019-01-28 06:34:43-07,SkipDC,electric-scooter,2019-01-28 06:35:00-07,-77.0228683,38.9081517
SkipDC-352897091328008,"",2019-01-28 06:34:43-07,SkipDC,electric-scooter,2019-01-28 06:35:00-07,-77.0230383,38.9086933
SkipDC-352897091272602,"",2019-01-28 06:34:43-07,SkipDC,electric-scooter,2019-01-28 06:35:00-07,-77.0077186,38.9071811
JumpDC-bike_23165,JUMP DC-2474,2019-01-28 06:34:15-07,JumpDC,pedal-assist-bike,2019-01-28 06:35:00-07,-77.0003066666667,38.9076016666667
SkipDC-352897091382948,"",2019-01-28 06:34:43-07,SkipDC,electric-scooter,2019-01-28 06:35:00-07,-76.9841483,38.90838
JumpDC-bike_23660,JUMP DC-2695,2019-01-28 06:34:15-07,JumpDC,pedal-assist-bike,2019-01-28 06:35:00-07,-76.9336916666667,38.9082116666667
JumpDC-bike_18849,JUMP DC-0694,2019-01-28 06:34:15-07,JumpDC,pedal-assist-bike,2019-01-28 06:35:00-07,-77.041845,38.9201233333333
SkipDC-352897091452865,"",2019-01-28 06:34:43-07,SkipDC,electric-scooter,2019-01-28 06:35:00-07,-77.04683,38.92136
JumpDC-bike_23156,JUMP DC-2465,2019-01-28 06:34:15-07,JumpDC,pedal-assist-bike,2019-01-28 06:35:00-07,-77.0375916666667,38.92208
SkipDC-352897091432164,"",2019-01-28 06:34:43-07,SkipDC,electric-scooter,2019-01-28 06:35:00-07,-77.0368683,38.9212567
JumpDC-bike_23149,JUMP DC-2458,2019-01-28 06:34:15-07,JumpDC,pedal-assist-bike,2019-01-28 06:35:00-07,-77.0337583333333,38.9226116666667
JumpDC-bike_23215,JUMP DC-2524,2019-01-28 06:34:15-07,JumpDC,pedal-assist-bike,2019-01-28 06:35:00-07,-77.0216816666667,38.9200116666667
JumpDC-bike_23231,JUMP DC-2540,2019-01-28 06:34:15-07,JumpDC,pedal-assist-bike,2019-01-28 06:35:00-07,-76.965,38.9202666666667
JumpDC-bike_18853,JUMP DC-0695,2019-01-28 06:34:15-07,JumpDC,pedal-assist-bike,2019-01-28 06:35:00-07,-76.9605833333333,38.9229033333333
SkipDC-352897091328982,"",2019-01-28 06:34:43-07,SkipDC,electric-scooter,2019-01-28 06:35:00-07,-77.0666433,38.9261267
SkipDC-352897091387889,"",2019-01-28 06:34:43-07,SkipDC,electric-scooter,2019-01-28 06:35:00-07,-77.0515705,38.9238013
SkipDC-352897090457824,"",2019-01-28 06:34:43-07,SkipDC,electric-scooter,2019-01-28 06:35:00-07,-77.031825,38.924115
SkipDC-352897091428089,"",2019-01-28 06:34:43-07,SkipDC,electric-scooter,2019-01-28 06:35:00-07,-77.0301833,38.92375
JumpDC-bike_23153,JUMP DC-2462,2019-01-28 06:34:15-07,JumpDC,pedal-assist-bike,2019-01-28 06:35:00-07,-77.03286,38.9275633333333
SkipDC-352897091273584,"",2019-01-28 06:34:43-07,SkipDC,electric-scooter,2019-01-28 06:35:00-07,-77.0881294,38.9383033
SkipDC-352897091457369,"",2019-01-28 06:34:43-07,SkipDC,electric-scooter,2019-01-28 06:35:00-07,-77.0329317,38.93764
SkipDC-352897091326606,"",2019-01-28 06:34:43-07,SkipDC,electric-scooter,2019-01-28 06:35:00-07,-77.0253767,38.9373033
SkipDC-352897091456189,"",2019-01-28 06:34:43-07,SkipDC,electric-scooter,2019-01-28 06:35:00-07,-77.0246521,38.9386367
SkipDC-352897091380140,"",2019-01-28 06:34:43-07,SkipDC,electric-scooter,2019-01-28 06:35:00-07,-77.0245867,38.93863
SkipDC-352897091386105,"",2019-01-28 06:34:43-07,SkipDC,electric-scooter,2019-01-28 06:35:00-07,-77.0187221,38.9389801
JumpDC-bike_23229,JUMP DC-2538,2019-01-28 06:34:15-07,JumpDC,pedal-assist-bike,2019-01-28 06:35:00-07,-77.0167883333333,38.9441833333333
JumpDC-bike_23496,JUMP DC-2631,2019-01-28 06:34:15-07,JumpDC,pedal-assist-bike,2019-01-28 06:35:00-07,-77.088575,38.9502783333333
JumpDC-bike_23651,JUMP DC-2686,2019-01-28 06:34:15-07,JumpDC,pedal-assist-bike,2019-01-28 06:35:00-07,-77.0797216666667,38.9482983333333
JumpDC-bike_16615,JUMP DC-0250,2019-01-28 06:34:15-07,JumpDC,pedal-assist-bike,2019-01-28 06:35:00-07,-76.9830783333333,38.9469116666667
JumpDC-bike_18870,JUMP DC-0829,2019-01-28 06:34:15-07,JumpDC,pedal-assist-bike,2019-01-28 06:35:00-07,-77.080095,38.95068
SkipDC-352897090537849,"",2019-01-28 06:50:13-07,SkipDC,electric-scooter,2019-01-28 06:50:00-07,-77.218795,38.8028933
SkipDC-352897091273907,"",2019-01-28 06:50:13-07,SkipDC,electric-scooter,2019-01-28 06:50:00-07,-77.0143967,38.8640883
JumpDC-bike_23169,JUMP DC-2478,2019-01-28 06:50:15-07,JumpDC,pedal-assist-bike,2019-01-28 06:50:00-07,-76.9779316666667,38.868365
JumpDC-bike_23494,JUMP DC-2629,2019-01-28 06:50:15-07,JumpDC,pedal-assist-bike,2019-01-28 06:50:00-07,-76.97838,38.8656283333333
SkipDC-352897091383862,"",2019-01-28 06:50:13-07,SkipDC,electric-scooter,2019-01-28 06:50:00-07,-77.0114117,38.87555
JumpDC-bike_23672,JUMP DC-2707,2019-01-28 06:50:15-07,JumpDC,pedal-assist-bike,2019-01-28 06:50:00-07,-77.0044783333333,38.8767816666667
JumpDC-bike_18906,JUMP DC-0785,2019-01-28 06:50:15-07,JumpDC,pedal-assist-bike,2019-01-28 06:50:00-07,-77.0044833333333,38.8767333333333
SkipDC-352897091328040,"",2019-01-28 06:50:13-07,SkipDC,electric-scooter,2019-01-28 06:50:00-07,-76.990925,38.8782767
JumpDC-bike_23648,JUMP DC-2683,2019-01-28 06:50:15-07,JumpDC,pedal-assist-bike,2019-01-28 06:50:00-07,-77.0040716666667,38.8804716666667
SkipDC-352897091273428,"",2019-01-28 06:50:13-07,SkipDC,electric-scooter,2019-01-28 06:50:00-07,-77.0292211,38.884398
SkipDC-352897091328800,"",2019-01-28 06:50:13-07,SkipDC,electric-scooter,2019-01-28 06:50:00-07,-77.0235167,38.8843917
SkipDC-352897091462906,"",2019-01-28 06:50:13-07,SkipDC,electric-scooter,2019-01-28 06:50:00-07,-77.0235243,38.8844482
SkipDC-352897091279342,"",2019-01-28 06:50:13-07,SkipDC,electric-scooter,2019-01-28 06:50:00-07,-77.0234092,38.8845618
SkipDC-352897091311681,"",2019-01-28 06:50:13-07,SkipDC,electric-scooter,2019-01-28 06:50:00-07,-77.0200592,38.8858758
SkipDC-352897091387624,"",2019-01-28 06:50:13-07,SkipDC,electric-scooter,2019-01-28 06:50:00-07,-77.0186792,38.8860691
JumpDC-bike_23178,JUMP DC-2487,2019-01-28 06:50:15-07,JumpDC,pedal-assist-bike,2019-01-28 06:50:00-07,-77.0154216666667,38.8857233333333
SkipDC-352897091294986,"",2019-01-28 06:50:13-07,SkipDC,electric-scooter,2019-01-28 06:50:00-07,-77.0119583,38.8873867
SkipDC-352897091385727,"",2019-01-28 06:50:13-07,SkipDC,electric-scooter,2019-01-28 06:50:00-07,-77.0028696,38.8870669
JumpDC-bike_23637,JUMP DC-2672,2019-01-28 06:50:15-07,JumpDC,pedal-assist-bike,2019-01-28 06:50:00-07,-76.9529383333333,38.889725
SkipDC-352897091438161,"",2019-01-28 06:50:13-07,SkipDC,electric-scooter,2019-01-28 06:50:00-07,-77.048945,38.896225
SkipDC-352897091431323,"",2019-01-28 06:50:13-07,SkipDC,electric-scooter,2019-01-28 06:50:00-07,-77.0397317,38.8935367
SkipDC-352897091462807,"",2019-01-28 06:50:13-07,SkipDC,electric-scooter,2019-01-28 06:50:00-07,-77.0335633,38.8949417
SkipDC-352897091381007,"",2019-01-28 06:50:13-07,SkipDC,electric-scooter,2019-01-28 06:50:00-07,-77.02763,38.8934767
JumpDC-bike_23157,JUMP DC-2466,2019-01-28 06:50:15-07,JumpDC,pedal-assist-bike,2019-01-28 06:50:00-07,-77.0146216666667,38.89523
SkipDC-352897090450589,"",2019-01-28 06:50:13-07,SkipDC,electric-scooter,2019-01-28 06:50:00-07,-77.0026233,38.89615
SkipDC-352897091387749,"",2019-01-28 06:50:13-07,SkipDC,electric-scooter,2019-01-28 06:50:00-07,-76.9849517,38.89608
JumpDC-bike_16612,JUMP DC-0247,2019-01-28 06:50:15-07,JumpDC,pedal-assist-bike,2019-01-28 06:50:00-07,-76.9745483333333,38.8960283333333
JumpDC-bike_18850,JUMP DC-0690,2019-01-28 06:50:15-07,JumpDC,pedal-assist-bike,2019-01-28 06:50:00-07,-76.9562366666667,38.8947316666667
SkipDC-352897091279300,"",2019-01-28 06:50:13-07,SkipDC,electric-scooter,2019-01-28 06:50:00-07,-77.007601,38.8984061
SkipDC-352897091310683,"",2019-01-28 06:50:13-07,SkipDC,electric-scooter,2019-01-28 06:50:00-07,-77.0477083,38.8999433
SkipDC-352897091306707,"",2019-01-28 06:50:13-07,SkipDC,electric-scooter,2019-01-28 06:50:00-07,-77.050615,38.8971733
SkipDC-352897091280043,"",2019-01-28 06:50:13-07,SkipDC,electric-scooter,2019-01-28 06:50:00-07,-77.04872,38.8982617
SkipDC-352897091385941,"",2019-01-28 06:50:13-07,SkipDC,electric-scooter,2019-01-28 06:50:00-07,-77.0481717,38.8973067
SkipDC-352897091293608,"",2019-01-28 06:50:13-07,SkipDC,electric-scooter,2019-01-28 06:50:00-07,-77.0480091,38.8996221
SkipDC-352897091384464,"",2019-01-28 06:50:13-07,SkipDC,electric-scooter,2019-01-28 06:50:00-07,-77.0477389,38.8995101
SkipDC-352897091426901,"",2019-01-28 06:50:13-07,SkipDC,electric-scooter,2019-01-28 06:50:00-07,-77.0457783,38.9001083
SkipDC-352897091384761,"",2019-01-28 06:50:13-07,SkipDC,electric-scooter,2019-01-28 06:50:00-07,-77.0425938,38.8965829
SkipDC-352897091381460,"",2019-01-28 06:50:13-07,SkipDC,electric-scooter,2019-01-28 06:50:00-07,-77.0393553,38.8994294
SkipDC-352897091273246,"",2019-01-28 06:50:13-07,SkipDC,electric-scooter,2019-01-28 06:50:00-07,-77.039815,38.900185
SkipDC-352897091339500,"",2019-01-28 06:50:13-07,SkipDC,electric-scooter,2019-01-28 06:50:00-07,-77.0243283,38.9006383
SkipDC-352897090565709,"",2019-01-28 06:50:13-07,SkipDC,electric-scooter,2019-01-28 06:50:00-07,-77.024,38.9007633
SkipDC-352897091319809,"",2019-01-28 06:50:13-07,SkipDC,electric-scooter,2019-01-28 06:50:00-07,-77.0240183,38.9008033
SkipDC-352897091462781,"",2019-01-28 06:50:13-07,SkipDC,electric-scooter,2019-01-28 06:50:00-07,-77.0206411,38.8998263
SkipDC-352897091339047,"",2019-01-28 06:50:13-07,SkipDC,electric-scooter,2019-01-28 06:50:00-07,-77.012225,38.9002917
SkipDC-352897091338460,"",2019-01-28 06:50:13-07,SkipDC,electric-scooter,2019-01-28 06:50:00-07,-77.012095,38.9003367
SkipDC-352897091296544,"",2019-01-28 06:50:13-07,SkipDC,electric-scooter,2019-01-28 06:50:00-07,-77.0074347,38.8985305
SkipDC-352897090561740,"",2019-01-28 06:50:13-07,SkipDC,electric-scooter,2019-01-28 06:50:00-07,-77.0068117,38.8972
SkipDC-352897091427040,"",2019-01-28 06:50:13-07,SkipDC,electric-scooter,2019-01-28 06:50:00-07,-77.0072417,38.89843
SkipDC-352897090523666,"",2019-01-28 06:50:13-07,SkipDC,electric-scooter,2019-01-28 06:50:00-07,-77.0074667,38.8983783
SkipDC-352897091384381,"",2019-01-28 06:50:13-07,SkipDC,electric-scooter,2019-01-28 06:50:00-07,-77.0033283,38.8974217
SkipDC-352897091401920,"",2019-01-28 06:50:13-07,SkipDC,electric-scooter,2019-01-28 06:50:00-07,-77.0651017,38.9031917
SkipDC-352897091427446,"",2019-01-28 06:50:13-07,SkipDC,electric-scooter,2019-01-28 06:50:00-07,-77.0660084,38.9044458
SkipDC-352897091386725,"",2019-01-28 06:50:13-07,SkipDC,electric-scooter,2019-01-28 06:50:00-07,-77.06611,38.904525
JumpDC-bike_18874,JUMP DC-0833,2019-01-28 06:50:15-07,JumpDC,pedal-assist-bike,2019-01-28 06:50:00-07,-77.0625616666667,38.90243
SkipDC-352897091386865,"",2019-01-28 06:50:13-07,SkipDC,electric-scooter,2019-01-28 06:50:00-07,-77.05391,38.9014132
SkipDC-352897091285224,"",2019-01-28 06:50:13-07,SkipDC,electric-scooter,2019-01-28 06:50:00-07,-77.0539083,38.901535
SkipDC-352897091457187,"",2019-01-28 06:50:13-07,SkipDC,electric-scooter,2019-01-28 06:50:00-07,-77.05339,38.9012517
SkipDC-352897091385149,"",2019-01-28 06:50:13-07,SkipDC,electric-scooter,2019-01-28 06:50:00-07,-77.0535217,38.9027933
SkipDC-352897091456841,"",2019-01-28 06:50:13-07,SkipDC,electric-scooter,2019-01-28 06:50:00-07,-77.0533533,38.902785
SkipDC-352897091327604,"",2019-01-28 06:50:13-07,SkipDC,electric-scooter,2019-01-28 06:50:00-07,-77.0447728,38.9022299
SkipDC-352897091391584,"",2019-01-28 06:50:13-07,SkipDC,electric-scooter,2019-01-28 06:50:00-07,-77.0431517,38.902675
SkipDC-352897091391808,"",2019-01-28 06:50:13-07,SkipDC,electric-scooter,2019-01-28 06:50:00-07,-77.0449167,38.9022733
SkipDC-352897091431026,"",2019-01-28 06:50:13-07,SkipDC,electric-scooter,2019-01-28 06:50:00-07,-77.0449583,38.9023126
SkipDC-352897091272404,"",2019-01-28 06:50:13-07,SkipDC,electric-scooter,2019-01-28 06:50:00-07,-77.04488,38.9023433
SkipDC-352897091381361,"",2019-01-28 06:50:13-07,SkipDC,electric-scooter,2019-01-28 06:50:00-07,-77.0448683,38.9024283
SkipDC-352897091456585,"",2019-01-28 06:50:13-07,SkipDC,electric-scooter,2019-01-28 06:50:00-07,-77.0449617,38.9034233
SkipDC-352897091267628,"",2019-01-28 06:50:13-07,SkipDC,electric-scooter,2019-01-28 06:50:00-07,-77.0446445,38.9020214
SkipDC-352897091458722,"",2019-01-28 06:50:13-07,SkipDC,electric-scooter,2019-01-28 06:50:00-07,-77.0449733,38.9022617
SkipDC-352897091386220,"",2019-01-28 06:50:13-07,SkipDC,electric-scooter,2019-01-28 06:50:00-07,-77.044865,38.9023767
SkipDC-352897091325707,"",2019-01-28 06:50:13-07,SkipDC,electric-scooter,2019-01-28 06:50:00-07,-77.044385,38.9024017
SkipDC-352897091456023,"",2019-01-28 06:50:13-07,SkipDC,electric-scooter,2019-01-28 06:50:00-07,-77.043987,38.9024411
SkipDC-352897091279607,"",2019-01-28 06:50:13-07,SkipDC,electric-scooter,2019-01-28 06:50:00-07,-77.0447283,38.901215
SkipDC-352897091338288,"",2019-01-28 06:50:13-07,SkipDC,electric-scooter,2019-01-28 06:50:00-07,-77.0338067,38.90234
SkipDC-352897091288681,"",2019-01-28 06:50:13-07,SkipDC,electric-scooter,2019-01-28 06:50:00-07,-77.0321617,38.9032283
SkipDC-352897091279508,"",2019-01-28 06:50:13-07,SkipDC,electric-scooter,2019-01-28 06:50:00-07,-77.0320817,38.903255
SkipDC-352897091275688,"",2019-01-28 06:50:13-07,SkipDC,electric-scooter,2019-01-28 06:50:00-07,-77.032025,38.9033583
SkipDC-352897091427388,"",2019-01-28 06:50:13-07,SkipDC,electric-scooter,2019-01-28 06:50:00-07,-77.032,38.903155
JumpDC-bike_18933,JUMP DC-0812,2019-01-28 06:50:15-07,JumpDC,pedal-assist-bike,2019-01-28 06:50:00-07,-77.028885,38.904565
JumpDC-bike_23696,JUMP DC-2731,2019-01-28 06:50:15-07,JumpDC,pedal-assist-bike,2019-01-28 06:50:00-07,-77.0263533333333,38.90425
SkipDC-352897091387988,"",2019-01-28 06:50:13-07,SkipDC,electric-scooter,2019-01-28 06:50:00-07,-77.0242367,38.9013459
JumpDC-bike_18822,JUMP DC-0699,2019-01-28 06:50:15-07,JumpDC,pedal-assist-bike,2019-01-28 06:50:00-07,-77.0180816666667,38.9024566666667
SkipDC-352897090465603,"",2019-01-28 06:50:13-07,SkipDC,electric-scooter,2019-01-28 06:50:00-07,-77.018065,38.9009417
JumpDC-bike_23706,JUMP DC-2741,2019-01-28 06:50:15-07,JumpDC,pedal-assist-bike,2019-01-28 06:50:00-07,-77.0175466666667,38.9026466666667
JumpDC-bike_23189,JUMP DC-2498,2019-01-28 06:50:15-07,JumpDC,pedal-assist-bike,2019-01-28 06:50:00-07,-77.01745,38.9012666666667
SkipDC-352897091463045,"",2019-01-28 06:50:13-07,SkipDC,electric-scooter,2019-01-28 06:50:00-07,-77.0175367,38.9037883
SkipDC-352897090443881,"",2019-01-28 06:50:13-07,SkipDC,electric-scooter,2019-01-28 06:50:00-07,-77.0174633,38.9037067
SkipDC-352897091310543,"",2019-01-28 06:50:13-07,SkipDC,electric-scooter,2019-01-28 06:50:00-07,-77.01649,38.903955
SkipDC-352897091462666,"",2019-01-28 06:50:13-07,SkipDC,electric-scooter,2019-01-28 06:50:00-07,-77.0103599,38.9027047
SkipDC-352897091456700,"",2019-01-28 06:50:13-07,SkipDC,electric-scooter,2019-01-28 06:50:00-07,-77.0074217,38.9047383
SkipDC-352897091456387,"",2019-01-28 06:50:13-07,SkipDC,electric-scooter,2019-01-28 06:50:00-07,-77.007233,38.9048579
SkipDC-352897091382740,"",2019-01-28 06:50:13-07,SkipDC,electric-scooter,2019-01-28 06:50:00-07,-77.0072633,38.904885
SkipDC-352897091387806,"",2019-01-28 06:50:13-07,SkipDC,electric-scooter,2019-01-28 06:50:00-07,-77.0005438,38.9030941
SkipDC-352897091456809,"",2019-01-28 06:50:13-07,SkipDC,electric-scooter,2019-01-28 06:50:00-07,-77.0010681,38.9036977
SkipDC-352897091380967,"",2019-01-28 06:50:13-07,SkipDC,electric-scooter,2019-01-28 06:50:00-07,-77.0009667,38.9014833
JumpDC-bike_23665,JUMP DC-2700,2019-01-28 06:50:15-07,JumpDC,pedal-assist-bike,2019-01-28 06:50:00-07,-76.997775,38.90367
JumpDC-bike_23666,JUMP DC-2701,2019-01-28 06:50:15-07,JumpDC,pedal-assist-bike,2019-01-28 06:50:00-07,-76.97395,38.90286
JumpDC-bike_18840,JUMP DC-0846,2019-01-28 06:50:15-07,JumpDC,pedal-assist-bike,2019-01-28 06:50:00-07,-76.9764233333333,38.900935
SkipDC-352897091382161,"",2019-01-28 06:50:13-07,SkipDC,electric-scooter,2019-01-28 06:50:00-07,-77.0593517,38.905855
SkipDC-352897091428360,"",2019-01-28 06:50:13-07,SkipDC,electric-scooter,2019-01-28 06:50:00-07,-77.0533729,38.9063459
SkipDC-352897091387384,"",2019-01-28 06:50:13-07,SkipDC,electric-scooter,2019-01-28 06:50:00-07,-77.0502517,38.905455
SkipDC-352897091272941,"",2019-01-28 06:50:13-07,SkipDC,electric-scooter,2019-01-28 06:50:00-07,-77.0482518,38.9075941
SkipDC-352897091427503,"",2019-01-28 06:50:13-07,SkipDC,electric-scooter,2019-01-28 06:50:00-07,-77.0451207,38.907331
SkipDC-352897091267768,"",2019-01-28 06:50:13-07,SkipDC,electric-scooter,2019-01-28 06:50:00-07,-77.046695,38.9095283
SkipDC-352897090507545,"",2019-01-28 06:50:13-07,SkipDC,electric-scooter,2019-01-28 06:50:00-07,-77.0435209,38.9084339
SkipDC-352897091426984,"",2019-01-28 06:50:13-07,SkipDC,electric-scooter,2019-01-28 06:50:00-07,-77.0386264,38.9068413
JumpDC-bike_18825,JUMP DC-0702,2019-01-28 06:50:15-07,JumpDC,pedal-assist-bike,2019-01-28 06:50:00-07,-77.03257,38.9095833333333
JumpDC-bike_18857,JUMP DC-0766,2019-01-28 06:50:15-07,JumpDC,pedal-assist-bike,2019-01-28 06:50:00-07,-77.0328016666667,38.9096416666667
SkipDC-352897091270788,"",2019-01-28 06:50:13-07,SkipDC,electric-scooter,2019-01-28 06:50:00-07,-77.0298417,38.90565
SkipDC-352897091429285,"",2019-01-28 06:50:13-07,SkipDC,electric-scooter,2019-01-28 06:50:00-07,-77.03176,38.9096467
SkipDC-352897091382088,"",2019-01-28 06:50:13-07,SkipDC,electric-scooter,2019-01-28 06:50:00-07,-77.0265533,38.9057267
SkipDC-352897091380009,"",2019-01-28 06:50:13-07,SkipDC,electric-scooter,2019-01-28 06:50:00-07,-77.0238232,38.9095347
JumpDC-bike_81150,JUMP DC-2501,2019-01-28 06:50:15-07,JumpDC,pedal-assist-bike,2019-01-28 06:50:00-07,-77.0187666666667,38.9057
SkipDC-352897091310824,"",2019-01-28 06:50:13-07,SkipDC,electric-scooter,2019-01-28 06:50:00-07,-77.02188,38.9066483
SkipDC-352897091328008,"",2019-01-28 06:50:13-07,SkipDC,electric-scooter,2019-01-28 06:50:00-07,-77.0231683,38.9086933
SkipDC-352897090506265,"",2019-01-28 06:50:13-07,SkipDC,electric-scooter,2019-01-28 06:50:00-07,-77.02297,38.9082217
SkipDC-352897091325145,"",2019-01-28 06:50:13-07,SkipDC,electric-scooter,2019-01-28 06:50:00-07,-77.0206932,38.9083327
JumpDC-bike_18848,JUMP DC-0693,2019-01-28 06:50:15-07,JumpDC,pedal-assist-bike,2019-01-28 06:50:00-07,-77.022445,38.9086066666667
SkipDC-352897091463102,"",2019-01-28 06:50:13-07,SkipDC,electric-scooter,2019-01-28 06:50:00-07,-77.02141,38.909102
SkipDC-352897091272602,"",2019-01-28 06:50:13-07,SkipDC,electric-scooter,2019-01-28 06:50:00-07,-77.0076516,38.907184
SkipDC-352897091382948,"",2019-01-28 06:50:13-07,SkipDC,electric-scooter,2019-01-28 06:50:00-07,-76.9841483,38.90838
SkipDC-352897090502603,"",2019-01-28 06:50:13-07,SkipDC,electric-scooter,2019-01-28 06:50:00-07,-77.0727783,38.9130633
SkipDC-352897091430143,"",2019-01-28 06:50:13-07,SkipDC,electric-scooter,2019-01-28 06:50:00-07,-77.0490383,38.9105283
SkipDC-352897091310568,"",2019-01-28 06:50:13-07,SkipDC,electric-scooter,2019-01-28 06:50:00-07,-77.0412467,38.91026
SkipDC-352897091279920,"",2019-01-28 06:50:13-07,SkipDC,electric-scooter,2019-01-28 06:50:00-07,-77.0466577,38.9104422
SkipDC-352897090558449,"",2019-01-28 06:50:13-07,SkipDC,electric-scooter,2019-01-28 06:50:00-07,-77.0412517,38.9101967
SkipDC-352897091432701,"",2019-01-28 06:50:13-07,SkipDC,electric-scooter,2019-01-28 06:50:00-07,-77.0466984,38.9106199
SkipDC-352897091428980,"",2019-01-28 06:50:13-07,SkipDC,electric-scooter,2019-01-28 06:50:00-07,-77.02538,38.91689
SkipDC-352897091272628,"",2019-01-28 06:50:13-07,SkipDC,electric-scooter,2019-01-28 06:50:00-07,-77.0247167,38.91867
JumpDC-bike_16633,JUMP DC-0225,2019-01-28 06:50:15-07,JumpDC,pedal-assist-bike,2019-01-28 06:50:00-07,-77.02787,38.9181516666667
JumpDC-bike_18831,JUMP DC-0708,2019-01-28 06:50:15-07,JumpDC,pedal-assist-bike,2019-01-28 06:50:00-07,-77.0274316666667,38.916915
JumpDC-bike_16634,JUMP DC-0226,2019-01-28 06:50:15-07,JumpDC,pedal-assist-bike,2019-01-28 06:50:00-07,-77.0274583333333,38.9170516666667
JumpDC-bike_23638,JUMP DC-2673,2019-01-28 06:50:15-07,JumpDC,pedal-assist-bike,2019-01-28 06:50:00-07,-77.0289716666667,38.916905
SkipDC-352897090517403,"",2019-01-28 06:50:13-07,SkipDC,electric-scooter,2019-01-28 06:50:00-07,-77.0228683,38.9144267
SkipDC-352897091428204,"",2019-01-28 06:50:13-07,SkipDC,electric-scooter,2019-01-28 06:50:00-07,-77.0230796,38.9182574
JumpDC-bike_23167,JUMP DC-2476,2019-01-28 06:50:15-07,JumpDC,pedal-assist-bike,2019-01-28 06:50:00-07,-77.0229416666667,38.9160633333333
SkipDC-352897091385206,"",2019-01-28 06:50:13-07,SkipDC,electric-scooter,2019-01-28 06:50:00-07,-77.0793117,38.9196967
SkipDC-352897091272586,"",2019-01-28 06:50:13-07,SkipDC,electric-scooter,2019-01-28 06:50:00-07,-77.0730559,38.922516
SkipDC-352897091434186,"",2019-01-28 06:50:13-07,SkipDC,electric-scooter,2019-01-28 06:50:00-07,-77.0474428,38.9201728
SkipDC-352897091452865,"",2019-01-28 06:50:13-07,SkipDC,electric-scooter,2019-01-28 06:50:00-07,-77.04683,38.92136
SkipDC-352897091432164,"",2019-01-28 06:50:13-07,SkipDC,electric-scooter,2019-01-28 06:50:00-07,-77.0367178,38.9212212
JumpDC-bike_23149,JUMP DC-2458,2019-01-28 06:50:15-07,JumpDC,pedal-assist-bike,2019-01-28 06:50:00-07,-77.0337583333333,38.9226116666667
JumpDC-bike_23215,JUMP DC-2524,2019-01-28 06:50:15-07,JumpDC,pedal-assist-bike,2019-01-28 06:50:00-07,-77.0216816666667,38.9200116666667
SkipDC-352897091428766,"",2019-01-28 06:50:13-07,SkipDC,electric-scooter,2019-01-28 06:50:00-07,-77.0317833,38.9295917
SkipDC-352897091311467,"",2019-01-28 06:50:13-07,SkipDC,electric-scooter,2019-01-28 06:50:00-07,-77.0247383,38.93103
SkipDC-352897090517486,"",2019-01-28 06:50:13-07,SkipDC,electric-scooter,2019-01-28 06:50:00-07,-77.0819049,38.9333977
SkipDC-352897091430283,"",2019-01-28 06:50:13-07,SkipDC,electric-scooter,2019-01-28 06:50:00-07,-77.072605,38.9325117
SkipDC-352897091434269,"",2019-01-28 06:50:13-07,SkipDC,electric-scooter,2019-01-28 06:50:00-07,-77.072465,38.9325467
SkipDC-352897090547368,"",2019-01-28 06:50:13-07,SkipDC,electric-scooter,2019-01-28 06:50:00-07,-77.0724557,38.933
SkipDC-352897090571723,"",2019-01-28 06:50:13-07,SkipDC,electric-scooter,2019-01-28 06:50:00-07,-77.0364765,38.9366586
SkipDC-352897091451487,"",2019-01-28 06:50:13-07,SkipDC,electric-scooter,2019-01-28 06:50:00-07,-77.0347068,38.9344554
SkipDC-352897091297385,"",2019-01-28 06:50:13-07,SkipDC,electric-scooter,2019-01-28 06:50:00-07,-77.0321378,38.9331033
SkipDC-352897091456429,"",2019-01-28 06:50:13-07,SkipDC,electric-scooter,2019-01-28 06:50:00-07,-77.020526,38.9327237
SkipDC-352897091273584,"",2019-01-28 06:50:13-07,SkipDC,electric-scooter,2019-01-28 06:50:00-07,-77.0882433,38.9382283
JumpDC-bike_23690,JUMP DC-2725,2019-01-28 06:50:15-07,JumpDC,pedal-assist-bike,2019-01-28 06:50:00-07,-77.0559083333333,38.936995
SkipDC-352897091457369,"",2019-01-28 06:50:13-07,SkipDC,electric-scooter,2019-01-28 06:50:00-07,-77.0329244,38.9376349
SkipDC-352897091326606,"",2019-01-28 06:50:13-07,SkipDC,electric-scooter,2019-01-28 06:50:00-07,-77.0253767,38.9373033
SkipDC-352897091456189,"",2019-01-28 06:50:13-07,SkipDC,electric-scooter,2019-01-28 06:50:00-07,-77.0246183,38.9384633
SkipDC-352897091380140,"",2019-01-28 06:50:13-07,SkipDC,electric-scooter,2019-01-28 06:50:00-07,-77.024525,38.9386333
JumpDC-bike_18927,JUMP DC-0806,2019-01-28 06:50:15-07,JumpDC,pedal-assist-bike,2019-01-28 06:50:00-07,-77.0213733333333,38.9383
SkipDC-352897091386105,"",2019-01-28 06:50:13-07,SkipDC,electric-scooter,2019-01-28 06:50:00-07,-77.0185933,38.9389933
JumpDC-bike_23672,JUMP DC-2707,2019-01-28 06:05:15-07,JumpDC,pedal-assist-bike,2019-01-28 06:05:00-07,-77.0044783333333,38.8767816666667
JumpDC-bike_18906,JUMP DC-0785,2019-01-28 06:05:15-07,JumpDC,pedal-assist-bike,2019-01-28 06:05:00-07,-77.0044833333333,38.8767333333333
SkipDC-352897091328040,"",2019-01-28 06:05:13-07,SkipDC,electric-scooter,2019-01-28 06:05:00-07,-76.9909083,38.8782617
JumpDC-bike_23147,JUMP DC-2456,2019-02-04 06:04:21-07,JumpDC,pedal-assist-bike,2019-02-04 06:05:00-07,-76.99463,38.862235
JumpDC-bike_23690,JUMP DC-2725,2019-02-04 06:04:21-07,JumpDC,pedal-assist-bike,2019-02-04 06:05:00-07,-77.0061866666667,38.8717866666667
JumpDC-bike_23466,JUMP DC-2601,2019-02-04 06:04:21-07,JumpDC,pedal-assist-bike,2019-02-04 06:05:00-07,-77.0045316666667,38.8771966666667
JumpDC-bike_23697,JUMP DC-2732,2019-02-04 06:04:21-07,JumpDC,pedal-assist-bike,2019-02-04 06:05:00-07,-77.0010666666667,38.875415
JumpDC-bike_18858,JUMP DC-0817,2019-02-04 06:04:21-07,JumpDC,pedal-assist-bike,2019-02-04 06:05:00-07,-77.0882966666667,38.87879
JumpDC-bike_23183,JUMP DC-2492,2019-02-04 06:04:21-07,JumpDC,pedal-assist-bike,2019-02-04 06:05:00-07,-76.9867416666667,38.8800033333333
JumpDC-bike_18826,JUMP DC-0703,2019-02-04 06:04:21-07,JumpDC,pedal-assist-bike,2019-02-04 06:05:00-07,-77.0282483333333,38.886635
JumpDC-bike_23156,JUMP DC-2465,2019-02-04 06:04:21-07,JumpDC,pedal-assist-bike,2019-02-04 06:05:00-07,-77.0282383333333,38.8867266666667
JumpDC-bike_23179,JUMP DC-2488,2019-02-04 06:04:21-07,JumpDC,pedal-assist-bike,2019-02-04 06:05:00-07,-77.0059866666667,38.8857683333333
JumpDC-bike_23416,JUMP DC-2551,2019-02-04 06:04:21-07,JumpDC,pedal-assist-bike,2019-02-04 06:05:00-07,-76.9789283333333,38.885475
JumpDC-bike_18909,JUMP DC-0788,2019-02-04 06:04:21-07,JumpDC,pedal-assist-bike,2019-02-04 06:05:00-07,-77.0401466666667,38.8944616666667
JumpDC-bike_23680,JUMP DC-2715,2019-02-04 06:04:21-07,JumpDC,pedal-assist-bike,2019-02-04 06:05:00-07,-77.02208,38.8949633333333
JumpDC-bike_18843,JUMP DC-0720,2019-02-04 06:04:21-07,JumpDC,pedal-assist-bike,2019-02-04 06:05:00-07,-76.9975266666667,38.8921133333333
JumpDC-bike_18830,JUMP DC-0707,2019-02-04 06:04:21-07,JumpDC,pedal-assist-bike,2019-02-04 06:05:00-07,-76.9821733333333,38.8928816666667
JumpDC-bike_23454,JUMP DC-2589,2019-02-04 06:04:21-07,JumpDC,pedal-assist-bike,2019-02-04 06:05:00-07,-77.0550216666667,38.8972383333333
JumpDC-bike_23698,JUMP DC-2733,2019-02-04 06:04:21-07,JumpDC,pedal-assist-bike,2019-02-04 06:05:00-07,-76.9464233333333,38.899
JumpDC-bike_23159,JUMP DC-2468,2019-02-04 06:04:21-07,JumpDC,pedal-assist-bike,2019-02-04 06:05:00-07,-76.9464033333333,38.8990133333333
JumpDC-bike_23614,JUMP DC-2649,2019-02-04 06:04:21-07,JumpDC,pedal-assist-bike,2019-02-04 06:05:00-07,-76.9437033333333,38.8984516666667
JumpDC-bike_16523,JUMP DC-0167,2019-02-04 06:04:21-07,JumpDC,pedal-assist-bike,2019-02-04 06:05:00-07,-77.058075,38.904425
JumpDC-bike_23671,JUMP DC-2706,2019-02-04 06:04:21-07,JumpDC,pedal-assist-bike,2019-02-04 06:05:00-07,-77.0394216666667,38.9026916666667
JumpDC-bike_23668,JUMP DC-2703,2019-02-04 06:04:21-07,JumpDC,pedal-assist-bike,2019-02-04 06:05:00-07,-77.0396816666667,38.90256
JumpDC-bike_23490,JUMP DC-2625,2019-02-04 06:04:21-07,JumpDC,pedal-assist-bike,2019-02-04 06:05:00-07,-77.0396533333333,38.9024233333333
JumpDC-bike_23467,JUMP DC-2602,2019-02-04 06:04:21-07,JumpDC,pedal-assist-bike,2019-02-04 06:05:00-07,-77.01361,38.903845
JumpDC-bike_23216,JUMP DC-2525,2019-02-04 06:04:21-07,JumpDC,pedal-assist-bike,2019-02-04 06:05:00-07,-77.014915,38.8881666666667
JumpDC-bike_23620,JUMP DC-2655,2019-02-04 06:04:21-07,JumpDC,pedal-assist-bike,2019-02-04 06:05:00-07,-77.0035416666667,38.8905833333333
JumpDC-bike_23449,JUMP DC-2584,2019-02-04 06:04:21-07,JumpDC,pedal-assist-bike,2019-02-04 06:05:00-07,-76.9994516666667,38.8896916666667
JumpDC-bike_23621,JUMP DC-2656,2019-02-04 06:04:21-07,JumpDC,pedal-assist-bike,2019-02-04 06:05:00-07,-76.9445983333333,38.8897016666667
JumpDC-bike_23229,JUMP DC-2538,2019-02-04 06:04:21-07,JumpDC,pedal-assist-bike,2019-02-04 06:05:00-07,-77.0465866666667,38.8964966666667
JumpDC-bike_18884,JUMP DC-0843,2019-02-04 06:04:21-07,JumpDC,pedal-assist-bike,2019-02-04 06:05:00-07,-77.0173783333333,38.9005566666667
JumpDC-bike_16499,JUMP DC-0186,2019-02-04 06:04:21-07,JumpDC,pedal-assist-bike,2019-02-04 06:05:00-07,-77.0091616666667,38.898825
JumpDC-bike_23506,JUMP DC-2641,2019-02-04 06:04:21-07,JumpDC,pedal-assist-bike,2019-02-04 06:05:00-07,-77.0068516666667,38.8979466666667
JumpDC-bike_23194,JUMP DC-2503,2019-02-04 06:04:21-07,JumpDC,pedal-assist-bike,2019-02-04 06:05:00-07,-77.009505,38.8972933333333
JumpDC-bike_18930,JUMP DC-0809,2019-02-04 06:04:21-07,JumpDC,pedal-assist-bike,2019-02-04 06:05:00-07,-76.9903616666667,38.8977566666667
JumpDC-bike_16500,JUMP DC-0187,2019-02-04 06:04:21-07,JumpDC,pedal-assist-bike,2019-02-04 06:05:00-07,-76.9912316666667,38.9001
JumpDC-bike_18896,JUMP DC-0775,2019-02-04 06:04:21-07,JumpDC,pedal-assist-bike,2019-02-04 06:05:00-07,-76.9464933333333,38.8987516666667
JumpDC-bike_18823,JUMP DC-0700,2019-02-04 06:04:21-07,JumpDC,pedal-assist-bike,2019-02-04 06:05:00-07,-76.94636,38.8989683333333
JumpDC-bike_23217,JUMP DC-2526,2019-02-04 06:04:21-07,JumpDC,pedal-assist-bike,2019-02-04 06:05:00-07,-76.9875183333333,38.90383
JumpDC-bike_18841,JUMP DC-0718,2019-02-04 06:04:21-07,JumpDC,pedal-assist-bike,2019-02-04 06:05:00-07,-76.9801183333333,38.9025866666667
JumpDC-bike_23473,JUMP DC-2608,2019-02-04 06:04:21-07,JumpDC,pedal-assist-bike,2019-02-04 06:05:00-07,-76.9725,38.9047266666667
JumpDC-bike_23162,JUMP DC-2471,2019-02-04 06:04:21-07,JumpDC,pedal-assist-bike,2019-02-04 06:05:00-07,-76.9731716666667,38.9031183333333
JumpDC-bike_23711,JUMP DC-2746,2019-02-04 06:04:21-07,JumpDC,pedal-assist-bike,2019-02-04 06:05:00-07,-77.0559983333333,38.90777
JumpDC-bike_23670,JUMP DC-2705,2019-02-04 06:04:21-07,JumpDC,pedal-assist-bike,2019-02-04 06:05:00-07,-77.0417033333333,38.9074316666667
JumpDC-bike_23479,JUMP DC-2614,2019-02-04 06:04:21-07,JumpDC,pedal-assist-bike,2019-02-04 06:05:00-07,-77.0449583333333,38.9098966666667
JumpDC-bike_23630,JUMP DC-2665,2019-02-04 06:04:21-07,JumpDC,pedal-assist-bike,2019-02-04 06:05:00-07,-77.041505,38.9060466666667
JumpDC-bike_23213,JUMP DC-2522,2019-02-04 06:04:21-07,JumpDC,pedal-assist-bike,2019-02-04 06:05:00-07,-77.037035,38.9057933333333
JumpDC-bike_23712,JUMP DC-2747,2019-02-04 06:04:21-07,JumpDC,pedal-assist-bike,2019-02-04 06:05:00-07,-77.0173166666667,38.9072166666667
JumpDC-bike_23471,JUMP DC-2606,2019-02-04 06:04:21-07,JumpDC,pedal-assist-bike,2019-02-04 06:05:00-07,-77.0055433333333,38.90553
JumpDC-bike_16634,JUMP DC-0226,2019-02-04 06:04:21-07,JumpDC,pedal-assist-bike,2019-02-04 06:05:00-07,-77.000275,38.9075733333333
JumpDC-bike_23667,JUMP DC-2702,2019-02-04 06:04:21-07,JumpDC,pedal-assist-bike,2019-02-04 06:05:00-07,-76.9944866666667,38.9071066666667
JumpDC-bike_23189,JUMP DC-2498,2019-02-04 06:04:21-07,JumpDC,pedal-assist-bike,2019-02-04 06:05:00-07,-76.9944416666667,38.9070833333333
JumpDC-bike_23215,JUMP DC-2524,2019-02-04 06:04:21-07,JumpDC,pedal-assist-bike,2019-02-04 06:05:00-07,-77.073275,38.92565
JumpDC-bike_23672,JUMP DC-2707,2019-02-04 06:04:21-07,JumpDC,pedal-assist-bike,2019-02-04 06:05:00-07,-77.05754,38.9241316666667
JumpDC-bike_18901,JUMP DC-0780,2019-02-04 06:04:21-07,JumpDC,pedal-assist-bike,2019-02-04 06:05:00-07,-77.0534683333333,38.9269966666667
JumpDC-bike_23422,JUMP DC-2557,2019-02-04 06:04:21-07,JumpDC,pedal-assist-bike,2019-02-04 06:05:00-07,-77.0415433333333,38.9260883333333
JumpDC-bike_23172,JUMP DC-2481,2019-02-04 06:04:21-07,JumpDC,pedal-assist-bike,2019-02-04 06:05:00-07,-77.034135,38.924345
JumpDC-bike_16612,JUMP DC-0247,2019-02-04 06:04:21-07,JumpDC,pedal-assist-bike,2019-02-04 06:05:00-07,-77.0301416666667,38.92385
JumpDC-bike_23626,JUMP DC-2661,2019-02-04 06:04:21-07,JumpDC,pedal-assist-bike,2019-02-04 06:05:00-07,-77.0285916666667,38.9267783333333
JumpDC-bike_23155,JUMP DC-2464,2019-02-04 06:04:21-07,JumpDC,pedal-assist-bike,2019-02-04 06:05:00-07,-76.9629183333333,38.9239233333333
JumpDC-bike_23130,JUMP DC-0820,2019-02-04 06:04:21-07,JumpDC,pedal-assist-bike,2019-02-04 06:05:00-07,-77.0862816666667,38.9288466666667
JumpDC-bike_23453,JUMP DC-2588  ,2019-02-04 06:04:21-07,JumpDC,pedal-assist-bike,2019-02-04 06:05:00-07,-77.0539166666667,38.9280866666667
JumpDC-bike_23496,JUMP DC-2631,2019-02-04 06:04:21-07,JumpDC,pedal-assist-bike,2019-02-04 06:05:00-07,-77.054175,38.9283383333333
JumpDC-bike_23424,JUMP DC-2559,2019-02-04 06:04:21-07,JumpDC,pedal-assist-bike,2019-02-04 06:05:00-07,-77.0417283333333,38.91271
JumpDC-bike_23657,JUMP DC-2692,2019-02-04 06:04:21-07,JumpDC,pedal-assist-bike,2019-02-04 06:05:00-07,-77.040655,38.9111066666667
JumpDC-bike_23461,JUMP DC-2596,2019-02-04 06:04:21-07,JumpDC,pedal-assist-bike,2019-02-04 06:05:00-07,-77.0206716666667,38.913695
JumpDC-bike_16625,JUMP DC-0230 ,2019-02-04 06:04:21-07,JumpDC,pedal-assist-bike,2019-02-04 06:05:00-07,-77.00251,38.9111733333333
JumpDC-bike_18857,JUMP DC-0766,2019-02-04 06:04:21-07,JumpDC,pedal-assist-bike,2019-02-04 06:05:00-07,-77.0417566666667,38.9185766666667
JumpDC-bike_18887,JUMP DC-0764,2019-02-04 06:04:21-07,JumpDC,pedal-assist-bike,2019-02-04 06:05:00-07,-77.0410016666667,38.9178566666667
JumpDC-bike_18862,JUMP DC-0821,2019-02-04 06:04:21-07,JumpDC,pedal-assist-bike,2019-02-04 06:05:00-07,-77.040995,38.91778
JumpDC-bike_23462,JUMP DC-2597,2019-02-04 06:04:21-07,JumpDC,pedal-assist-bike,2019-02-04 06:05:00-07,-77.0351866666667,38.918355
JumpDC-bike_23488,JUMP DC-2623,2019-02-04 06:04:21-07,JumpDC,pedal-assist-bike,2019-02-04 06:05:00-07,-77.0330733333333,38.918625
JumpDC-bike_23504,JUMP DC-2639,2019-02-04 06:04:21-07,JumpDC,pedal-assist-bike,2019-02-04 06:05:00-07,-77.0255466666667,38.9164966666667
JumpDC-bike_23673,JUMP DC-2708,2019-02-04 06:04:21-07,JumpDC,pedal-assist-bike,2019-02-04 06:05:00-07,-77.024785,38.9163916666667
JumpDC-bike_16633,JUMP DC-0225,2019-02-04 06:04:21-07,JumpDC,pedal-assist-bike,2019-02-04 06:05:00-07,-77.028095,38.9177183333333
JumpDC-bike_23669,JUMP DC-2704,2019-02-04 06:04:21-07,JumpDC,pedal-assist-bike,2019-02-04 06:05:00-07,-77.023085,38.91844
JumpDC-bike_18855,JUMP DC-0691,2019-02-04 06:04:21-07,JumpDC,pedal-assist-bike,2019-02-04 06:05:00-07,-77.0376583333333,38.9297233333333
JumpDC-bike_16532,JUMP DC-0223,2019-02-04 06:04:21-07,JumpDC,pedal-assist-bike,2019-02-04 06:05:00-07,-77.03162,38.9306433333333
JumpDC-bike_18922,JUMP DC-0801,2019-02-04 06:04:21-07,JumpDC,pedal-assist-bike,2019-02-04 06:05:00-07,-77.0236816666667,38.9315983333333
JumpDC-bike_18916,JUMP DC-0795,2019-02-04 06:04:21-07,JumpDC,pedal-assist-bike,2019-02-04 06:05:00-07,-77.0586566666667,38.9360466666667
JumpDC-bike_23151,JUMP DC-2460 ,2019-02-04 06:04:21-07,JumpDC,pedal-assist-bike,2019-02-04 06:05:00-07,-77.0586083333333,38.9360833333333
JumpDC-bike_23705,JUMP DC-2740,2019-02-04 06:04:21-07,JumpDC,pedal-assist-bike,2019-02-04 06:05:00-07,-77.0586233333333,38.936055
JumpDC-bike_23623,JUMP DC-2658,2019-02-04 06:04:21-07,JumpDC,pedal-assist-bike,2019-02-04 06:05:00-07,-77.0587033333333,38.9361266666667
JumpDC-bike_23445,JUMP DC-2580,2019-02-04 06:04:21-07,JumpDC,pedal-assist-bike,2019-02-04 06:05:00-07,-77.0452933333333,38.9352866666667
JumpDC-bike_16607,JUMP DC-0242,2019-02-04 06:04:21-07,JumpDC,pedal-assist-bike,2019-02-04 06:05:00-07,-77.0322816666667,38.9324366666667
JumpDC-bike_23656,JUMP DC-2691 ,2019-02-04 06:04:21-07,JumpDC,pedal-assist-bike,2019-02-04 06:05:00-07,-77.0296716666667,38.9335766666667
JumpDC-bike_23691,JUMP DC-2726,2019-02-04 06:04:21-07,JumpDC,pedal-assist-bike,2019-02-04 06:05:00-07,-76.9909566666667,38.9337333333333
JumpDC-bike_18837,JUMP DC-0714,2019-02-04 06:04:21-07,JumpDC,pedal-assist-bike,2019-02-04 06:05:00-07,-77.0612316666667,38.9407783333333
JumpDC-bike_23157,JUMP DC-2466,2019-02-04 06:04:21-07,JumpDC,pedal-assist-bike,2019-02-04 06:05:00-07,-77.0595933333333,38.9372616666667
JumpDC-bike_16502,JUMP DC-0189,2019-02-04 06:04:21-07,JumpDC,pedal-assist-bike,2019-02-04 06:05:00-07,-77.0286016666667,38.937555
JumpDC-bike_16632,JUMP DC-0224,2019-02-04 06:04:21-07,JumpDC,pedal-assist-bike,2019-02-04 06:05:00-07,-77.0634833333333,38.9443433333333
JumpDC-bike_23654,JUMP DC-2689,2019-02-04 06:04:21-07,JumpDC,pedal-assist-bike,2019-02-04 06:05:00-07,-77.0624733333333,38.9439466666667
JumpDC-bike_23655,JUMP DC-2690,2019-02-04 06:04:21-07,JumpDC,pedal-assist-bike,2019-02-04 06:05:00-07,-77.0625716666667,38.9438433333333
JumpDC-bike_18851,JUMP DC-0696 (Dummy Controller),2019-02-04 06:04:21-07,JumpDC,pedal-assist-bike,2019-02-04 06:05:00-07,-77.0407166666667,38.94497
JumpDC-bike_18908,JUMP DC-0787,2019-02-04 06:04:21-07,JumpDC,pedal-assist-bike,2019-02-04 06:05:00-07,-77.0122083333333,38.915195
JumpDC-bike_23450,JUMP DC-2585,2019-02-04 06:04:21-07,JumpDC,pedal-assist-bike,2019-02-04 06:05:00-07,-77.0058316666667,38.916365
JumpDC-bike_23617,JUMP DC-2652,2019-02-04 06:04:21-07,JumpDC,pedal-assist-bike,2019-02-04 06:05:00-07,-76.9836283333333,38.9156083333333
JumpDC-bike_18877,JUMP DC-0836,2019-02-04 06:04:21-07,JumpDC,pedal-assist-bike,2019-02-04 06:05:00-07,-77.071265,38.9189616666667
JumpDC-bike_23695,JUMP DC-2730,2019-02-04 06:04:21-07,JumpDC,pedal-assist-bike,2019-02-04 06:05:00-07,-77.042485,38.92199
JumpDC-bike_23618,JUMP DC-2653,2019-02-04 06:04:21-07,JumpDC,pedal-assist-bike,2019-02-04 06:05:00-07,-77.0417066666667,38.91982
JumpDC-bike_23637,JUMP DC-2672,2019-02-04 06:04:21-07,JumpDC,pedal-assist-bike,2019-02-04 06:05:00-07,-77.043665,38.9214566666667
JumpDC-bike_23642,JUMP DC-2677,2019-02-04 06:04:21-07,JumpDC,pedal-assist-bike,2019-02-04 06:05:00-07,-77.0423666666667,38.9210166666667
JumpDC-bike_23202,JUMP DC-2511,2019-02-04 06:04:21-07,JumpDC,pedal-assist-bike,2019-02-04 06:05:00-07,-77.0424116666667,38.922145
JumpDC-bike_23487,JUMP DC-2622,2019-02-04 06:04:21-07,JumpDC,pedal-assist-bike,2019-02-04 06:05:00-07,-77.03286,38.9192116666667
JumpDC-bike_23478,JUMP DC-2613,2019-02-04 06:04:21-07,JumpDC,pedal-assist-bike,2019-02-04 06:05:00-07,-77.03521,38.923355
JumpDC-bike_16521,JUMP DC-0169  ,2019-02-04 06:04:21-07,JumpDC,pedal-assist-bike,2019-02-04 06:05:00-07,-77.0326066666667,38.92166
JumpDC-bike_23147,JUMP DC-2456,2019-02-04 06:19:21-07,JumpDC,pedal-assist-bike,2019-02-04 06:20:00-07,-76.99463,38.862235
JumpDC-bike_23171,JUMP DC-2480,2019-02-04 06:19:21-07,JumpDC,pedal-assist-bike,2019-02-04 06:20:00-07,-76.9949483333333,38.8622633333333
JumpDC-bike_23489,JUMP DC-2624,2019-02-04 06:19:21-07,JumpDC,pedal-assist-bike,2019-02-04 06:20:00-07,-76.9953833333333,38.8624866666667
JumpDC-bike_23482,JUMP DC-2617,2019-02-04 06:19:21-07,JumpDC,pedal-assist-bike,2019-02-04 06:20:00-07,-76.99473,38.8620916666667
JumpDC-bike_23224,JUMP DC-2533,2019-02-04 06:19:21-07,JumpDC,pedal-assist-bike,2019-02-04 06:20:00-07,-76.9862466666667,38.8614916666667
JumpDC-bike_23706,JUMP DC-2741,2019-02-04 06:19:21-07,JumpDC,pedal-assist-bike,2019-02-04 06:20:00-07,-76.977405,38.8648383333333
JumpDC-bike_23207,JUMP DC-2516,2019-02-04 06:19:21-07,JumpDC,pedal-assist-bike,2019-02-04 06:20:00-07,-76.9783183333333,38.8656833333333
JumpDC-bike_23690,JUMP DC-2725,2019-02-04 06:19:21-07,JumpDC,pedal-assist-bike,2019-02-04 06:20:00-07,-77.0061866666667,38.8717866666667
JumpDC-bike_18826,JUMP DC-0703,2019-02-04 06:19:21-07,JumpDC,pedal-assist-bike,2019-02-04 06:20:00-07,-77.0282483333333,38.886635
JumpDC-bike_23156,JUMP DC-2465,2019-02-04 06:19:21-07,JumpDC,pedal-assist-bike,2019-02-04 06:20:00-07,-77.0282383333333,38.8867266666667
JumpDC-bike_23179,JUMP DC-2488,2019-02-04 06:19:21-07,JumpDC,pedal-assist-bike,2019-02-04 06:20:00-07,-77.0059866666667,38.8857683333333
JumpDC-bike_23416,JUMP DC-2551,2019-02-04 06:19:21-07,JumpDC,pedal-assist-bike,2019-02-04 06:20:00-07,-76.9789283333333,38.885475
JumpDC-bike_23216,JUMP DC-2525,2019-02-04 06:19:21-07,JumpDC,pedal-assist-bike,2019-02-04 06:20:00-07,-77.014915,38.8881666666667
JumpDC-bike_23620,JUMP DC-2655,2019-02-04 06:19:21-07,JumpDC,pedal-assist-bike,2019-02-04 06:20:00-07,-77.0035416666667,38.8905833333333
JumpDC-bike_23449,JUMP DC-2584,2019-02-04 06:19:21-07,JumpDC,pedal-assist-bike,2019-02-04 06:20:00-07,-76.9994516666667,38.8896916666667
JumpDC-bike_23621,JUMP DC-2656,2019-02-04 06:19:21-07,JumpDC,pedal-assist-bike,2019-02-04 06:20:00-07,-76.9445983333333,38.8897016666667
JumpDC-bike_18909,JUMP DC-0788,2019-02-04 06:19:21-07,JumpDC,pedal-assist-bike,2019-02-04 06:20:00-07,-77.0401466666667,38.8944616666667
JumpDC-bike_23680,JUMP DC-2715,2019-02-04 06:19:21-07,JumpDC,pedal-assist-bike,2019-02-04 06:20:00-07,-77.02208,38.8949633333333
JumpDC-bike_18843,JUMP DC-0720,2019-02-04 06:19:21-07,JumpDC,pedal-assist-bike,2019-02-04 06:20:00-07,-76.9975266666667,38.8921133333333
JumpDC-bike_18830,JUMP DC-0707,2019-02-04 06:19:21-07,JumpDC,pedal-assist-bike,2019-02-04 06:20:00-07,-76.9821733333333,38.8928816666667
JumpDC-bike_23454,JUMP DC-2589,2019-02-04 06:19:21-07,JumpDC,pedal-assist-bike,2019-02-04 06:20:00-07,-77.0550216666667,38.8972383333333
JumpDC-bike_23229,JUMP DC-2538,2019-02-04 06:19:21-07,JumpDC,pedal-assist-bike,2019-02-04 06:20:00-07,-77.0465866666667,38.8964966666667
JumpDC-bike_16624,JUMP DC-0229,2019-02-04 06:04:21-07,JumpDC,pedal-assist-bike,2019-02-04 06:05:00-07,-77.0030266666667,38.9527833333333
JumpDC-bike_23443,JUMP DC-2578 ,2019-02-04 06:04:21-07,JumpDC,pedal-assist-bike,2019-02-04 06:05:00-07,-77.002725,38.95291
JumpDC-bike_23494,JUMP DC-2629,2019-02-04 06:04:21-07,JumpDC,pedal-assist-bike,2019-02-04 06:05:00-07,-77.027825,38.9622633333333
JumpDC-bike_23674,JUMP DC-2709,2019-02-04 06:04:21-07,JumpDC,pedal-assist-bike,2019-02-04 06:05:00-07,-77.0277916666667,38.9621183333333
JumpDC-bike_23230,JUMP DC-2539 ,2019-02-04 06:04:21-07,JumpDC,pedal-assist-bike,2019-02-04 06:05:00-07,-77.0277916666667,38.962105
JumpDC-bike_23697,JUMP DC-2732,2019-02-04 06:19:21-07,JumpDC,pedal-assist-bike,2019-02-04 06:20:00-07,-77.0010666666667,38.875415
JumpDC-bike_23466,JUMP DC-2601,2019-02-04 06:19:21-07,JumpDC,pedal-assist-bike,2019-02-04 06:20:00-07,-77.0045316666667,38.8771966666667
JumpDC-bike_23489,JUMP DC-2624,2019-02-04 06:04:21-07,JumpDC,pedal-assist-bike,2019-02-04 06:05:00-07,-76.9953833333333,38.8624866666667
JumpDC-bike_18884,JUMP DC-0843,2019-02-04 06:19:21-07,JumpDC,pedal-assist-bike,2019-02-04 06:20:00-07,-77.0173783333333,38.9005566666667
JumpDC-bike_16499,JUMP DC-0186,2019-02-04 06:19:21-07,JumpDC,pedal-assist-bike,2019-02-04 06:20:00-07,-77.0091616666667,38.898825
JumpDC-bike_23506,JUMP DC-2641,2019-02-04 06:19:21-07,JumpDC,pedal-assist-bike,2019-02-04 06:20:00-07,-77.0068516666667,38.8979466666667
JumpDC-bike_23194,JUMP DC-2503,2019-02-04 06:19:21-07,JumpDC,pedal-assist-bike,2019-02-04 06:20:00-07,-77.009505,38.8972933333333
JumpDC-bike_18930,JUMP DC-0809,2019-02-04 06:19:21-07,JumpDC,pedal-assist-bike,2019-02-04 06:20:00-07,-76.9903616666667,38.8977566666667
JumpDC-bike_18858,JUMP DC-0817,2019-02-04 06:19:21-07,JumpDC,pedal-assist-bike,2019-02-04 06:20:00-07,-77.0882966666667,38.87879
JumpDC-bike_23183,JUMP DC-2492,2019-02-04 06:19:21-07,JumpDC,pedal-assist-bike,2019-02-04 06:20:00-07,-76.9867416666667,38.8800033333333
JumpDC-bike_23171,JUMP DC-2480,2019-02-04 06:04:21-07,JumpDC,pedal-assist-bike,2019-02-04 06:05:00-07,-76.9949483333333,38.8622633333333
JumpDC-bike_23671,JUMP DC-2706,2019-02-04 06:19:21-07,JumpDC,pedal-assist-bike,2019-02-04 06:20:00-07,-77.0394216666667,38.9026916666667
JumpDC-bike_23668,JUMP DC-2703,2019-02-04 06:19:21-07,JumpDC,pedal-assist-bike,2019-02-04 06:20:00-07,-77.0396816666667,38.90256
JumpDC-bike_23490,JUMP DC-2625,2019-02-04 06:19:21-07,JumpDC,pedal-assist-bike,2019-02-04 06:20:00-07,-77.0396533333333,38.9024233333333
JumpDC-bike_23467,JUMP DC-2602,2019-02-04 06:19:21-07,JumpDC,pedal-assist-bike,2019-02-04 06:20:00-07,-77.01361,38.903845
JumpDC-bike_23217,JUMP DC-2526,2019-02-04 06:19:21-07,JumpDC,pedal-assist-bike,2019-02-04 06:20:00-07,-76.9875183333333,38.90383
JumpDC-bike_18841,JUMP DC-0718,2019-02-04 06:19:21-07,JumpDC,pedal-assist-bike,2019-02-04 06:20:00-07,-76.9801183333333,38.9025866666667
JumpDC-bike_23162,JUMP DC-2471,2019-02-04 06:19:21-07,JumpDC,pedal-assist-bike,2019-02-04 06:20:00-07,-76.9731716666667,38.9031183333333
JumpDC-bike_23711,JUMP DC-2746,2019-02-04 06:19:21-07,JumpDC,pedal-assist-bike,2019-02-04 06:20:00-07,-77.0559983333333,38.90777
JumpDC-bike_23479,JUMP DC-2614,2019-02-04 06:19:21-07,JumpDC,pedal-assist-bike,2019-02-04 06:20:00-07,-77.0449583333333,38.9098966666667
JumpDC-bike_23630,JUMP DC-2665,2019-02-04 06:19:21-07,JumpDC,pedal-assist-bike,2019-02-04 06:20:00-07,-77.041505,38.9060466666667
JumpDC-bike_23670,JUMP DC-2705,2019-02-04 06:19:21-07,JumpDC,pedal-assist-bike,2019-02-04 06:20:00-07,-77.0417033333333,38.9074316666667
JumpDC-bike_23213,JUMP DC-2522,2019-02-04 06:19:21-07,JumpDC,pedal-assist-bike,2019-02-04 06:20:00-07,-77.037035,38.9057933333333
JumpDC-bike_16500,JUMP DC-0187,2019-02-04 06:19:21-07,JumpDC,pedal-assist-bike,2019-02-04 06:20:00-07,-76.9912316666667,38.9001
JumpDC-bike_23614,JUMP DC-2649,2019-02-04 06:19:21-07,JumpDC,pedal-assist-bike,2019-02-04 06:20:00-07,-76.9437033333333,38.8984516666667
JumpDC-bike_18896,JUMP DC-0775,2019-02-04 06:19:21-07,JumpDC,pedal-assist-bike,2019-02-04 06:20:00-07,-76.9464933333333,38.8987516666667
JumpDC-bike_18823,JUMP DC-0700,2019-02-04 06:19:21-07,JumpDC,pedal-assist-bike,2019-02-04 06:20:00-07,-76.94636,38.8989683333333
JumpDC-bike_23698,JUMP DC-2733,2019-02-04 06:19:21-07,JumpDC,pedal-assist-bike,2019-02-04 06:20:00-07,-76.9464233333333,38.899
JumpDC-bike_23159,JUMP DC-2468,2019-02-04 06:19:21-07,JumpDC,pedal-assist-bike,2019-02-04 06:20:00-07,-76.9464033333333,38.8990133333333
JumpDC-bike_16523,JUMP DC-0167,2019-02-04 06:19:21-07,JumpDC,pedal-assist-bike,2019-02-04 06:20:00-07,-77.058075,38.904425
JumpDC-bike_23448,JUMP DC-2583,2019-02-04 06:19:21-07,JumpDC,pedal-assist-bike,2019-02-04 06:20:00-07,-77.0130833333333,38.9122283333333
JumpDC-bike_23687,JUMP DC-2722,2019-02-04 06:19:21-07,JumpDC,pedal-assist-bike,2019-02-04 06:20:00-07,-77.01525,38.9132416666667
JumpDC-bike_23150,JUMP DC-2459,2019-02-04 06:19:21-07,JumpDC,pedal-assist-bike,2019-02-04 06:20:00-07,-77.0151566666667,38.9134133333333
JumpDC-bike_23616,JUMP DC-2651,2019-02-04 06:19:21-07,JumpDC,pedal-assist-bike,2019-02-04 06:20:00-07,-77.0152333333333,38.9133283333333
JumpDC-bike_16625,JUMP DC-0230 ,2019-02-04 06:19:21-07,JumpDC,pedal-assist-bike,2019-02-04 06:20:00-07,-77.00251,38.9111733333333
JumpDC-bike_18857,JUMP DC-0766,2019-02-04 06:19:21-07,JumpDC,pedal-assist-bike,2019-02-04 06:20:00-07,-77.0417566666667,38.9185766666667
JumpDC-bike_18887,JUMP DC-0764,2019-02-04 06:19:21-07,JumpDC,pedal-assist-bike,2019-02-04 06:20:00-07,-77.0410016666667,38.9178566666667
JumpDC-bike_18862,JUMP DC-0821,2019-02-04 06:19:21-07,JumpDC,pedal-assist-bike,2019-02-04 06:20:00-07,-77.040995,38.91778
JumpDC-bike_23462,JUMP DC-2597,2019-02-04 06:19:21-07,JumpDC,pedal-assist-bike,2019-02-04 06:20:00-07,-77.0351866666667,38.918355
JumpDC-bike_23488,JUMP DC-2623,2019-02-04 06:19:21-07,JumpDC,pedal-assist-bike,2019-02-04 06:20:00-07,-77.0330733333333,38.918625
JumpDC-bike_23504,JUMP DC-2639,2019-02-04 06:19:21-07,JumpDC,pedal-assist-bike,2019-02-04 06:20:00-07,-77.0255466666667,38.9164966666667
JumpDC-bike_23673,JUMP DC-2708,2019-02-04 06:19:21-07,JumpDC,pedal-assist-bike,2019-02-04 06:20:00-07,-77.024785,38.9163916666667
JumpDC-bike_16633,JUMP DC-0225,2019-02-04 06:19:21-07,JumpDC,pedal-assist-bike,2019-02-04 06:20:00-07,-77.028095,38.9177183333333
JumpDC-bike_23669,JUMP DC-2704,2019-02-04 06:19:21-07,JumpDC,pedal-assist-bike,2019-02-04 06:20:00-07,-77.023085,38.91844
JumpDC-bike_18908,JUMP DC-0787,2019-02-04 06:19:21-07,JumpDC,pedal-assist-bike,2019-02-04 06:20:00-07,-77.0122083333333,38.915195
JumpDC-bike_23450,JUMP DC-2585,2019-02-04 06:19:21-07,JumpDC,pedal-assist-bike,2019-02-04 06:20:00-07,-77.0058316666667,38.916365
JumpDC-bike_23617,JUMP DC-2652,2019-02-04 06:19:21-07,JumpDC,pedal-assist-bike,2019-02-04 06:20:00-07,-76.9836283333333,38.9156083333333
JumpDC-bike_16612,JUMP DC-0247,2019-02-04 06:19:21-07,JumpDC,pedal-assist-bike,2019-02-04 06:20:00-07,-77.0301416666667,38.92385
JumpDC-bike_23626,JUMP DC-2661,2019-02-04 06:19:21-07,JumpDC,pedal-assist-bike,2019-02-04 06:20:00-07,-77.0285916666667,38.9267783333333
JumpDC-bike_23155,JUMP DC-2464,2019-02-04 06:19:21-07,JumpDC,pedal-assist-bike,2019-02-04 06:20:00-07,-76.9629183333333,38.9239233333333
JumpDC-bike_23130,JUMP DC-0820,2019-02-04 06:19:21-07,JumpDC,pedal-assist-bike,2019-02-04 06:20:00-07,-77.0862816666667,38.9288466666667
JumpDC-bike_23453,JUMP DC-2588  ,2019-02-04 06:19:21-07,JumpDC,pedal-assist-bike,2019-02-04 06:20:00-07,-77.0539166666667,38.9280866666667
JumpDC-bike_23496,JUMP DC-2631,2019-02-04 06:19:21-07,JumpDC,pedal-assist-bike,2019-02-04 06:20:00-07,-77.054175,38.9283383333333
JumpDC-bike_18855,JUMP DC-0691,2019-02-04 06:19:21-07,JumpDC,pedal-assist-bike,2019-02-04 06:20:00-07,-77.0376583333333,38.9297233333333
JumpDC-bike_16532,JUMP DC-0223,2019-02-04 06:19:21-07,JumpDC,pedal-assist-bike,2019-02-04 06:20:00-07,-77.03162,38.9306433333333
JumpDC-bike_18922,JUMP DC-0801,2019-02-04 06:19:21-07,JumpDC,pedal-assist-bike,2019-02-04 06:20:00-07,-77.0236816666667,38.9315983333333
JumpDC-bike_23712,JUMP DC-2747,2019-02-04 06:19:21-07,JumpDC,pedal-assist-bike,2019-02-04 06:20:00-07,-77.0173166666667,38.9072166666667
JumpDC-bike_23471,JUMP DC-2606,2019-02-04 06:19:21-07,JumpDC,pedal-assist-bike,2019-02-04 06:20:00-07,-77.0055433333333,38.90553
JumpDC-bike_16634,JUMP DC-0226,2019-02-04 06:19:21-07,JumpDC,pedal-assist-bike,2019-02-04 06:20:00-07,-77.000275,38.9075733333333
JumpDC-bike_23667,JUMP DC-2702,2019-02-04 06:19:21-07,JumpDC,pedal-assist-bike,2019-02-04 06:20:00-07,-76.9944866666667,38.9071066666667
JumpDC-bike_23189,JUMP DC-2498,2019-02-04 06:19:21-07,JumpDC,pedal-assist-bike,2019-02-04 06:20:00-07,-76.9944416666667,38.9070833333333
JumpDC-bike_23424,JUMP DC-2559,2019-02-04 06:19:21-07,JumpDC,pedal-assist-bike,2019-02-04 06:20:00-07,-77.0417283333333,38.91271
JumpDC-bike_23657,JUMP DC-2692,2019-02-04 06:19:21-07,JumpDC,pedal-assist-bike,2019-02-04 06:20:00-07,-77.040655,38.9111066666667
JumpDC-bike_23461,JUMP DC-2596,2019-02-04 06:19:21-07,JumpDC,pedal-assist-bike,2019-02-04 06:20:00-07,-77.0206716666667,38.913695
JumpDC-bike_23419,JUMP DC-2554,2019-02-04 06:19:21-07,JumpDC,pedal-assist-bike,2019-02-04 06:20:00-07,-77.0132833333333,38.9136866666667
JumpDC-bike_18877,JUMP DC-0836,2019-02-04 06:19:21-07,JumpDC,pedal-assist-bike,2019-02-04 06:20:00-07,-77.071265,38.9189616666667
JumpDC-bike_23202,JUMP DC-2511,2019-02-04 06:19:21-07,JumpDC,pedal-assist-bike,2019-02-04 06:20:00-07,-77.0424116666667,38.922145
JumpDC-bike_23695,JUMP DC-2730,2019-02-04 06:19:21-07,JumpDC,pedal-assist-bike,2019-02-04 06:20:00-07,-77.042485,38.92199
JumpDC-bike_23618,JUMP DC-2653,2019-02-04 06:19:21-07,JumpDC,pedal-assist-bike,2019-02-04 06:20:00-07,-77.0417066666667,38.91982
JumpDC-bike_23637,JUMP DC-2672,2019-02-04 06:19:21-07,JumpDC,pedal-assist-bike,2019-02-04 06:20:00-07,-77.043665,38.9214566666667
JumpDC-bike_23642,JUMP DC-2677,2019-02-04 06:19:21-07,JumpDC,pedal-assist-bike,2019-02-04 06:20:00-07,-77.0423666666667,38.9210166666667
JumpDC-bike_16521,JUMP DC-0169  ,2019-02-04 06:19:21-07,JumpDC,pedal-assist-bike,2019-02-04 06:20:00-07,-77.0326066666667,38.92166
JumpDC-bike_23487,JUMP DC-2622,2019-02-04 06:19:21-07,JumpDC,pedal-assist-bike,2019-02-04 06:20:00-07,-77.03286,38.9192116666667
JumpDC-bike_23478,JUMP DC-2613,2019-02-04 06:19:21-07,JumpDC,pedal-assist-bike,2019-02-04 06:20:00-07,-77.03521,38.923355
JumpDC-bike_23215,JUMP DC-2524,2019-02-04 06:19:21-07,JumpDC,pedal-assist-bike,2019-02-04 06:20:00-07,-77.073275,38.92565
JumpDC-bike_18901,JUMP DC-0780,2019-02-04 06:19:21-07,JumpDC,pedal-assist-bike,2019-02-04 06:20:00-07,-77.0534683333333,38.9269966666667
JumpDC-bike_23672,JUMP DC-2707,2019-02-04 06:19:21-07,JumpDC,pedal-assist-bike,2019-02-04 06:20:00-07,-77.05754,38.9241316666667
JumpDC-bike_23422,JUMP DC-2557,2019-02-04 06:19:21-07,JumpDC,pedal-assist-bike,2019-02-04 06:20:00-07,-77.0415433333333,38.9260883333333
JumpDC-bike_23172,JUMP DC-2481,2019-02-04 06:19:21-07,JumpDC,pedal-assist-bike,2019-02-04 06:20:00-07,-77.034135,38.924345
JumpDC-bike_23691,JUMP DC-2726,2019-02-04 06:19:21-07,JumpDC,pedal-assist-bike,2019-02-04 06:20:00-07,-76.9909566666667,38.9337333333333
JumpDC-bike_18837,JUMP DC-0714,2019-02-04 06:19:21-07,JumpDC,pedal-assist-bike,2019-02-04 06:20:00-07,-77.0612316666667,38.9407783333333
JumpDC-bike_23157,JUMP DC-2466,2019-02-04 06:19:21-07,JumpDC,pedal-assist-bike,2019-02-04 06:20:00-07,-77.0595933333333,38.9372616666667
JumpDC-bike_16502,JUMP DC-0189,2019-02-04 06:19:21-07,JumpDC,pedal-assist-bike,2019-02-04 06:20:00-07,-77.0286016666667,38.937555
JumpDC-bike_16632,JUMP DC-0224,2019-02-04 06:19:21-07,JumpDC,pedal-assist-bike,2019-02-04 06:20:00-07,-77.0634833333333,38.9443433333333
JumpDC-bike_23654,JUMP DC-2689,2019-02-04 06:19:21-07,JumpDC,pedal-assist-bike,2019-02-04 06:20:00-07,-77.0624733333333,38.9439466666667
JumpDC-bike_23655,JUMP DC-2690,2019-02-04 06:19:21-07,JumpDC,pedal-assist-bike,2019-02-04 06:20:00-07,-77.0625716666667,38.9438433333333
JumpDC-bike_18851,JUMP DC-0696 (Dummy Controller),2019-02-04 06:19:21-07,JumpDC,pedal-assist-bike,2019-02-04 06:20:00-07,-77.0407166666667,38.94497
JumpDC-bike_23443,JUMP DC-2578 ,2019-02-04 06:19:21-07,JumpDC,pedal-assist-bike,2019-02-04 06:20:00-07,-77.002725,38.95291
JumpDC-bike_16624,JUMP DC-0229,2019-02-04 06:19:21-07,JumpDC,pedal-assist-bike,2019-02-04 06:20:00-07,-77.0030266666667,38.9527833333333
JumpDC-bike_23674,JUMP DC-2709,2019-02-04 06:19:21-07,JumpDC,pedal-assist-bike,2019-02-04 06:20:00-07,-77.0277916666667,38.9621183333333
JumpDC-bike_23230,JUMP DC-2539 ,2019-02-04 06:19:21-07,JumpDC,pedal-assist-bike,2019-02-04 06:20:00-07,-77.0277916666667,38.962105
JumpDC-bike_23494,JUMP DC-2629,2019-02-04 06:19:21-07,JumpDC,pedal-assist-bike,2019-02-04 06:20:00-07,-77.027825,38.9622633333333
JumpDC-bike_23489,JUMP DC-2624,2019-02-04 06:34:01-07,JumpDC,pedal-assist-bike,2019-02-04 06:35:00-07,-76.9953833333333,38.8624866666667
JumpDC-bike_23482,JUMP DC-2617,2019-02-04 06:34:01-07,JumpDC,pedal-assist-bike,2019-02-04 06:35:00-07,-76.99473,38.8620916666667
JumpDC-bike_23147,JUMP DC-2456,2019-02-04 06:34:01-07,JumpDC,pedal-assist-bike,2019-02-04 06:35:00-07,-76.99463,38.862235
JumpDC-bike_23171,JUMP DC-2480,2019-02-04 06:34:01-07,JumpDC,pedal-assist-bike,2019-02-04 06:35:00-07,-76.9949483333333,38.8622633333333
JumpDC-bike_23224,JUMP DC-2533,2019-02-04 06:34:01-07,JumpDC,pedal-assist-bike,2019-02-04 06:35:00-07,-76.9862466666667,38.8614916666667
JumpDC-bike_23706,JUMP DC-2741,2019-02-04 06:34:01-07,JumpDC,pedal-assist-bike,2019-02-04 06:35:00-07,-76.977405,38.8648383333333
JumpDC-bike_18858,JUMP DC-0817,2019-02-04 06:34:01-07,JumpDC,pedal-assist-bike,2019-02-04 06:35:00-07,-77.0882966666667,38.87879
JumpDC-bike_23183,JUMP DC-2492,2019-02-04 06:34:01-07,JumpDC,pedal-assist-bike,2019-02-04 06:35:00-07,-76.9867416666667,38.8800033333333
JumpDC-bike_23156,JUMP DC-2465,2019-02-04 06:34:01-07,JumpDC,pedal-assist-bike,2019-02-04 06:35:00-07,-77.0282383333333,38.8867266666667
JumpDC-bike_18826,JUMP DC-0703,2019-02-04 06:34:01-07,JumpDC,pedal-assist-bike,2019-02-04 06:35:00-07,-77.0282483333333,38.886635
JumpDC-bike_23179,JUMP DC-2488,2019-02-04 06:34:01-07,JumpDC,pedal-assist-bike,2019-02-04 06:35:00-07,-77.0059866666667,38.8857683333333
JumpDC-bike_18848,JUMP DC-0693,2019-02-04 06:34:01-07,JumpDC,pedal-assist-bike,2019-02-04 06:35:00-07,-76.995865,38.884455
JumpDC-bike_18868,JUMP DC-0827,2019-02-04 06:34:01-07,JumpDC,pedal-assist-bike,2019-02-04 06:35:00-07,-76.9959316666667,38.8843733333333
JumpDC-bike_23144,JUMP DC-2453,2019-02-04 06:34:01-07,JumpDC,pedal-assist-bike,2019-02-04 06:35:00-07,-76.9959883333333,38.8847916666667
JumpDC-bike_18871,JUMP DC-0830,2019-02-04 06:34:01-07,JumpDC,pedal-assist-bike,2019-02-04 06:35:00-07,-76.996025,38.88442
JumpDC-bike_23648,JUMP DC-2683,2019-02-04 06:34:01-07,JumpDC,pedal-assist-bike,2019-02-04 06:35:00-07,-76.995915,38.884355
JumpDC-bike_23164,JUMP DC-2473,2019-02-04 06:34:01-07,JumpDC,pedal-assist-bike,2019-02-04 06:35:00-07,-76.9956416666667,38.884725
JumpDC-bike_23416,JUMP DC-2551,2019-02-04 06:34:01-07,JumpDC,pedal-assist-bike,2019-02-04 06:35:00-07,-76.9789283333333,38.885475
JumpDC-bike_23216,JUMP DC-2525,2019-02-04 06:34:01-07,JumpDC,pedal-assist-bike,2019-02-04 06:35:00-07,-77.014915,38.8881666666667
JumpDC-bike_23620,JUMP DC-2655,2019-02-04 06:34:01-07,JumpDC,pedal-assist-bike,2019-02-04 06:35:00-07,-77.0035416666667,38.8905833333333
JumpDC-bike_23449,JUMP DC-2584,2019-02-04 06:34:01-07,JumpDC,pedal-assist-bike,2019-02-04 06:35:00-07,-76.9994516666667,38.8896916666667
JumpDC-bike_16499,JUMP DC-0186,2019-02-04 06:34:01-07,JumpDC,pedal-assist-bike,2019-02-04 06:35:00-07,-77.0091616666667,38.898825
JumpDC-bike_23506,JUMP DC-2641,2019-02-04 06:34:01-07,JumpDC,pedal-assist-bike,2019-02-04 06:35:00-07,-77.0068516666667,38.8979466666667
JumpDC-bike_23194,JUMP DC-2503,2019-02-04 06:34:01-07,JumpDC,pedal-assist-bike,2019-02-04 06:35:00-07,-77.009505,38.8972933333333
JumpDC-bike_23234,JUMP DC-2543,2019-02-04 06:34:01-07,JumpDC,pedal-assist-bike,2019-02-04 06:35:00-07,-76.9979083333333,38.9000616666667
JumpDC-bike_18933,JUMP DC-0812,2019-02-04 06:34:01-07,JumpDC,pedal-assist-bike,2019-02-04 06:35:00-07,-76.9980016666667,38.9005133333333
JumpDC-bike_18930,JUMP DC-0809,2019-02-04 06:34:01-07,JumpDC,pedal-assist-bike,2019-02-04 06:35:00-07,-76.9903616666667,38.8977566666667
JumpDC-bike_16500,JUMP DC-0187,2019-02-04 06:34:01-07,JumpDC,pedal-assist-bike,2019-02-04 06:35:00-07,-76.9912316666667,38.9001
JumpDC-bike_23153,JUMP DC-2462,2019-02-04 06:34:01-07,JumpDC,pedal-assist-bike,2019-02-04 06:35:00-07,-76.98621,38.9003366666667
JumpDC-bike_18870,JUMP DC-0829,2019-02-04 06:34:01-07,JumpDC,pedal-assist-bike,2019-02-04 06:35:00-07,-76.9860433333333,38.9001133333333
JumpDC-bike_18896,JUMP DC-0775,2019-02-04 06:34:01-07,JumpDC,pedal-assist-bike,2019-02-04 06:35:00-07,-76.9464933333333,38.8987516666667
JumpDC-bike_18823,JUMP DC-0700,2019-02-04 06:34:01-07,JumpDC,pedal-assist-bike,2019-02-04 06:35:00-07,-76.94636,38.8989683333333
JumpDC-bike_23698,JUMP DC-2733,2019-02-04 06:34:01-07,JumpDC,pedal-assist-bike,2019-02-04 06:35:00-07,-76.9464233333333,38.899
JumpDC-bike_23614,JUMP DC-2649,2019-02-04 06:34:01-07,JumpDC,pedal-assist-bike,2019-02-04 06:35:00-07,-76.9437033333333,38.8984516666667
JumpDC-bike_16523,JUMP DC-0167,2019-02-04 06:34:01-07,JumpDC,pedal-assist-bike,2019-02-04 06:35:00-07,-77.058075,38.904425
JumpDC-bike_23213,JUMP DC-2522,2019-02-04 06:34:01-07,JumpDC,pedal-assist-bike,2019-02-04 06:35:00-07,-77.037035,38.9057933333333
JumpDC-bike_23712,JUMP DC-2747,2019-02-04 06:34:01-07,JumpDC,pedal-assist-bike,2019-02-04 06:35:00-07,-77.0173166666667,38.9072166666667
JumpDC-bike_23471,JUMP DC-2606,2019-02-04 06:34:01-07,JumpDC,pedal-assist-bike,2019-02-04 06:35:00-07,-77.0055433333333,38.90553
JumpDC-bike_16634,JUMP DC-0226,2019-02-04 06:34:01-07,JumpDC,pedal-assist-bike,2019-02-04 06:35:00-07,-77.000275,38.9075733333333
JumpDC-bike_23667,JUMP DC-2702,2019-02-04 06:34:01-07,JumpDC,pedal-assist-bike,2019-02-04 06:35:00-07,-76.9944866666667,38.9071066666667
JumpDC-bike_23189,JUMP DC-2498,2019-02-04 06:34:01-07,JumpDC,pedal-assist-bike,2019-02-04 06:35:00-07,-76.9944416666667,38.9070833333333
JumpDC-bike_23424,JUMP DC-2559,2019-02-04 06:34:01-07,JumpDC,pedal-assist-bike,2019-02-04 06:35:00-07,-77.0417283333333,38.91271
JumpDC-bike_23657,JUMP DC-2692,2019-02-04 06:34:01-07,JumpDC,pedal-assist-bike,2019-02-04 06:35:00-07,-77.040655,38.9111066666667
JumpDC-bike_23461,JUMP DC-2596,2019-02-04 06:34:01-07,JumpDC,pedal-assist-bike,2019-02-04 06:35:00-07,-77.0206716666667,38.913695
JumpDC-bike_18877,JUMP DC-0836,2019-02-04 06:34:01-07,JumpDC,pedal-assist-bike,2019-02-04 06:35:00-07,-77.071265,38.9189616666667
JumpDC-bike_23642,JUMP DC-2677,2019-02-04 06:34:01-07,JumpDC,pedal-assist-bike,2019-02-04 06:35:00-07,-77.0423666666667,38.9210166666667
JumpDC-bike_23202,JUMP DC-2511,2019-02-04 06:34:01-07,JumpDC,pedal-assist-bike,2019-02-04 06:35:00-07,-77.0424116666667,38.922145
JumpDC-bike_23695,JUMP DC-2730,2019-02-04 06:34:01-07,JumpDC,pedal-assist-bike,2019-02-04 06:35:00-07,-77.042485,38.92199
JumpDC-bike_23618,JUMP DC-2653,2019-02-04 06:34:01-07,JumpDC,pedal-assist-bike,2019-02-04 06:35:00-07,-77.0417066666667,38.91982
JumpDC-bike_23637,JUMP DC-2672,2019-02-04 06:34:01-07,JumpDC,pedal-assist-bike,2019-02-04 06:35:00-07,-77.043665,38.9214566666667
JumpDC-bike_16521,JUMP DC-0169  ,2019-02-04 06:34:01-07,JumpDC,pedal-assist-bike,2019-02-04 06:35:00-07,-77.0326066666667,38.92166
JumpDC-bike_23487,JUMP DC-2622,2019-02-04 06:34:01-07,JumpDC,pedal-assist-bike,2019-02-04 06:35:00-07,-77.03286,38.9192116666667
JumpDC-bike_23478,JUMP DC-2613,2019-02-04 06:34:01-07,JumpDC,pedal-assist-bike,2019-02-04 06:35:00-07,-77.03521,38.923355
JumpDC-bike_23215,JUMP DC-2524,2019-02-04 06:34:01-07,JumpDC,pedal-assist-bike,2019-02-04 06:35:00-07,-77.073275,38.92565
JumpDC-bike_18901,JUMP DC-0780,2019-02-04 06:34:01-07,JumpDC,pedal-assist-bike,2019-02-04 06:35:00-07,-77.0534683333333,38.9269966666667
JumpDC-bike_23672,JUMP DC-2707,2019-02-04 06:34:01-07,JumpDC,pedal-assist-bike,2019-02-04 06:35:00-07,-77.05754,38.9241316666667
JumpDC-bike_23422,JUMP DC-2557,2019-02-04 06:34:01-07,JumpDC,pedal-assist-bike,2019-02-04 06:35:00-07,-77.0415433333333,38.9260883333333
JumpDC-bike_23172,JUMP DC-2481,2019-02-04 06:34:01-07,JumpDC,pedal-assist-bike,2019-02-04 06:35:00-07,-77.034135,38.924345
JumpDC-bike_16612,JUMP DC-0247,2019-02-04 06:34:01-07,JumpDC,pedal-assist-bike,2019-02-04 06:35:00-07,-77.0301416666667,38.92385
JumpDC-bike_23626,JUMP DC-2661,2019-02-04 06:34:01-07,JumpDC,pedal-assist-bike,2019-02-04 06:35:00-07,-77.0285916666667,38.9267783333333
JumpDC-bike_23155,JUMP DC-2464,2019-02-04 06:34:01-07,JumpDC,pedal-assist-bike,2019-02-04 06:35:00-07,-76.9629183333333,38.9239233333333
JumpDC-bike_23130,JUMP DC-0820,2019-02-04 06:34:01-07,JumpDC,pedal-assist-bike,2019-02-04 06:35:00-07,-77.0862816666667,38.9288466666667
JumpDC-bike_23496,JUMP DC-2631,2019-02-04 06:34:01-07,JumpDC,pedal-assist-bike,2019-02-04 06:35:00-07,-77.054175,38.9283383333333
JumpDC-bike_23453,JUMP DC-2588  ,2019-02-04 06:34:01-07,JumpDC,pedal-assist-bike,2019-02-04 06:35:00-07,-77.0539166666667,38.9280866666667
JumpDC-bike_18855,JUMP DC-0691,2019-02-04 06:34:01-07,JumpDC,pedal-assist-bike,2019-02-04 06:35:00-07,-77.0376583333333,38.9297233333333
JumpDC-bike_16532,JUMP DC-0223,2019-02-04 06:34:01-07,JumpDC,pedal-assist-bike,2019-02-04 06:35:00-07,-77.03162,38.9306433333333
JumpDC-bike_18922,JUMP DC-0801,2019-02-04 06:34:01-07,JumpDC,pedal-assist-bike,2019-02-04 06:35:00-07,-77.0236816666667,38.9315983333333
JumpDC-bike_18916,JUMP DC-0795,2019-02-04 06:34:01-07,JumpDC,pedal-assist-bike,2019-02-04 06:35:00-07,-77.0586566666667,38.9360466666667
JumpDC-bike_23623,JUMP DC-2658,2019-02-04 06:34:01-07,JumpDC,pedal-assist-bike,2019-02-04 06:35:00-07,-77.0587033333333,38.9361266666667
JumpDC-bike_23705,JUMP DC-2740,2019-02-04 06:34:01-07,JumpDC,pedal-assist-bike,2019-02-04 06:35:00-07,-77.0586233333333,38.936055
JumpDC-bike_23151,JUMP DC-2460 ,2019-02-04 06:34:01-07,JumpDC,pedal-assist-bike,2019-02-04 06:35:00-07,-77.0586083333333,38.9360833333333
JumpDC-bike_23445,JUMP DC-2580,2019-02-04 06:34:01-07,JumpDC,pedal-assist-bike,2019-02-04 06:35:00-07,-77.0452933333333,38.9352866666667
JumpDC-bike_16607,JUMP DC-0242,2019-02-04 06:34:01-07,JumpDC,pedal-assist-bike,2019-02-04 06:35:00-07,-77.0322816666667,38.9324366666667
JumpDC-bike_23656,JUMP DC-2691 ,2019-02-04 06:34:01-07,JumpDC,pedal-assist-bike,2019-02-04 06:35:00-07,-77.0296716666667,38.9335766666667
JumpDC-bike_23691,JUMP DC-2726,2019-02-04 06:34:01-07,JumpDC,pedal-assist-bike,2019-02-04 06:35:00-07,-76.9909566666667,38.9337333333333
JumpDC-bike_18837,JUMP DC-0714,2019-02-04 06:34:01-07,JumpDC,pedal-assist-bike,2019-02-04 06:35:00-07,-77.0612316666667,38.9407783333333
JumpDC-bike_23157,JUMP DC-2466,2019-02-04 06:34:01-07,JumpDC,pedal-assist-bike,2019-02-04 06:35:00-07,-77.0595933333333,38.9372616666667
JumpDC-bike_16502,JUMP DC-0189,2019-02-04 06:34:01-07,JumpDC,pedal-assist-bike,2019-02-04 06:35:00-07,-77.0286016666667,38.937555
JumpDC-bike_23654,JUMP DC-2689,2019-02-04 06:34:01-07,JumpDC,pedal-assist-bike,2019-02-04 06:35:00-07,-77.0624733333333,38.9439466666667
JumpDC-bike_16632,JUMP DC-0224,2019-02-04 06:34:01-07,JumpDC,pedal-assist-bike,2019-02-04 06:35:00-07,-77.0634833333333,38.9443433333333
JumpDC-bike_23655,JUMP DC-2690,2019-02-04 06:34:01-07,JumpDC,pedal-assist-bike,2019-02-04 06:35:00-07,-77.0625716666667,38.9438433333333
JumpDC-bike_18851,JUMP DC-0696 (Dummy Controller),2019-02-04 06:34:01-07,JumpDC,pedal-assist-bike,2019-02-04 06:35:00-07,-77.0407166666667,38.94497
JumpDC-bike_23443,JUMP DC-2578 ,2019-02-04 06:34:01-07,JumpDC,pedal-assist-bike,2019-02-04 06:35:00-07,-77.002725,38.95291
JumpDC-bike_16624,JUMP DC-0229,2019-02-04 06:34:01-07,JumpDC,pedal-assist-bike,2019-02-04 06:35:00-07,-77.0030266666667,38.9527833333333
JumpDC-bike_23623,JUMP DC-2658,2019-02-04 06:19:21-07,JumpDC,pedal-assist-bike,2019-02-04 06:20:00-07,-77.0587033333333,38.9361266666667
JumpDC-bike_18916,JUMP DC-0795,2019-02-04 06:19:21-07,JumpDC,pedal-assist-bike,2019-02-04 06:20:00-07,-77.0586566666667,38.9360466666667
JumpDC-bike_23151,JUMP DC-2460 ,2019-02-04 06:19:21-07,JumpDC,pedal-assist-bike,2019-02-04 06:20:00-07,-77.0586083333333,38.9360833333333
JumpDC-bike_23705,JUMP DC-2740,2019-02-04 06:19:21-07,JumpDC,pedal-assist-bike,2019-02-04 06:20:00-07,-77.0586233333333,38.936055
JumpDC-bike_23445,JUMP DC-2580,2019-02-04 06:19:21-07,JumpDC,pedal-assist-bike,2019-02-04 06:20:00-07,-77.0452933333333,38.9352866666667
JumpDC-bike_16607,JUMP DC-0242,2019-02-04 06:19:21-07,JumpDC,pedal-assist-bike,2019-02-04 06:20:00-07,-77.0322816666667,38.9324366666667
JumpDC-bike_23656,JUMP DC-2691 ,2019-02-04 06:19:21-07,JumpDC,pedal-assist-bike,2019-02-04 06:20:00-07,-77.0296716666667,38.9335766666667
JumpDC-bike_23207,JUMP DC-2516,2019-02-04 06:34:01-07,JumpDC,pedal-assist-bike,2019-02-04 06:35:00-07,-76.9783183333333,38.8656833333333
JumpDC-bike_23690,JUMP DC-2725,2019-02-04 06:34:01-07,JumpDC,pedal-assist-bike,2019-02-04 06:35:00-07,-77.0061866666667,38.8717866666667
JumpDC-bike_23697,JUMP DC-2732,2019-02-04 06:34:01-07,JumpDC,pedal-assist-bike,2019-02-04 06:35:00-07,-77.0010666666667,38.875415
JumpDC-bike_23466,JUMP DC-2601,2019-02-04 06:34:01-07,JumpDC,pedal-assist-bike,2019-02-04 06:35:00-07,-77.0045316666667,38.8771966666667
JumpDC-bike_23621,JUMP DC-2656,2019-02-04 06:34:01-07,JumpDC,pedal-assist-bike,2019-02-04 06:35:00-07,-76.9445983333333,38.8897016666667
JumpDC-bike_18909,JUMP DC-0788,2019-02-04 06:34:01-07,JumpDC,pedal-assist-bike,2019-02-04 06:35:00-07,-77.0401466666667,38.8944616666667
JumpDC-bike_23680,JUMP DC-2715,2019-02-04 06:34:01-07,JumpDC,pedal-assist-bike,2019-02-04 06:35:00-07,-77.02208,38.8949633333333
JumpDC-bike_18843,JUMP DC-0720,2019-02-04 06:34:01-07,JumpDC,pedal-assist-bike,2019-02-04 06:35:00-07,-76.9975266666667,38.8921133333333
JumpDC-bike_18830,JUMP DC-0707,2019-02-04 06:34:01-07,JumpDC,pedal-assist-bike,2019-02-04 06:35:00-07,-76.9821733333333,38.8928816666667
JumpDC-bike_23454,JUMP DC-2589,2019-02-04 06:34:01-07,JumpDC,pedal-assist-bike,2019-02-04 06:35:00-07,-77.0550216666667,38.8972383333333
JumpDC-bike_23229,JUMP DC-2538,2019-02-04 06:34:01-07,JumpDC,pedal-assist-bike,2019-02-04 06:35:00-07,-77.0465866666667,38.8964966666667
JumpDC-bike_18884,JUMP DC-0843,2019-02-04 06:34:01-07,JumpDC,pedal-assist-bike,2019-02-04 06:35:00-07,-77.0173783333333,38.9005566666667
JumpDC-bike_23473,JUMP DC-2608,2019-02-04 06:34:01-07,JumpDC,pedal-assist-bike,2019-02-04 06:35:00-07,-77.0122133333333,38.9005966666667
JumpDC-bike_23671,JUMP DC-2706,2019-02-04 06:34:01-07,JumpDC,pedal-assist-bike,2019-02-04 06:35:00-07,-77.0394216666667,38.9026916666667
JumpDC-bike_23668,JUMP DC-2703,2019-02-04 06:34:01-07,JumpDC,pedal-assist-bike,2019-02-04 06:35:00-07,-77.0396816666667,38.90256
JumpDC-bike_23490,JUMP DC-2625,2019-02-04 06:34:01-07,JumpDC,pedal-assist-bike,2019-02-04 06:35:00-07,-77.0396533333333,38.9024233333333
JumpDC-bike_23467,JUMP DC-2602,2019-02-04 06:34:01-07,JumpDC,pedal-assist-bike,2019-02-04 06:35:00-07,-77.01361,38.903845
JumpDC-bike_23217,JUMP DC-2526,2019-02-04 06:34:01-07,JumpDC,pedal-assist-bike,2019-02-04 06:35:00-07,-76.9875183333333,38.90383
JumpDC-bike_18841,JUMP DC-0718,2019-02-04 06:34:01-07,JumpDC,pedal-assist-bike,2019-02-04 06:35:00-07,-76.9801183333333,38.9025866666667
JumpDC-bike_23162,JUMP DC-2471,2019-02-04 06:34:01-07,JumpDC,pedal-assist-bike,2019-02-04 06:35:00-07,-76.9731716666667,38.9031183333333
JumpDC-bike_23711,JUMP DC-2746,2019-02-04 06:34:01-07,JumpDC,pedal-assist-bike,2019-02-04 06:35:00-07,-77.0559983333333,38.90777
JumpDC-bike_23630,JUMP DC-2665,2019-02-04 06:34:01-07,JumpDC,pedal-assist-bike,2019-02-04 06:35:00-07,-77.041505,38.9060466666667
JumpDC-bike_23479,JUMP DC-2614,2019-02-04 06:34:01-07,JumpDC,pedal-assist-bike,2019-02-04 06:35:00-07,-77.0449583333333,38.9098966666667
JumpDC-bike_23670,JUMP DC-2705,2019-02-04 06:34:01-07,JumpDC,pedal-assist-bike,2019-02-04 06:35:00-07,-77.0417033333333,38.9074316666667
JumpDC-bike_23150,JUMP DC-2459,2019-02-04 06:34:01-07,JumpDC,pedal-assist-bike,2019-02-04 06:35:00-07,-77.0151566666667,38.9134133333333
JumpDC-bike_23616,JUMP DC-2651,2019-02-04 06:34:01-07,JumpDC,pedal-assist-bike,2019-02-04 06:35:00-07,-77.0152333333333,38.9133283333333
JumpDC-bike_23687,JUMP DC-2722,2019-02-04 06:34:01-07,JumpDC,pedal-assist-bike,2019-02-04 06:35:00-07,-77.01525,38.9132416666667
JumpDC-bike_23448,JUMP DC-2583,2019-02-04 06:34:01-07,JumpDC,pedal-assist-bike,2019-02-04 06:35:00-07,-77.0130833333333,38.9122283333333
JumpDC-bike_23419,JUMP DC-2554,2019-02-04 06:34:01-07,JumpDC,pedal-assist-bike,2019-02-04 06:35:00-07,-77.0132833333333,38.9136866666667
JumpDC-bike_16625,JUMP DC-0230 ,2019-02-04 06:34:01-07,JumpDC,pedal-assist-bike,2019-02-04 06:35:00-07,-77.00251,38.9111733333333
JumpDC-bike_18857,JUMP DC-0766,2019-02-04 06:34:01-07,JumpDC,pedal-assist-bike,2019-02-04 06:35:00-07,-77.0417566666667,38.9185766666667
JumpDC-bike_23674,JUMP DC-2709,2019-02-04 06:34:01-07,JumpDC,pedal-assist-bike,2019-02-04 06:35:00-07,-77.0277916666667,38.9621183333333
JumpDC-bike_23230,JUMP DC-2539 ,2019-02-04 06:34:01-07,JumpDC,pedal-assist-bike,2019-02-04 06:35:00-07,-77.0277916666667,38.962105
JumpDC-bike_23494,JUMP DC-2629,2019-02-04 06:34:01-07,JumpDC,pedal-assist-bike,2019-02-04 06:35:00-07,-77.027825,38.9622633333333
JumpDC-bike_23147,JUMP DC-2456,2019-02-04 06:49:03-07,JumpDC,pedal-assist-bike,2019-02-04 06:50:00-07,-76.99463,38.862235
JumpDC-bike_23171,JUMP DC-2480,2019-02-04 06:49:03-07,JumpDC,pedal-assist-bike,2019-02-04 06:50:00-07,-76.9949483333333,38.8622633333333
JumpDC-bike_23489,JUMP DC-2624,2019-02-04 06:49:03-07,JumpDC,pedal-assist-bike,2019-02-04 06:50:00-07,-76.9953833333333,38.8624866666667
JumpDC-bike_23482,JUMP DC-2617,2019-02-04 06:49:03-07,JumpDC,pedal-assist-bike,2019-02-04 06:50:00-07,-76.99473,38.8620916666667
JumpDC-bike_23224,JUMP DC-2533,2019-02-04 06:49:03-07,JumpDC,pedal-assist-bike,2019-02-04 06:50:00-07,-76.9862466666667,38.8614916666667
JumpDC-bike_23706,JUMP DC-2741,2019-02-04 06:49:03-07,JumpDC,pedal-assist-bike,2019-02-04 06:50:00-07,-76.977405,38.8648383333333
JumpDC-bike_23207,JUMP DC-2516,2019-02-04 06:49:03-07,JumpDC,pedal-assist-bike,2019-02-04 06:50:00-07,-76.9783183333333,38.8656833333333
JumpDC-bike_23690,JUMP DC-2725,2019-02-04 06:49:03-07,JumpDC,pedal-assist-bike,2019-02-04 06:50:00-07,-77.0061866666667,38.8717866666667
JumpDC-bike_23466,JUMP DC-2601,2019-02-04 06:49:03-07,JumpDC,pedal-assist-bike,2019-02-04 06:50:00-07,-77.0045316666667,38.8771966666667
JumpDC-bike_23697,JUMP DC-2732,2019-02-04 06:49:03-07,JumpDC,pedal-assist-bike,2019-02-04 06:50:00-07,-77.0010666666667,38.875415
JumpDC-bike_18858,JUMP DC-0817,2019-02-04 06:49:03-07,JumpDC,pedal-assist-bike,2019-02-04 06:50:00-07,-77.0882966666667,38.87879
JumpDC-bike_23183,JUMP DC-2492,2019-02-04 06:49:03-07,JumpDC,pedal-assist-bike,2019-02-04 06:50:00-07,-76.9867416666667,38.8800033333333
JumpDC-bike_18826,JUMP DC-0703,2019-02-04 06:49:03-07,JumpDC,pedal-assist-bike,2019-02-04 06:50:00-07,-77.0282483333333,38.886635
JumpDC-bike_23156,JUMP DC-2465,2019-02-04 06:49:03-07,JumpDC,pedal-assist-bike,2019-02-04 06:50:00-07,-77.0282383333333,38.8867266666667
JumpDC-bike_23179,JUMP DC-2488,2019-02-04 06:49:03-07,JumpDC,pedal-assist-bike,2019-02-04 06:50:00-07,-77.0059866666667,38.8857683333333
JumpDC-bike_18868,JUMP DC-0827,2019-02-04 06:49:03-07,JumpDC,pedal-assist-bike,2019-02-04 06:50:00-07,-76.9959316666667,38.8843733333333
JumpDC-bike_23144,JUMP DC-2453,2019-02-04 06:49:03-07,JumpDC,pedal-assist-bike,2019-02-04 06:50:00-07,-76.9959883333333,38.8847916666667
JumpDC-bike_18871,JUMP DC-0830,2019-02-04 06:49:03-07,JumpDC,pedal-assist-bike,2019-02-04 06:50:00-07,-76.996025,38.88442
JumpDC-bike_23648,JUMP DC-2683,2019-02-04 06:49:03-07,JumpDC,pedal-assist-bike,2019-02-04 06:50:00-07,-76.995915,38.884355
JumpDC-bike_23164,JUMP DC-2473,2019-02-04 06:49:03-07,JumpDC,pedal-assist-bike,2019-02-04 06:50:00-07,-76.9956416666667,38.884725
JumpDC-bike_18848,JUMP DC-0693,2019-02-04 06:49:03-07,JumpDC,pedal-assist-bike,2019-02-04 06:50:00-07,-76.995865,38.884455
JumpDC-bike_23416,JUMP DC-2551,2019-02-04 06:49:03-07,JumpDC,pedal-assist-bike,2019-02-04 06:50:00-07,-76.9789283333333,38.885475
JumpDC-bike_23216,JUMP DC-2525,2019-02-04 06:49:03-07,JumpDC,pedal-assist-bike,2019-02-04 06:50:00-07,-77.014915,38.8881666666667
JumpDC-bike_23620,JUMP DC-2655,2019-02-04 06:49:03-07,JumpDC,pedal-assist-bike,2019-02-04 06:50:00-07,-77.0035416666667,38.8905833333333
JumpDC-bike_23449,JUMP DC-2584,2019-02-04 06:49:03-07,JumpDC,pedal-assist-bike,2019-02-04 06:50:00-07,-76.9994516666667,38.8896916666667
JumpDC-bike_23621,JUMP DC-2656,2019-02-04 06:49:03-07,JumpDC,pedal-assist-bike,2019-02-04 06:50:00-07,-76.9445983333333,38.8897016666667
JumpDC-bike_18909,JUMP DC-0788,2019-02-04 06:49:03-07,JumpDC,pedal-assist-bike,2019-02-04 06:50:00-07,-77.0401466666667,38.8944616666667
JumpDC-bike_23680,JUMP DC-2715,2019-02-04 06:49:03-07,JumpDC,pedal-assist-bike,2019-02-04 06:50:00-07,-77.02208,38.8949633333333
JumpDC-bike_18843,JUMP DC-0720,2019-02-04 06:49:03-07,JumpDC,pedal-assist-bike,2019-02-04 06:50:00-07,-76.9975266666667,38.8921133333333
JumpDC-bike_18830,JUMP DC-0707,2019-02-04 06:49:03-07,JumpDC,pedal-assist-bike,2019-02-04 06:50:00-07,-76.9821733333333,38.8928816666667
JumpDC-bike_23454,JUMP DC-2589,2019-02-04 06:49:03-07,JumpDC,pedal-assist-bike,2019-02-04 06:50:00-07,-77.0550216666667,38.8972383333333
JumpDC-bike_23229,JUMP DC-2538,2019-02-04 06:49:03-07,JumpDC,pedal-assist-bike,2019-02-04 06:50:00-07,-77.0465866666667,38.8964966666667
JumpDC-bike_23473,JUMP DC-2608,2019-02-04 06:49:03-07,JumpDC,pedal-assist-bike,2019-02-04 06:50:00-07,-77.0122133333333,38.9005966666667
JumpDC-bike_16499,JUMP DC-0186,2019-02-04 06:49:03-07,JumpDC,pedal-assist-bike,2019-02-04 06:50:00-07,-77.0091616666667,38.898825
JumpDC-bike_23506,JUMP DC-2641,2019-02-04 06:49:03-07,JumpDC,pedal-assist-bike,2019-02-04 06:50:00-07,-77.0068516666667,38.8979466666667
JumpDC-bike_23194,JUMP DC-2503,2019-02-04 06:49:03-07,JumpDC,pedal-assist-bike,2019-02-04 06:50:00-07,-77.009505,38.8972933333333
JumpDC-bike_18933,JUMP DC-0812,2019-02-04 06:49:03-07,JumpDC,pedal-assist-bike,2019-02-04 06:50:00-07,-76.9980016666667,38.9005133333333
JumpDC-bike_23234,JUMP DC-2543,2019-02-04 06:49:03-07,JumpDC,pedal-assist-bike,2019-02-04 06:50:00-07,-76.9979083333333,38.9000616666667
JumpDC-bike_18930,JUMP DC-0809,2019-02-04 06:49:03-07,JumpDC,pedal-assist-bike,2019-02-04 06:50:00-07,-76.9903616666667,38.8977566666667
JumpDC-bike_16500,JUMP DC-0187,2019-02-04 06:49:03-07,JumpDC,pedal-assist-bike,2019-02-04 06:50:00-07,-76.9912316666667,38.9001
JumpDC-bike_23153,JUMP DC-2462,2019-02-04 06:49:03-07,JumpDC,pedal-assist-bike,2019-02-04 06:50:00-07,-76.98621,38.9003366666667
JumpDC-bike_18870,JUMP DC-0829,2019-02-04 06:49:03-07,JumpDC,pedal-assist-bike,2019-02-04 06:50:00-07,-76.9860433333333,38.9001133333333
JumpDC-bike_18896,JUMP DC-0775,2019-02-04 06:49:03-07,JumpDC,pedal-assist-bike,2019-02-04 06:50:00-07,-76.9464933333333,38.8987516666667
JumpDC-bike_18823,JUMP DC-0700,2019-02-04 06:49:03-07,JumpDC,pedal-assist-bike,2019-02-04 06:50:00-07,-76.94636,38.8989683333333
JumpDC-bike_23698,JUMP DC-2733,2019-02-04 06:49:03-07,JumpDC,pedal-assist-bike,2019-02-04 06:50:00-07,-76.9464233333333,38.899
JumpDC-bike_23614,JUMP DC-2649,2019-02-04 06:49:03-07,JumpDC,pedal-assist-bike,2019-02-04 06:50:00-07,-76.9437033333333,38.8984516666667
JumpDC-bike_16523,JUMP DC-0167,2019-02-04 06:49:03-07,JumpDC,pedal-assist-bike,2019-02-04 06:50:00-07,-77.058075,38.904425
JumpDC-bike_23671,JUMP DC-2706,2019-02-04 06:49:03-07,JumpDC,pedal-assist-bike,2019-02-04 06:50:00-07,-77.0394216666667,38.9026916666667
JumpDC-bike_23668,JUMP DC-2703,2019-02-04 06:49:03-07,JumpDC,pedal-assist-bike,2019-02-04 06:50:00-07,-77.0396816666667,38.90256
JumpDC-bike_23490,JUMP DC-2625,2019-02-04 06:49:03-07,JumpDC,pedal-assist-bike,2019-02-04 06:50:00-07,-77.0396533333333,38.9024233333333
JumpDC-bike_23467,JUMP DC-2602,2019-02-04 06:49:03-07,JumpDC,pedal-assist-bike,2019-02-04 06:50:00-07,-77.01361,38.903845
JumpDC-bike_23482,JUMP DC-2617,2019-02-04 06:04:21-07,JumpDC,pedal-assist-bike,2019-02-04 06:05:00-07,-76.99473,38.8620916666667
JumpDC-bike_23217,JUMP DC-2526,2019-02-04 06:49:03-07,JumpDC,pedal-assist-bike,2019-02-04 06:50:00-07,-76.9875183333333,38.90383
JumpDC-bike_18841,JUMP DC-0718,2019-02-04 06:49:03-07,JumpDC,pedal-assist-bike,2019-02-04 06:50:00-07,-76.9801183333333,38.9025866666667
JumpDC-bike_23162,JUMP DC-2471,2019-02-04 06:49:03-07,JumpDC,pedal-assist-bike,2019-02-04 06:50:00-07,-76.9731716666667,38.9031183333333
JumpDC-bike_23711,JUMP DC-2746,2019-02-04 06:49:03-07,JumpDC,pedal-assist-bike,2019-02-04 06:50:00-07,-77.0559983333333,38.90777
JumpDC-bike_23630,JUMP DC-2665,2019-02-04 06:49:03-07,JumpDC,pedal-assist-bike,2019-02-04 06:50:00-07,-77.041505,38.9060466666667
JumpDC-bike_23479,JUMP DC-2614,2019-02-04 06:49:03-07,JumpDC,pedal-assist-bike,2019-02-04 06:50:00-07,-77.0449583333333,38.9098966666667
JumpDC-bike_23670,JUMP DC-2705,2019-02-04 06:49:03-07,JumpDC,pedal-assist-bike,2019-02-04 06:50:00-07,-77.0417033333333,38.9074316666667
JumpDC-bike_23224,JUMP DC-2533,2019-02-04 06:04:21-07,JumpDC,pedal-assist-bike,2019-02-04 06:05:00-07,-76.9862466666667,38.8614916666667
JumpDC-bike_23213,JUMP DC-2522,2019-02-04 06:49:03-07,JumpDC,pedal-assist-bike,2019-02-04 06:50:00-07,-77.037035,38.9057933333333
JumpDC-bike_23712,JUMP DC-2747,2019-02-04 06:49:03-07,JumpDC,pedal-assist-bike,2019-02-04 06:50:00-07,-77.0173166666667,38.9072166666667
JumpDC-bike_16634,JUMP DC-0226,2019-02-04 06:49:03-07,JumpDC,pedal-assist-bike,2019-02-04 06:50:00-07,-77.000275,38.9075733333333
JumpDC-bike_23471,JUMP DC-2606,2019-02-04 06:49:03-07,JumpDC,pedal-assist-bike,2019-02-04 06:50:00-07,-77.0055433333333,38.90553
JumpDC-bike_23667,JUMP DC-2702,2019-02-04 06:49:03-07,JumpDC,pedal-assist-bike,2019-02-04 06:50:00-07,-76.9944866666667,38.9071066666667
JumpDC-bike_23189,JUMP DC-2498,2019-02-04 06:49:03-07,JumpDC,pedal-assist-bike,2019-02-04 06:50:00-07,-76.9944416666667,38.9070833333333
JumpDC-bike_23424,JUMP DC-2559,2019-02-04 06:49:03-07,JumpDC,pedal-assist-bike,2019-02-04 06:50:00-07,-77.0417283333333,38.91271
JumpDC-bike_23657,JUMP DC-2692,2019-02-04 06:49:03-07,JumpDC,pedal-assist-bike,2019-02-04 06:50:00-07,-77.040655,38.9111066666667
JumpDC-bike_23461,JUMP DC-2596,2019-02-04 06:49:03-07,JumpDC,pedal-assist-bike,2019-02-04 06:50:00-07,-77.0206716666667,38.913695
JumpDC-bike_23419,JUMP DC-2554,2019-02-04 06:49:03-07,JumpDC,pedal-assist-bike,2019-02-04 06:50:00-07,-77.0132833333333,38.9136866666667
JumpDC-bike_23687,JUMP DC-2722,2019-02-04 06:49:03-07,JumpDC,pedal-assist-bike,2019-02-04 06:50:00-07,-77.01525,38.9132416666667
JumpDC-bike_23706,JUMP DC-2741,2019-02-04 06:04:21-07,JumpDC,pedal-assist-bike,2019-02-04 06:05:00-07,-76.977405,38.8648383333333
JumpDC-bike_23616,JUMP DC-2651,2019-02-04 06:49:03-07,JumpDC,pedal-assist-bike,2019-02-04 06:50:00-07,-77.0152333333333,38.9133283333333
JumpDC-bike_23150,JUMP DC-2459,2019-02-04 06:49:03-07,JumpDC,pedal-assist-bike,2019-02-04 06:50:00-07,-77.0151566666667,38.9134133333333
JumpDC-bike_23448,JUMP DC-2583,2019-02-04 06:49:03-07,JumpDC,pedal-assist-bike,2019-02-04 06:50:00-07,-77.0130833333333,38.9122283333333
JumpDC-bike_16625,JUMP DC-0230 ,2019-02-04 06:49:03-07,JumpDC,pedal-assist-bike,2019-02-04 06:50:00-07,-77.00251,38.9111733333333
JumpDC-bike_18857,JUMP DC-0766,2019-02-04 06:49:03-07,JumpDC,pedal-assist-bike,2019-02-04 06:50:00-07,-77.0417566666667,38.9185766666667
JumpDC-bike_23207,JUMP DC-2516,2019-02-04 06:04:21-07,JumpDC,pedal-assist-bike,2019-02-04 06:05:00-07,-76.9783183333333,38.8656833333333
JumpDC-bike_18887,JUMP DC-0764,2019-02-04 06:49:03-07,JumpDC,pedal-assist-bike,2019-02-04 06:50:00-07,-77.0410016666667,38.9178566666667
JumpDC-bike_18862,JUMP DC-0821,2019-02-04 06:49:03-07,JumpDC,pedal-assist-bike,2019-02-04 06:50:00-07,-77.040995,38.91778
JumpDC-bike_23488,JUMP DC-2623,2019-02-04 06:49:03-07,JumpDC,pedal-assist-bike,2019-02-04 06:50:00-07,-77.0330733333333,38.918625
JumpDC-bike_23462,JUMP DC-2597,2019-02-04 06:49:03-07,JumpDC,pedal-assist-bike,2019-02-04 06:50:00-07,-77.0351866666667,38.918355
JumpDC-bike_16633,JUMP DC-0225,2019-02-04 06:49:03-07,JumpDC,pedal-assist-bike,2019-02-04 06:50:00-07,-77.028095,38.9177183333333
JumpDC-bike_23673,JUMP DC-2708,2019-02-04 06:49:03-07,JumpDC,pedal-assist-bike,2019-02-04 06:50:00-07,-77.024785,38.9163916666667
JumpDC-bike_23504,JUMP DC-2639,2019-02-04 06:49:03-07,JumpDC,pedal-assist-bike,2019-02-04 06:50:00-07,-77.0255466666667,38.9164966666667
JumpDC-bike_23669,JUMP DC-2704,2019-02-04 06:49:03-07,JumpDC,pedal-assist-bike,2019-02-04 06:50:00-07,-77.023085,38.91844
JumpDC-bike_18908,JUMP DC-0787,2019-02-04 06:49:03-07,JumpDC,pedal-assist-bike,2019-02-04 06:50:00-07,-77.0122083333333,38.915195
JumpDC-bike_23450,JUMP DC-2585,2019-02-04 06:49:03-07,JumpDC,pedal-assist-bike,2019-02-04 06:50:00-07,-77.0058316666667,38.916365
JumpDC-bike_18877,JUMP DC-0836,2019-02-04 06:49:03-07,JumpDC,pedal-assist-bike,2019-02-04 06:50:00-07,-77.071265,38.9189616666667
JumpDC-bike_23642,JUMP DC-2677,2019-02-04 06:49:03-07,JumpDC,pedal-assist-bike,2019-02-04 06:50:00-07,-77.0423666666667,38.9210166666667
JumpDC-bike_23202,JUMP DC-2511,2019-02-04 06:49:03-07,JumpDC,pedal-assist-bike,2019-02-04 06:50:00-07,-77.0424116666667,38.922145
JumpDC-bike_23695,JUMP DC-2730,2019-02-04 06:49:03-07,JumpDC,pedal-assist-bike,2019-02-04 06:50:00-07,-77.042485,38.92199
JumpDC-bike_23618,JUMP DC-2653,2019-02-04 06:49:03-07,JumpDC,pedal-assist-bike,2019-02-04 06:50:00-07,-77.0417066666667,38.91982
JumpDC-bike_23637,JUMP DC-2672,2019-02-04 06:49:03-07,JumpDC,pedal-assist-bike,2019-02-04 06:50:00-07,-77.043665,38.9214566666667
JumpDC-bike_23617,JUMP DC-2652,2019-02-04 06:49:03-07,JumpDC,pedal-assist-bike,2019-02-04 06:50:00-07,-76.9836283333333,38.9156083333333
JumpDC-bike_16521,JUMP DC-0169  ,2019-02-04 06:49:03-07,JumpDC,pedal-assist-bike,2019-02-04 06:50:00-07,-77.0326066666667,38.92166
JumpDC-bike_23487,JUMP DC-2622,2019-02-04 06:49:03-07,JumpDC,pedal-assist-bike,2019-02-04 06:50:00-07,-77.03286,38.9192116666667
JumpDC-bike_23626,JUMP DC-2661,2019-02-04 06:49:03-07,JumpDC,pedal-assist-bike,2019-02-04 06:50:00-07,-77.0285916666667,38.9267783333333
JumpDC-bike_23155,JUMP DC-2464,2019-02-04 06:49:03-07,JumpDC,pedal-assist-bike,2019-02-04 06:50:00-07,-76.9629183333333,38.9239233333333
JumpDC-bike_18887,JUMP DC-0764,2019-02-04 06:34:01-07,JumpDC,pedal-assist-bike,2019-02-04 06:35:00-07,-77.0410016666667,38.9178566666667
JumpDC-bike_18862,JUMP DC-0821,2019-02-04 06:34:01-07,JumpDC,pedal-assist-bike,2019-02-04 06:35:00-07,-77.040995,38.91778
JumpDC-bike_23488,JUMP DC-2623,2019-02-04 06:34:01-07,JumpDC,pedal-assist-bike,2019-02-04 06:35:00-07,-77.0330733333333,38.918625
JumpDC-bike_23462,JUMP DC-2597,2019-02-04 06:34:01-07,JumpDC,pedal-assist-bike,2019-02-04 06:35:00-07,-77.0351866666667,38.918355
JumpDC-bike_23504,JUMP DC-2639,2019-02-04 06:34:01-07,JumpDC,pedal-assist-bike,2019-02-04 06:35:00-07,-77.0255466666667,38.9164966666667
JumpDC-bike_16633,JUMP DC-0225,2019-02-04 06:34:01-07,JumpDC,pedal-assist-bike,2019-02-04 06:35:00-07,-77.028095,38.9177183333333
JumpDC-bike_23673,JUMP DC-2708,2019-02-04 06:34:01-07,JumpDC,pedal-assist-bike,2019-02-04 06:35:00-07,-77.024785,38.9163916666667
JumpDC-bike_23669,JUMP DC-2704,2019-02-04 06:34:01-07,JumpDC,pedal-assist-bike,2019-02-04 06:35:00-07,-77.023085,38.91844
JumpDC-bike_18908,JUMP DC-0787,2019-02-04 06:34:01-07,JumpDC,pedal-assist-bike,2019-02-04 06:35:00-07,-77.0122083333333,38.915195
JumpDC-bike_23450,JUMP DC-2585,2019-02-04 06:34:01-07,JumpDC,pedal-assist-bike,2019-02-04 06:35:00-07,-77.0058316666667,38.916365
JumpDC-bike_23130,JUMP DC-0820,2019-02-04 06:49:03-07,JumpDC,pedal-assist-bike,2019-02-04 06:50:00-07,-77.0862816666667,38.9288466666667
JumpDC-bike_23453,JUMP DC-2588  ,2019-02-04 06:49:03-07,JumpDC,pedal-assist-bike,2019-02-04 06:50:00-07,-77.0539166666667,38.9280866666667
JumpDC-bike_23496,JUMP DC-2631,2019-02-04 06:49:03-07,JumpDC,pedal-assist-bike,2019-02-04 06:50:00-07,-77.054175,38.9283383333333
JumpDC-bike_18855,JUMP DC-0691,2019-02-04 06:49:03-07,JumpDC,pedal-assist-bike,2019-02-04 06:50:00-07,-77.0376583333333,38.9297233333333
JumpDC-bike_16532,JUMP DC-0223,2019-02-04 06:49:03-07,JumpDC,pedal-assist-bike,2019-02-04 06:50:00-07,-77.03162,38.9306433333333
JumpDC-bike_18922,JUMP DC-0801,2019-02-04 06:49:03-07,JumpDC,pedal-assist-bike,2019-02-04 06:50:00-07,-77.0236816666667,38.9315983333333
JumpDC-bike_23623,JUMP DC-2658,2019-02-04 06:49:03-07,JumpDC,pedal-assist-bike,2019-02-04 06:50:00-07,-77.0587033333333,38.9361266666667
JumpDC-bike_23151,JUMP DC-2460 ,2019-02-04 06:49:03-07,JumpDC,pedal-assist-bike,2019-02-04 06:50:00-07,-77.0586083333333,38.9360833333333
JumpDC-bike_18916,JUMP DC-0795,2019-02-04 06:49:03-07,JumpDC,pedal-assist-bike,2019-02-04 06:50:00-07,-77.0586566666667,38.9360466666667
JumpDC-bike_23705,JUMP DC-2740,2019-02-04 06:49:03-07,JumpDC,pedal-assist-bike,2019-02-04 06:50:00-07,-77.0586233333333,38.936055
JumpDC-bike_23445,JUMP DC-2580,2019-02-04 06:49:03-07,JumpDC,pedal-assist-bike,2019-02-04 06:50:00-07,-77.0452933333333,38.9352866666667
JumpDC-bike_16607,JUMP DC-0242,2019-02-04 06:49:03-07,JumpDC,pedal-assist-bike,2019-02-04 06:50:00-07,-77.0322816666667,38.9324366666667
JumpDC-bike_23656,JUMP DC-2691 ,2019-02-04 06:49:03-07,JumpDC,pedal-assist-bike,2019-02-04 06:50:00-07,-77.0296716666667,38.9335766666667
JumpDC-bike_23674,JUMP DC-2709,2019-02-04 06:49:03-07,JumpDC,pedal-assist-bike,2019-02-04 06:50:00-07,-77.0277916666667,38.9621183333333
JumpDC-bike_23230,JUMP DC-2539 ,2019-02-04 06:49:03-07,JumpDC,pedal-assist-bike,2019-02-04 06:50:00-07,-77.0277916666667,38.962105
JumpDC-bike_23494,JUMP DC-2629,2019-02-04 06:49:03-07,JumpDC,pedal-assist-bike,2019-02-04 06:50:00-07,-77.027825,38.9622633333333
JumpDC-bike_23617,JUMP DC-2652,2019-02-04 06:34:01-07,JumpDC,pedal-assist-bike,2019-02-04 06:35:00-07,-76.9836283333333,38.9156083333333
JumpDC-bike_23691,JUMP DC-2726,2019-02-04 06:49:03-07,JumpDC,pedal-assist-bike,2019-02-04 06:50:00-07,-76.9909566666667,38.9337333333333
JumpDC-bike_18837,JUMP DC-0714,2019-02-04 06:49:03-07,JumpDC,pedal-assist-bike,2019-02-04 06:50:00-07,-77.0612316666667,38.9407783333333
JumpDC-bike_23157,JUMP DC-2466,2019-02-04 06:49:03-07,JumpDC,pedal-assist-bike,2019-02-04 06:50:00-07,-77.0595933333333,38.9372616666667
JumpDC-bike_16502,JUMP DC-0189,2019-02-04 06:49:03-07,JumpDC,pedal-assist-bike,2019-02-04 06:50:00-07,-77.0286016666667,38.937555
JumpDC-bike_23654,JUMP DC-2689,2019-02-04 06:49:03-07,JumpDC,pedal-assist-bike,2019-02-04 06:50:00-07,-77.0624733333333,38.9439466666667
JumpDC-bike_16632,JUMP DC-0224,2019-02-04 06:49:03-07,JumpDC,pedal-assist-bike,2019-02-04 06:50:00-07,-77.0634833333333,38.9443433333333
JumpDC-bike_23655,JUMP DC-2690,2019-02-04 06:49:03-07,JumpDC,pedal-assist-bike,2019-02-04 06:50:00-07,-77.0625716666667,38.9438433333333
JumpDC-bike_18851,JUMP DC-0696 (Dummy Controller),2019-02-04 06:49:03-07,JumpDC,pedal-assist-bike,2019-02-04 06:50:00-07,-77.0407166666667,38.94497
JumpDC-bike_23443,JUMP DC-2578 ,2019-02-04 06:49:03-07,JumpDC,pedal-assist-bike,2019-02-04 06:50:00-07,-77.002725,38.95291
JumpDC-bike_16624,JUMP DC-0229,2019-02-04 06:49:03-07,JumpDC,pedal-assist-bike,2019-02-04 06:50:00-07,-77.0030266666667,38.9527833333333
JumpDC-bike_23478,JUMP DC-2613,2019-02-04 06:49:03-07,JumpDC,pedal-assist-bike,2019-02-04 06:50:00-07,-77.03521,38.923355
JumpDC-bike_23215,JUMP DC-2524,2019-02-04 06:49:03-07,JumpDC,pedal-assist-bike,2019-02-04 06:50:00-07,-77.073275,38.92565
JumpDC-bike_18901,JUMP DC-0780,2019-02-04 06:49:03-07,JumpDC,pedal-assist-bike,2019-02-04 06:50:00-07,-77.0534683333333,38.9269966666667
JumpDC-bike_23672,JUMP DC-2707,2019-02-04 06:49:03-07,JumpDC,pedal-assist-bike,2019-02-04 06:50:00-07,-77.05754,38.9241316666667
JumpDC-bike_23422,JUMP DC-2557,2019-02-04 06:49:03-07,JumpDC,pedal-assist-bike,2019-02-04 06:50:00-07,-77.0415433333333,38.9260883333333
JumpDC-bike_16612,JUMP DC-0247,2019-02-04 06:49:03-07,JumpDC,pedal-assist-bike,2019-02-04 06:50:00-07,-77.0301416666667,38.92385
JumpDC-bike_23172,JUMP DC-2481,2019-02-04 06:49:03-07,JumpDC,pedal-assist-bike,2019-02-04 06:50:00-07,-77.034135,38.924345
SkipDC-352897091422348,"",2019-02-11 06:04:53-07,SkipDC,electric-scooter,2019-02-11 06:05:00-07,-77.0053417,38.879105
SkipDC-352897091272149,"",2019-02-11 06:04:53-07,SkipDC,electric-scooter,2019-02-11 06:05:00-07,-77.0177122,38.8759448
SkipDC-352897091293004,"",2019-02-11 06:04:53-07,SkipDC,electric-scooter,2019-02-11 06:05:00-07,-77.0152167,38.87643
SkipDC-352897091306624,"",2019-02-11 06:04:53-07,SkipDC,electric-scooter,2019-02-11 06:05:00-07,-77.0059912,38.8751529
SkipDC-352897091298045,"",2019-02-11 06:04:53-07,SkipDC,electric-scooter,2019-02-11 06:05:00-07,-77.005965,38.8753833
SkipDC-352897091460165,"",2019-02-11 06:04:53-07,SkipDC,electric-scooter,2019-02-11 06:05:00-07,-77.0012083,38.8742683
JumpDC-bike_23418,JUMP DC-2553,2019-02-11 06:04:31-07,JumpDC,pedal-assist-bike,2019-02-11 06:05:00-07,-77.0042133333333,38.8765666666667
SkipDC-352897091456205,"",2019-02-11 06:04:53-07,SkipDC,electric-scooter,2019-02-11 06:05:00-07,-76.9997333,38.8772273
SkipDC-352897091272941,"",2019-02-11 06:04:53-07,SkipDC,electric-scooter,2019-02-11 06:05:00-07,-77.035575,38.88129
SkipDC-352897091408446,"",2019-02-11 06:04:53-07,SkipDC,electric-scooter,2019-02-11 06:05:00-07,-77.026665,38.8805683
SkipDC-352897091383862,"",2019-02-11 06:04:53-07,SkipDC,electric-scooter,2019-02-11 06:05:00-07,-77.0178567,38.8784917
SkipDC-352897091298169,"",2019-02-11 06:04:53-07,SkipDC,electric-scooter,2019-02-11 06:05:00-07,-77.0166933,38.8813267
SkipDC-352897091329824,"",2019-02-11 06:04:53-07,SkipDC,electric-scooter,2019-02-11 06:05:00-07,-77.0076167,38.87906
SkipDC-352897091352164,"",2019-02-11 06:04:53-07,SkipDC,electric-scooter,2019-02-11 06:05:00-07,-77.0015411,38.8812658
SkipDC-352897091431968,"",2019-02-11 06:04:53-07,SkipDC,electric-scooter,2019-02-11 06:05:00-07,-77.0006017,38.881305
SkipDC-352897091457369,"",2019-02-11 06:04:53-07,SkipDC,electric-scooter,2019-02-11 06:05:00-07,-77.0297399,38.8882105
SkipDC-352897091302540,"",2019-02-11 06:04:53-07,SkipDC,electric-scooter,2019-02-11 06:05:00-07,-77.0251317,38.8890783
JumpDC-bike_23144,JUMP DC-2453,2019-02-11 06:04:31-07,JumpDC,pedal-assist-bike,2019-02-11 06:05:00-07,-77.0210966666667,38.88769
SkipDC-352897091398464,"",2019-02-11 06:04:53-07,SkipDC,electric-scooter,2019-02-11 06:05:00-07,-77.0199533,38.88774
SkipDC-352897091451941,"",2019-02-11 06:04:53-07,SkipDC,electric-scooter,2019-02-11 06:05:00-07,-77.0020321,38.8893333
SkipDC-352897091408487,"",2019-02-11 06:04:53-07,SkipDC,electric-scooter,2019-02-11 06:05:00-07,-76.9997383,38.8899145
SkipDC-352897091329469,"",2019-02-11 06:04:53-07,SkipDC,electric-scooter,2019-02-11 06:05:00-07,-76.9957978,38.8877993
JumpDC-bike_23152,JUMP DC-2461,2019-02-11 06:04:31-07,JumpDC,pedal-assist-bike,2019-02-11 06:05:00-07,-76.9914966666667,38.8899716666667
JumpDC-bike_23440,JUMP DC-2575,2019-02-11 06:04:31-07,JumpDC,pedal-assist-bike,2019-02-11 06:05:00-07,-76.9913633333333,38.8891566666667
JumpDC-bike_23617,JUMP DC-2652,2019-02-11 06:04:31-07,JumpDC,pedal-assist-bike,2019-02-11 06:05:00-07,-76.9914583333333,38.88964
JumpDC-bike_23424,JUMP DC-2559,2019-02-11 06:04:31-07,JumpDC,pedal-assist-bike,2019-02-11 06:05:00-07,-76.9914633333333,38.88982
SkipDC-352897091358120,"",2019-02-11 06:04:53-07,SkipDC,electric-scooter,2019-02-11 06:05:00-07,-76.987655,38.888635
SkipDC-352897091387681,"",2019-02-11 06:04:53-07,SkipDC,electric-scooter,2019-02-11 06:05:00-07,-76.9876764,38.8887856
SkipDC-352897091385586,"",2019-02-11 06:04:53-07,SkipDC,electric-scooter,2019-02-11 06:05:00-07,-76.9844367,38.8888383
SkipDC-352897091347065,"",2019-02-11 06:04:53-07,SkipDC,electric-scooter,2019-02-11 06:05:00-07,-76.9388013,38.8915827
SkipDC-352897091305949,"",2019-02-11 06:04:53-07,SkipDC,electric-scooter,2019-02-11 06:05:00-07,-76.9377686,38.8905067
JumpDC-bike_23157,JUMP DC-2466,2019-02-11 06:04:31-07,JumpDC,pedal-assist-bike,2019-02-11 06:05:00-07,-76.9338333333333,38.891755
SkipDC-352897091452246,"",2019-02-11 06:04:53-07,SkipDC,electric-scooter,2019-02-11 06:05:00-07,-77.0807317,38.8929433
SkipDC-352897091356348,"",2019-02-11 06:04:53-07,SkipDC,electric-scooter,2019-02-11 06:05:00-07,-77.0807117,38.89305
SkipDC-352897091343064,"",2019-02-11 06:04:53-07,SkipDC,electric-scooter,2019-02-11 06:05:00-07,-76.9978083,38.8922233
SkipDC-352897091302888,"",2019-02-11 06:04:53-07,SkipDC,electric-scooter,2019-02-11 06:05:00-07,-76.9837651,38.8951193
SkipDC-352897091358344,"",2019-02-11 06:04:53-07,SkipDC,electric-scooter,2019-02-11 06:05:00-07,-76.982694,38.896372
SkipDC-352897091346448,"",2019-02-11 06:04:53-07,SkipDC,electric-scooter,2019-02-11 06:05:00-07,-76.9801908,38.8934162
SkipDC-352897091292642,"",2019-02-11 06:04:53-07,SkipDC,electric-scooter,2019-02-11 06:05:00-07,-76.9493167,38.8953617
SkipDC-352897091358526,"",2019-02-11 06:04:53-07,SkipDC,electric-scooter,2019-02-11 06:05:00-07,-76.9487667,38.895805
SkipDC-352897091407067,"",2019-02-11 06:04:53-07,SkipDC,electric-scooter,2019-02-11 06:05:00-07,-76.9517417,38.8924917
SkipDC-352897091380108,"",2019-02-11 06:04:53-07,SkipDC,electric-scooter,2019-02-11 06:05:00-07,-76.9955583,38.86263
JumpDC-bike_23149,JUMP DC-2458,2019-02-11 06:04:31-07,JumpDC,pedal-assist-bike,2019-02-11 06:05:00-07,-76.9955366666667,38.8623683333333
JumpDC-bike_18832,JUMP DC-0709,2019-02-11 06:04:31-07,JumpDC,pedal-assist-bike,2019-02-11 06:05:00-07,-76.9954966666667,38.8624
JumpDC-bike_81152,JUMP DC-2569,2019-02-11 06:04:31-07,JumpDC,pedal-assist-bike,2019-02-11 06:05:00-07,-76.9952033333333,38.8625633333333
JumpDC-bike_18884,JUMP DC-0843,2019-02-11 06:04:31-07,JumpDC,pedal-assist-bike,2019-02-11 06:05:00-07,-76.9955333333333,38.8623533333333
SkipDC-352897091456122,"",2019-02-11 06:04:53-07,SkipDC,electric-scooter,2019-02-11 06:05:00-07,-76.9959117,38.8623067
SkipDC-352897091432321,"",2019-02-11 06:04:53-07,SkipDC,electric-scooter,2019-02-11 06:05:00-07,-76.995405,38.8624817
JumpDC-bike_18930,JUMP DC-0809,2019-02-11 06:04:31-07,JumpDC,pedal-assist-bike,2019-02-11 06:05:00-07,-76.9897633333333,38.86458
JumpDC-bike_23651,JUMP DC-2686,2019-02-11 06:04:31-07,JumpDC,pedal-assist-bike,2019-02-11 06:05:00-07,-76.9773933333333,38.8647983333333
SkipDC-352897091427008,"",2019-02-11 06:04:53-07,SkipDC,electric-scooter,2019-02-11 06:05:00-07,-76.9867249,38.8671125
JumpDC-bike_23450,JUMP DC-2585,2019-02-11 06:04:31-07,JumpDC,pedal-assist-bike,2019-02-11 06:05:00-07,-76.9808616666667,38.868105
SkipDC-352897091431521,"",2019-02-11 06:04:53-07,SkipDC,electric-scooter,2019-02-11 06:05:00-07,-77.0138183,38.870625
JumpDC-bike_23639,JUMP DC-2674,2019-02-11 06:04:31-07,JumpDC,pedal-assist-bike,2019-02-11 06:05:00-07,-77.0067916666667,38.8714866666667
SkipDC-352897091412729,"",2019-02-11 06:04:53-07,SkipDC,electric-scooter,2019-02-11 06:05:00-07,-77.0020617,38.8737233
SkipDC-352897091272867,"",2019-02-11 06:04:53-07,SkipDC,electric-scooter,2019-02-11 06:05:00-07,-77.0008446,38.8738394
JumpDC-bike_23676,JUMP DC-2711,2019-02-11 06:04:31-07,JumpDC,pedal-assist-bike,2019-02-11 06:05:00-07,-76.99595,38.8845083333333
JumpDC-bike_18831,JUMP DC-0708,2019-02-11 06:04:31-07,JumpDC,pedal-assist-bike,2019-02-11 06:05:00-07,-76.9960216666667,38.884375
JumpDC-bike_23239,JUMP DC-2548,2019-02-11 06:04:31-07,JumpDC,pedal-assist-bike,2019-02-11 06:05:00-07,-76.9979016666667,38.8852283333333
SkipDC-352897091463060,"",2019-02-11 06:04:53-07,SkipDC,electric-scooter,2019-02-11 06:05:00-07,-76.9954472,38.8838869
SkipDC-352897091352362,"",2019-02-11 06:04:53-07,SkipDC,electric-scooter,2019-02-11 06:05:00-07,-76.9955611,38.8844877
JumpDC-bike_23172,JUMP DC-2481,2019-02-11 06:04:31-07,JumpDC,pedal-assist-bike,2019-02-11 06:05:00-07,-76.99598,38.884435
JumpDC-bike_23449,JUMP DC-2584,2019-02-11 06:04:31-07,JumpDC,pedal-assist-bike,2019-02-11 06:05:00-07,-76.995975,38.8844516666667
JumpDC-bike_16615,JUMP DC-0250,2019-02-11 06:04:31-07,JumpDC,pedal-assist-bike,2019-02-11 06:05:00-07,-76.996025,38.8843533333333
SkipDC-352897091406267,"",2019-02-11 06:04:53-07,SkipDC,electric-scooter,2019-02-11 06:05:00-07,-76.9957717,38.8859467
SkipDC-352897091392145,"",2019-02-11 06:04:53-07,SkipDC,electric-scooter,2019-02-11 06:05:00-07,-76.9926172,38.8868524
SkipDC-352897091277809,"",2019-02-11 06:04:53-07,SkipDC,electric-scooter,2019-02-11 06:05:00-07,-76.9836267,38.8836
SkipDC-352897091462526,"",2019-02-11 06:04:53-07,SkipDC,electric-scooter,2019-02-11 06:05:00-07,-76.987855,38.886945
SkipDC-352897091334766,"",2019-02-11 06:04:53-07,SkipDC,electric-scooter,2019-02-11 06:05:00-07,-76.95744,38.8855383
SkipDC-352897091290463,"",2019-02-11 06:04:53-07,SkipDC,electric-scooter,2019-02-11 06:05:00-07,-76.9549008,38.8849781
SkipDC-352897091451602,"",2019-02-11 06:04:53-07,SkipDC,electric-scooter,2019-02-11 06:05:00-07,-76.944321,38.8832427
SkipDC-352897091428766,"",2019-02-11 06:04:53-07,SkipDC,electric-scooter,2019-02-11 06:05:00-07,-77.0493633,38.89048
SkipDC-352897091289044,"",2019-02-11 06:04:53-07,SkipDC,electric-scooter,2019-02-11 06:05:00-07,-77.04927,38.89049
SkipDC-352897090558449,"",2019-02-11 06:04:53-07,SkipDC,electric-scooter,2019-02-11 06:05:00-07,-77.0493,38.890515
SkipDC-352897091428642,"",2019-02-11 06:04:53-07,SkipDC,electric-scooter,2019-02-11 06:05:00-07,-77.0492833,38.8905517
SkipDC-352897091345945,"",2019-02-11 06:04:53-07,SkipDC,electric-scooter,2019-02-11 06:05:00-07,-77.0492417,38.8905633
SkipDC-352897091296064,"",2019-02-11 06:04:53-07,SkipDC,electric-scooter,2019-02-11 06:05:00-07,-77.04848,38.8905817
SkipDC-352897091456866,"",2019-02-11 06:04:53-07,SkipDC,electric-scooter,2019-02-11 06:05:00-07,-77.0487767,38.8920333
SkipDC-352897091430184,"",2019-02-11 06:04:53-07,SkipDC,electric-scooter,2019-02-11 06:05:00-07,-77.0445166,38.8961396
SkipDC-352897091380504,"",2019-02-11 06:04:53-07,SkipDC,electric-scooter,2019-02-11 06:05:00-07,-77.0462567,38.892005
SkipDC-352897091383821,"",2019-02-11 06:04:53-07,SkipDC,electric-scooter,2019-02-11 06:05:00-07,-77.039665,38.89543
SkipDC-352897091385206,"",2019-02-11 06:04:53-07,SkipDC,electric-scooter,2019-02-11 06:05:00-07,-77.0334609,38.8949941
SkipDC-352897091280381,"",2019-02-11 06:04:53-07,SkipDC,electric-scooter,2019-02-11 06:05:00-07,-77.0333133,38.896345
SkipDC-352897091431182,"",2019-02-11 06:04:53-07,SkipDC,electric-scooter,2019-02-11 06:05:00-07,-77.03331,38.8963733
SkipDC-352897091280464,"",2019-02-11 06:04:53-07,SkipDC,electric-scooter,2019-02-11 06:05:00-07,-77.0279407,38.8923827
SkipDC-352897091435860,"",2019-02-11 06:04:53-07,SkipDC,electric-scooter,2019-02-11 06:05:00-07,-77.0268481,38.8960846
SkipDC-352897091428402,"",2019-02-11 06:04:53-07,SkipDC,electric-scooter,2019-02-11 06:05:00-07,-77.0243576,38.8953172
SkipDC-352897091426505,"",2019-02-11 06:04:53-07,SkipDC,electric-scooter,2019-02-11 06:05:00-07,-77.0219683,38.895165
SkipDC-352897091306202,"",2019-02-11 06:04:53-07,SkipDC,electric-scooter,2019-02-11 06:05:00-07,-77.023015,38.89503
SkipDC-352897091273287,"",2019-02-11 06:04:53-07,SkipDC,electric-scooter,2019-02-11 06:05:00-07,-77.0230217,38.8951317
SkipDC-352897091290927,"",2019-02-11 06:04:53-07,SkipDC,electric-scooter,2019-02-11 06:05:00-07,-77.0219133,38.894755
SkipDC-352897091408644,"",2019-02-11 06:04:53-07,SkipDC,electric-scooter,2019-02-11 06:05:00-07,-77.0113233,38.8942883
SkipDC-352897091381882,"",2019-02-11 06:04:53-07,SkipDC,electric-scooter,2019-02-11 06:05:00-07,-77.0057983,38.8958083
SkipDC-352897091339146,"",2019-02-11 06:04:53-07,SkipDC,electric-scooter,2019-02-11 06:05:00-07,-77.0028761,38.8919582
SkipDC-352897091298201,"",2019-02-11 06:04:53-07,SkipDC,electric-scooter,2019-02-11 06:05:00-07,-77.00276,38.892395
SkipDC-352897091426885,"",2019-02-11 06:04:53-07,SkipDC,electric-scooter,2019-02-11 06:05:00-07,-76.9944333,38.8930833
SkipDC-352897091356140,"",2019-02-11 06:04:53-07,SkipDC,electric-scooter,2019-02-11 06:05:00-07,-76.9969238,38.8946406
SkipDC-352897091267628,"",2019-02-11 06:04:53-07,SkipDC,electric-scooter,2019-02-11 06:05:00-07,-77.0366383,38.900525
JumpDC-bike_23202,JUMP DC-2511,2019-02-11 06:04:31-07,JumpDC,pedal-assist-bike,2019-02-11 06:05:00-07,-77.0349033333333,38.9003583333333
SkipDC-352897091379969,"",2019-02-11 06:04:53-07,SkipDC,electric-scooter,2019-02-11 06:05:00-07,-77.0304767,38.898545
SkipDC-352897091387889,"",2019-02-11 06:04:53-07,SkipDC,electric-scooter,2019-02-11 06:05:00-07,-77.0321933,38.8971333
SkipDC-352897091346000,"",2019-02-11 06:04:53-07,SkipDC,electric-scooter,2019-02-11 06:05:00-07,-77.0326347,38.898351
SkipDC-352897091407265,"",2019-02-11 06:04:53-07,SkipDC,electric-scooter,2019-02-11 06:05:00-07,-77.0325083,38.8984133
SkipDC-352897091444284,"",2019-02-11 06:04:53-07,SkipDC,electric-scooter,2019-02-11 06:05:00-07,-77.030915,38.898295
JumpDC-bike_18887,JUMP DC-0764,2019-02-11 06:04:31-07,JumpDC,pedal-assist-bike,2019-02-11 06:05:00-07,-77.0349766666667,38.9003083333333
SkipDC-352897091428964,"",2019-02-11 06:04:53-07,SkipDC,electric-scooter,2019-02-11 06:05:00-07,-77.033519,38.9001333
JumpDC-bike_23143,JUMP DC-2452,2019-02-11 06:04:31-07,JumpDC,pedal-assist-bike,2019-02-11 06:05:00-07,-77.0238083333333,38.8998066666667
SkipDC-352897091344823,"",2019-02-11 06:04:53-07,SkipDC,electric-scooter,2019-02-11 06:05:00-07,-77.026765,38.8982267
SkipDC-352897091462567,"",2019-02-11 06:04:53-07,SkipDC,electric-scooter,2019-02-11 06:05:00-07,-77.0247055,38.8972614
SkipDC-352897091302508,"",2019-02-11 06:04:53-07,SkipDC,electric-scooter,2019-02-11 06:05:00-07,-77.0267603,38.8964068
SkipDC-352897091433881,"",2019-02-11 06:04:53-07,SkipDC,electric-scooter,2019-02-11 06:05:00-07,-77.0261067,38.896705
SkipDC-352897091426026,"",2019-02-11 06:04:53-07,SkipDC,electric-scooter,2019-02-11 06:05:00-07,-77.0271732,38.8983774
SkipDC-352897091302680,"",2019-02-11 06:04:53-07,SkipDC,electric-scooter,2019-02-11 06:05:00-07,-77.023555,38.8975483
SkipDC-352897091295827,"",2019-02-11 06:04:53-07,SkipDC,electric-scooter,2019-02-11 06:05:00-07,-77.0229498,38.8969912
SkipDC-352897091452824,"",2019-02-11 06:04:53-07,SkipDC,electric-scooter,2019-02-11 06:05:00-07,-77.0177317,38.8966867
SkipDC-352897091279441,"",2019-02-11 06:04:53-07,SkipDC,electric-scooter,2019-02-11 06:05:00-07,-77.0220818,38.8997326
SkipDC-352897091385263,"",2019-02-11 06:04:53-07,SkipDC,electric-scooter,2019-02-11 06:05:00-07,-77.021655,38.8995733
SkipDC-352897091325707,"",2019-02-11 06:04:53-07,SkipDC,electric-scooter,2019-02-11 06:05:00-07,-77.0201233,38.8989583
SkipDC-352897091390180,"",2019-02-11 06:04:53-07,SkipDC,electric-scooter,2019-02-11 06:05:00-07,-77.0228967,38.8972533
SkipDC-352897091398928,"",2019-02-11 06:04:53-07,SkipDC,electric-scooter,2019-02-11 06:05:00-07,-77.0218233,38.8988233
SkipDC-352897091434186,"",2019-02-11 06:04:53-07,SkipDC,electric-scooter,2019-02-11 06:05:00-07,-77.0191648,38.8984166
JumpDC-bike_18927,JUMP DC-0806,2019-02-11 06:04:31-07,JumpDC,pedal-assist-bike,2019-02-11 06:05:00-07,-77.01192,38.9002533333333
JumpDC-bike_23624,JUMP DC-2659,2019-02-11 06:04:31-07,JumpDC,pedal-assist-bike,2019-02-11 06:05:00-07,-77.0098933333333,38.8991583333333
SkipDC-352897091358922,"",2019-02-11 06:04:53-07,SkipDC,electric-scooter,2019-02-11 06:05:00-07,-77.0089423,38.8977314
SkipDC-352897091306384,"",2019-02-11 06:04:53-07,SkipDC,electric-scooter,2019-02-11 06:05:00-07,-77.0103566,38.9005143
JumpDC-bike_23430,JUMP DC-2565,2019-02-11 06:04:31-07,JumpDC,pedal-assist-bike,2019-02-11 06:05:00-07,-77.00909,38.8988466666667
SkipDC-352897091295066,"",2019-02-11 06:04:53-07,SkipDC,electric-scooter,2019-02-11 06:05:00-07,-77.0077433,38.897345
JumpDC-bike_23678,JUMP DC-2713,2019-02-11 06:04:31-07,JumpDC,pedal-assist-bike,2019-02-11 06:05:00-07,-77.00354,38.899365
JumpDC-bike_23455,JUMP DC-2590,2019-02-11 06:04:31-07,JumpDC,pedal-assist-bike,2019-02-11 06:05:00-07,-77.0037833333333,38.8994316666667
JumpDC-bike_23945,JUMP DC-2454,2019-02-11 06:04:31-07,JumpDC,pedal-assist-bike,2019-02-11 06:05:00-07,-77.0035633333333,38.89927
JumpDC-bike_18850,JUMP DC-0690,2019-02-11 06:04:31-07,JumpDC,pedal-assist-bike,2019-02-11 06:05:00-07,-77.0036133333333,38.8993366666667
JumpDC-bike_23217,JUMP DC-2526,2019-02-11 06:04:31-07,JumpDC,pedal-assist-bike,2019-02-11 06:05:00-07,-77.0037833333333,38.8993283333333
SkipDC-352897091437585,"",2019-02-11 06:04:53-07,SkipDC,electric-scooter,2019-02-11 06:05:00-07,-76.9949044,38.8968857
SkipDC-352897091344807,"",2019-02-11 06:04:53-07,SkipDC,electric-scooter,2019-02-11 06:05:00-07,-76.998515,38.9003033
SkipDC-352897091388408,"",2019-02-11 06:04:53-07,SkipDC,electric-scooter,2019-02-11 06:05:00-07,-76.9982983,38.9003983
SkipDC-352897091359326,"",2019-02-11 06:04:53-07,SkipDC,electric-scooter,2019-02-11 06:05:00-07,-76.9971,38.9005067
SkipDC-352897090565709,"",2019-02-11 06:04:53-07,SkipDC,electric-scooter,2019-02-11 06:05:00-07,-76.9943673,38.9004601
SkipDC-352897091380223,"",2019-02-11 06:04:53-07,SkipDC,electric-scooter,2019-02-11 06:05:00-07,-76.988315,38.8985883
SkipDC-352897091288681,"",2019-02-11 06:04:53-07,SkipDC,electric-scooter,2019-02-11 06:05:00-07,-76.9895367,38.9008367
JumpDC-bike_23147,JUMP DC-2456,2019-02-11 06:04:31-07,JumpDC,pedal-assist-bike,2019-02-11 06:05:00-07,-76.9902016666667,38.900385
JumpDC-bike_23416,JUMP DC-2551,2019-02-11 06:04:31-07,JumpDC,pedal-assist-bike,2019-02-11 06:05:00-07,-76.99138,38.90001
JumpDC-bike_23670,JUMP DC-2705,2019-02-11 06:04:31-07,JumpDC,pedal-assist-bike,2019-02-11 06:05:00-07,-76.9829883333333,38.9004
SkipDC-352897091351042,"",2019-02-11 06:04:53-07,SkipDC,electric-scooter,2019-02-11 06:05:00-07,-76.9866833,38.897815
SkipDC-352897091338627,"",2019-02-11 06:04:53-07,SkipDC,electric-scooter,2019-02-11 06:05:00-07,-76.982184,38.8974034
JumpDC-bike_18825,JUMP DC-0702,2019-02-11 06:04:31-07,JumpDC,pedal-assist-bike,2019-02-11 06:05:00-07,-76.9714083333333,38.8976183333333
JumpDC-bike_23506,JUMP DC-2641,2019-02-11 06:04:31-07,JumpDC,pedal-assist-bike,2019-02-11 06:05:00-07,-76.9466516666667,38.89875
JumpDC-bike_23672,JUMP DC-2707,2019-02-11 06:04:31-07,JumpDC,pedal-assist-bike,2019-02-11 06:05:00-07,-76.9315233333333,38.899855
JumpDC-bike_23706,JUMP DC-2741,2019-02-11 06:04:31-07,JumpDC,pedal-assist-bike,2019-02-11 06:05:00-07,-77.067195,38.9051533333333
JumpDC-bike_23614,JUMP DC-2649,2019-02-11 06:04:31-07,JumpDC,pedal-assist-bike,2019-02-11 06:05:00-07,-77.067635,38.9051133333333
SkipDC-352897091388143,"",2019-02-11 06:04:53-07,SkipDC,electric-scooter,2019-02-11 06:05:00-07,-77.0705603,38.9051335
SkipDC-352897091313802,"",2019-02-11 06:04:53-07,SkipDC,electric-scooter,2019-02-11 06:05:00-07,-77.0704382,38.9052151
SkipDC-352897091275084,"",2019-02-11 06:04:53-07,SkipDC,electric-scooter,2019-02-11 06:05:00-07,-77.0591111,38.9019178
SkipDC-352897091293764,"",2019-02-11 06:04:53-07,SkipDC,electric-scooter,2019-02-11 06:05:00-07,-77.0645061,38.9030321
SkipDC-352897091460967,"",2019-02-11 06:04:53-07,SkipDC,electric-scooter,2019-02-11 06:05:00-07,-77.0531733,38.90448
SkipDC-352897091380769,"",2019-02-11 06:04:53-07,SkipDC,electric-scooter,2019-02-11 06:05:00-07,-77.0484917,38.9048867
SkipDC-352897091462864,"",2019-02-11 06:04:53-07,SkipDC,electric-scooter,2019-02-11 06:05:00-07,-77.0451267,38.90253
SkipDC-352897091295009,"",2019-02-11 06:04:53-07,SkipDC,electric-scooter,2019-02-11 06:05:00-07,-77.04466,38.9022192
SkipDC-352897090241400,"",2019-02-11 06:04:53-07,SkipDC,electric-scooter,2019-02-11 06:05:00-07,-77.0452683,38.9024117
SkipDC-352897091430929,"",2019-02-11 06:04:53-07,SkipDC,electric-scooter,2019-02-11 06:05:00-07,-77.04516,38.90247
SkipDC-352897091432925,"",2019-02-11 06:04:53-07,SkipDC,electric-scooter,2019-02-11 06:05:00-07,-77.0450633,38.9025183
SkipDC-352897091385826,"",2019-02-11 06:04:53-07,SkipDC,electric-scooter,2019-02-11 06:05:00-07,-77.0358615,38.9026439
SkipDC-352897091382344,"",2019-02-11 06:04:53-07,SkipDC,electric-scooter,2019-02-11 06:05:00-07,-77.0318017,38.9010267
SkipDC-352897091384324,"",2019-02-11 06:04:53-07,SkipDC,electric-scooter,2019-02-11 06:05:00-07,-77.0320317,38.90273
SkipDC-352897091358187,"",2019-02-11 06:04:53-07,SkipDC,electric-scooter,2019-02-11 06:05:00-07,-77.031865,38.9043883
SkipDC-352897091352008,"",2019-02-11 06:04:53-07,SkipDC,electric-scooter,2019-02-11 06:05:00-07,-77.0298511,38.9050858
SkipDC-352897091457823,"",2019-02-11 06:04:53-07,SkipDC,electric-scooter,2019-02-11 06:05:00-07,-77.033825,38.9013067
SkipDC-352897091270747,"",2019-02-11 06:04:53-07,SkipDC,electric-scooter,2019-02-11 06:05:00-07,-77.0319833,38.90257
JumpDC-bike_23690,JUMP DC-2725,2019-02-11 06:04:31-07,JumpDC,pedal-assist-bike,2019-02-11 06:05:00-07,-77.02771,38.9012866666667
SkipDC-352897091272602,"",2019-02-11 06:04:53-07,SkipDC,electric-scooter,2019-02-11 06:05:00-07,-77.02387,38.9016103
SkipDC-352897091350465,"",2019-02-11 06:04:53-07,SkipDC,electric-scooter,2019-02-11 06:05:00-07,-77.0269317,38.9037517
SkipDC-352897091306269,"",2019-02-11 06:04:53-07,SkipDC,electric-scooter,2019-02-11 06:05:00-07,-77.01933,38.9015796
SkipDC-352897091289085,"",2019-02-11 06:04:53-07,SkipDC,electric-scooter,2019-02-11 06:05:00-07,-77.0185833,38.9037417
SkipDC-352897091457666,"",2019-02-11 06:04:53-07,SkipDC,electric-scooter,2019-02-11 06:05:00-07,-77.0180194,38.9040679
SkipDC-352897091430945,"",2019-02-11 06:04:53-07,SkipDC,electric-scooter,2019-02-11 06:05:00-07,-77.0152438,38.9031357
SkipDC-352897091338825,"",2019-02-11 06:04:53-07,SkipDC,electric-scooter,2019-02-11 06:05:00-07,-77.0117758,38.9026235
JumpDC-bike_18908,JUMP DC-0787,2019-02-11 06:04:31-07,JumpDC,pedal-assist-bike,2019-02-11 06:05:00-07,-77.0076733333333,38.9038
SkipDC-352897091272107,"",2019-02-11 06:04:53-07,SkipDC,electric-scooter,2019-02-11 06:05:00-07,-77.0116917,38.9012517
SkipDC-352897091293608,"",2019-02-11 06:04:53-07,SkipDC,electric-scooter,2019-02-11 06:05:00-07,-77.0072167,38.9046017
JumpDC-bike_23665,JUMP DC-2700,2019-02-11 06:04:31-07,JumpDC,pedal-assist-bike,2019-02-11 06:05:00-07,-76.99597,38.9024433333333
JumpDC-bike_18849,JUMP DC-0694,2019-02-11 06:04:31-07,JumpDC,pedal-assist-bike,2019-02-11 06:05:00-07,-76.9985533333333,38.90378
JumpDC-bike_23466,JUMP DC-2601,2019-02-11 06:04:31-07,JumpDC,pedal-assist-bike,2019-02-11 06:05:00-07,-76.9765166666667,38.900915
JumpDC-bike_81150,JUMP DC-2501,2019-02-11 06:04:31-07,JumpDC,pedal-assist-bike,2019-02-11 06:05:00-07,-77.073355,38.9067316666667
SkipDC-352897090521827,"",2019-02-11 06:04:53-07,SkipDC,electric-scooter,2019-02-11 06:05:00-07,-77.0595367,38.905725
JumpDC-bike_23618,JUMP DC-2653,2019-02-11 06:04:31-07,JumpDC,pedal-assist-bike,2019-02-11 06:05:00-07,-77.0533833333333,38.9060883333333
SkipDC-352897091286842,"",2019-02-11 06:04:53-07,SkipDC,electric-scooter,2019-02-11 06:05:00-07,-77.0512335,38.9071914
JumpDC-bike_23694,JUMP DC-2729,2019-02-11 06:04:31-07,JumpDC,pedal-assist-bike,2019-02-11 06:05:00-07,-77.046205,38.9086216666667
SkipDC-352897091383243,"",2019-02-11 06:04:53-07,SkipDC,electric-scooter,2019-02-11 06:05:00-07,-77.0426795,38.9064227
SkipDC-352897091274764,"",2019-02-11 06:04:53-07,SkipDC,electric-scooter,2019-02-11 06:05:00-07,-77.0415133,38.9070067
SkipDC-352897091301005,"",2019-02-11 06:04:53-07,SkipDC,electric-scooter,2019-02-11 06:05:00-07,-77.039665,38.9092883
SkipDC-352897090563944,"",2019-02-11 06:04:53-07,SkipDC,electric-scooter,2019-02-11 06:05:00-07,-77.0389133,38.90882
SkipDC-352897091277304,"",2019-02-11 06:04:53-07,SkipDC,electric-scooter,2019-02-11 06:05:00-07,-77.0346167,38.9065467
SkipDC-352897091305527,"",2019-02-11 06:04:53-07,SkipDC,electric-scooter,2019-02-11 06:05:00-07,-77.030905,38.90764
SkipDC-352897091359383,"",2019-02-11 06:04:53-07,SkipDC,electric-scooter,2019-02-11 06:05:00-07,-77.0298451,38.9057753
SkipDC-352897091304926,"",2019-02-11 06:04:53-07,SkipDC,electric-scooter,2019-02-11 06:05:00-07,-77.0320113,38.9093629
SkipDC-352897091356645,"",2019-02-11 06:04:53-07,SkipDC,electric-scooter,2019-02-11 06:05:00-07,-77.026069,38.9059026
SkipDC-352897091388085,"",2019-02-11 06:04:53-07,SkipDC,electric-scooter,2019-02-11 06:05:00-07,-77.021815,38.9066783
SkipDC-352897091435449,"",2019-02-11 06:04:53-07,SkipDC,electric-scooter,2019-02-11 06:05:00-07,-77.013675,38.9059883
SkipDC-352897091268329,"",2019-02-11 06:04:53-07,SkipDC,electric-scooter,2019-02-11 06:05:00-07,-77.0122115,38.9071225
SkipDC-352897091296544,"",2019-02-11 06:04:53-07,SkipDC,electric-scooter,2019-02-11 06:05:00-07,-77.0089317,38.906405
SkipDC-352897091273048,"",2019-02-11 06:04:53-07,SkipDC,electric-scooter,2019-02-11 06:05:00-07,-77.008405,38.9058583
SkipDC-352897091339369,"",2019-02-11 06:04:53-07,SkipDC,electric-scooter,2019-02-11 06:05:00-07,-76.9990817,38.9069667
SkipDC-352897091451487,"",2019-02-11 06:04:53-07,SkipDC,electric-scooter,2019-02-11 06:05:00-07,-76.9979833,38.9084817
SkipDC-352897090452023,"",2019-02-11 06:04:53-07,SkipDC,electric-scooter,2019-02-11 06:05:00-07,-76.9929767,38.90923
SkipDC-352897091300627,"",2019-02-11 06:04:53-07,SkipDC,electric-scooter,2019-02-11 06:05:00-07,-76.9927388,38.9090094
SkipDC-352897091457021,"",2019-02-11 06:04:53-07,SkipDC,electric-scooter,2019-02-11 06:05:00-07,-76.9883976,38.9075793
SkipDC-352897091448244,"",2019-02-11 06:04:53-07,SkipDC,electric-scooter,2019-02-11 06:05:00-07,-76.983806,38.909753
JumpDC-bike_23471,JUMP DC-2606,2019-02-11 06:04:31-07,JumpDC,pedal-assist-bike,2019-02-11 06:05:00-07,-76.952565,38.9059133333333
SkipDC-352897091433063,"",2019-02-11 06:04:53-07,SkipDC,electric-scooter,2019-02-11 06:05:00-07,-77.0547429,38.9106345
SkipDC-352897091406242,"",2019-02-11 06:04:53-07,SkipDC,electric-scooter,2019-02-11 06:05:00-07,-77.0531369,38.910772
JumpDC-bike_23178,JUMP DC-2487,2019-02-11 06:04:31-07,JumpDC,pedal-assist-bike,2019-02-11 06:05:00-07,-77.048725,38.9099216666667
SkipDC-352897090484364,"",2019-02-11 06:04:53-07,SkipDC,electric-scooter,2019-02-11 06:05:00-07,-77.0458582,38.9126203
SkipDC-352897091321268,"",2019-02-11 06:04:53-07,SkipDC,electric-scooter,2019-02-11 06:05:00-07,-77.0365099,38.9165794
SkipDC-352897091436140,"",2019-02-11 06:04:53-07,SkipDC,electric-scooter,2019-02-11 06:05:00-07,-77.0366675,38.9167115
JumpDC-bike_18896,JUMP DC-0775,2019-02-11 06:04:31-07,JumpDC,pedal-assist-bike,2019-02-11 06:05:00-07,-77.037555,38.916975
JumpDC-bike_18898,JUMP DC-0777 ,2019-02-11 06:04:31-07,JumpDC,pedal-assist-bike,2019-02-11 06:05:00-07,-77.03755,38.9169866666667
SkipDC-352897091384480,"",2019-02-11 06:04:53-07,SkipDC,electric-scooter,2019-02-11 06:05:00-07,-77.0395767,38.9179117
SkipDC-352897091303001,"",2019-02-11 06:04:53-07,SkipDC,electric-scooter,2019-02-11 06:05:00-07,-77.039075,38.918175
SkipDC-352897091462906,"",2019-02-11 06:04:53-07,SkipDC,electric-scooter,2019-02-11 06:05:00-07,-77.0364884,38.916552
SkipDC-352897091380009,"",2019-02-11 06:04:53-07,SkipDC,electric-scooter,2019-02-11 06:05:00-07,-77.0366317,38.9179317
SkipDC-352897090507545,"",2019-02-11 06:04:53-07,SkipDC,electric-scooter,2019-02-11 06:05:00-07,-77.0369733,38.9155683
SkipDC-352897091438120,"",2019-02-11 06:04:53-07,SkipDC,electric-scooter,2019-02-11 06:05:00-07,-77.0320433,38.9157567
SkipDC-352897091276868,"",2019-02-11 06:04:53-07,SkipDC,electric-scooter,2019-02-11 06:05:00-07,-77.0316128,38.9181688
SkipDC-352897091291487,"",2019-02-11 06:04:53-07,SkipDC,electric-scooter,2019-02-11 06:05:00-07,-77.0295517,38.91545
SkipDC-352897091369101,"",2019-02-11 06:04:53-07,SkipDC,electric-scooter,2019-02-11 06:05:00-07,-77.0305283,38.9171717
SkipDC-352897091428683,"",2019-02-11 06:04:53-07,SkipDC,electric-scooter,2019-02-11 06:05:00-07,-77.0300917,38.9170733
SkipDC-352897091327562,"",2019-02-11 06:04:53-07,SkipDC,electric-scooter,2019-02-11 06:05:00-07,-77.0327293,38.9153634
SkipDC-352897091336043,"",2019-02-11 06:04:53-07,SkipDC,electric-scooter,2019-02-11 06:05:00-07,-77.0324542,38.9156643
JumpDC-bike_18878,JUMP DC-0837,2019-02-11 06:04:31-07,JumpDC,pedal-assist-bike,2019-02-11 06:05:00-07,-77.0289933333333,38.9168566666667
SkipDC-352897091462385,"",2019-02-11 06:04:53-07,SkipDC,electric-scooter,2019-02-11 06:05:00-07,-77.0281,38.91721
JumpDC-bike_16523,JUMP DC-0167,2019-02-11 06:04:31-07,JumpDC,pedal-assist-bike,2019-02-11 06:05:00-07,-77.02896,38.916955
JumpDC-bike_23711,JUMP DC-2746,2019-02-11 06:04:31-07,JumpDC,pedal-assist-bike,2019-02-11 06:05:00-07,-77.0276433333333,38.917105
JumpDC-bike_23684,JUMP DC-2719,2019-02-11 06:04:31-07,JumpDC,pedal-assist-bike,2019-02-11 06:05:00-07,-77.0242933333333,38.9169516666667
JumpDC-bike_23677,JUMP DC-2712,2019-02-11 06:04:31-07,JumpDC,pedal-assist-bike,2019-02-11 06:05:00-07,-77.026355,38.9169833333333
JumpDC-bike_16532,JUMP DC-0223,2019-02-11 06:04:31-07,JumpDC,pedal-assist-bike,2019-02-11 06:05:00-07,-77.02897,38.9168633333333
SkipDC-352897091287683,"",2019-02-11 06:04:53-07,SkipDC,electric-scooter,2019-02-11 06:05:00-07,-77.02434,38.9152817
JumpDC-bike_23414,JUMP DC-2549,2019-02-11 06:04:31-07,JumpDC,pedal-assist-bike,2019-02-11 06:05:00-07,-77.0243,38.91694
JumpDC-bike_18826,JUMP DC-0703,2019-02-11 06:04:31-07,JumpDC,pedal-assist-bike,2019-02-11 06:05:00-07,-77.0267033333333,38.916955
JumpDC-bike_23642,JUMP DC-2677,2019-02-11 06:04:31-07,JumpDC,pedal-assist-bike,2019-02-11 06:05:00-07,-77.02472,38.917095
SkipDC-352897091382922,"",2019-02-11 06:04:53-07,SkipDC,electric-scooter,2019-02-11 06:05:00-07,-77.0229474,38.9159867
SkipDC-352897091300445,"",2019-02-11 06:04:53-07,SkipDC,electric-scooter,2019-02-11 06:05:00-07,-77.0231044,38.9166812
JumpDC-bike_23490,JUMP DC-2625,2019-02-11 06:04:31-07,JumpDC,pedal-assist-bike,2019-02-11 06:05:00-07,-77.014285,38.914645
SkipDC-352897091382120,"",2019-02-11 06:04:53-07,SkipDC,electric-scooter,2019-02-11 06:05:00-07,-77.0258176,38.9193255
SkipDC-352897091398266,"",2019-02-11 06:04:53-07,SkipDC,electric-scooter,2019-02-11 06:05:00-07,-77.02803,38.9231067
SkipDC-352897091431224,"",2019-02-11 06:04:53-07,SkipDC,electric-scooter,2019-02-11 06:05:00-07,-77.0115533,38.92127
SkipDC-352897091329287,"",2019-02-11 06:04:53-07,SkipDC,electric-scooter,2019-02-11 06:05:00-07,-77.0809684,38.9256493
SkipDC-352897091331622,"",2019-02-11 06:04:53-07,SkipDC,electric-scooter,2019-02-11 06:05:00-07,-77.0733,38.9262533
SkipDC-352897091435985,"",2019-02-11 06:04:53-07,SkipDC,electric-scooter,2019-02-11 06:05:00-07,-77.0699767,38.9256033
SkipDC-352897091293723,"",2019-02-11 06:04:53-07,SkipDC,electric-scooter,2019-02-11 06:05:00-07,-77.0700433,38.92576
SkipDC-352897091279466,"",2019-02-11 06:04:53-07,SkipDC,electric-scooter,2019-02-11 06:05:00-07,-77.0698433,38.925835
JumpDC-bike_23499,JUMP DC-2634 ,2019-02-11 06:04:31-07,JumpDC,pedal-assist-bike,2019-02-11 06:05:00-07,-77.0570183333333,38.9260666666667
JumpDC-bike_23164,JUMP DC-2473,2019-02-11 06:04:31-07,JumpDC,pedal-assist-bike,2019-02-11 06:05:00-07,-77.0414616666667,38.9236183333333
JumpDC-bike_18906,JUMP DC-0785,2019-02-11 06:04:31-07,JumpDC,pedal-assist-bike,2019-02-11 06:05:00-07,-77.0414633333333,38.9235683333333
JumpDC-bike_18858,JUMP DC-0817,2019-02-11 06:04:31-07,JumpDC,pedal-assist-bike,2019-02-11 06:05:00-07,-77.0414616666667,38.9236216666667
JumpDC-bike_18851,JUMP DC-0696 (Dummy Controller),2019-02-11 06:04:31-07,JumpDC,pedal-assist-bike,2019-02-11 06:05:00-07,-77.0364666666667,38.9275233333333
JumpDC-bike_23203,JUMP DC-2512,2019-02-11 06:04:31-07,JumpDC,pedal-assist-bike,2019-02-11 06:05:00-07,-77.0362183333333,38.923955
JumpDC-bike_23185,JUMP DC-2494,2019-02-11 06:04:31-07,JumpDC,pedal-assist-bike,2019-02-11 06:05:00-07,-77.0321183333333,38.925235
JumpDC-bike_23183,JUMP DC-2492,2019-02-11 06:04:31-07,JumpDC,pedal-assist-bike,2019-02-11 06:05:00-07,-77.0297816666667,38.9256216666667
JumpDC-bike_23473,JUMP DC-2608,2019-02-11 06:04:31-07,JumpDC,pedal-assist-bike,2019-02-11 06:05:00-07,-77.0292083333333,38.9236633333333
JumpDC-bike_23697,JUMP DC-2732,2019-02-11 06:04:31-07,JumpDC,pedal-assist-bike,2019-02-11 06:05:00-07,-77.0237716666667,38.92502
JumpDC-bike_23221,JUMP DC-2530,2019-02-11 06:04:31-07,JumpDC,pedal-assist-bike,2019-02-11 06:05:00-07,-77.0238783333333,38.9260916666667
JumpDC-bike_18845,JUMP DC-0722,2019-02-11 06:04:31-07,JumpDC,pedal-assist-bike,2019-02-11 06:05:00-07,-77.0257533333333,38.9269316666667
SkipDC-352897091390123,"",2019-02-11 06:04:53-07,SkipDC,electric-scooter,2019-02-11 06:05:00-07,-77.0217017,38.924895
SkipDC-352897091427503,"",2019-02-11 06:04:53-07,SkipDC,electric-scooter,2019-02-11 06:05:00-07,-77.0230476,38.9274212
SkipDC-352897091458029,"",2019-02-11 06:04:53-07,SkipDC,electric-scooter,2019-02-11 06:05:00-07,-76.9992583,38.924655
JumpDC-bike_23649,JUMP DC-2684,2019-02-11 06:04:31-07,JumpDC,pedal-assist-bike,2019-02-11 06:05:00-07,-77.0585783333333,38.9361133333333
SkipDC-352897091398621,"",2019-02-11 06:04:53-07,SkipDC,electric-scooter,2019-02-11 06:05:00-07,-77.0577717,38.933955
SkipDC-352897091429103,"",2019-02-11 06:04:53-07,SkipDC,electric-scooter,2019-02-11 06:05:00-07,-77.0582054,38.935659
JumpDC-bike_16631,JUMP DC-0222,2019-02-11 06:04:31-07,JumpDC,pedal-assist-bike,2019-02-11 06:05:00-07,-77.0412316666667,38.9336233333333
SkipDC-352897091435126,"",2019-02-11 06:04:53-07,SkipDC,electric-scooter,2019-02-11 06:05:00-07,-77.043711,38.9325736
SkipDC-352897091279565,"",2019-02-11 06:04:53-07,SkipDC,electric-scooter,2019-02-11 06:05:00-07,-77.0321583,38.9332847
SkipDC-352897091448061,"",2019-02-11 06:04:53-07,SkipDC,electric-scooter,2019-02-11 06:05:00-07,-77.0346088,38.9358737
SkipDC-352897091457146,"",2019-02-11 06:04:53-07,SkipDC,electric-scooter,2019-02-11 06:05:00-07,-77.03279,38.9356917
SkipDC-352897091463003,"",2019-02-11 06:04:53-07,SkipDC,electric-scooter,2019-02-11 06:05:00-07,-77.0327228,38.9368211
SkipDC-352897091306301,"",2019-02-11 06:04:53-07,SkipDC,electric-scooter,2019-02-11 06:05:00-07,-77.0285925,38.9327551
SkipDC-352897091338403,"",2019-02-11 06:04:53-07,SkipDC,electric-scooter,2019-02-11 06:05:00-07,-77.0251696,38.9341432
JumpDC-bike_18862,JUMP DC-0821,2019-02-11 06:04:31-07,JumpDC,pedal-assist-bike,2019-02-11 06:05:00-07,-77.01783,38.936445
SkipDC-352897091273949,"",2019-02-11 06:04:53-07,SkipDC,electric-scooter,2019-02-11 06:05:00-07,-76.99499,38.933865
SkipDC-352897091290646,"",2019-02-11 06:04:53-07,SkipDC,electric-scooter,2019-02-11 06:05:00-07,-76.9993267,38.9324483
SkipDC-352897091278229,"",2019-02-11 06:04:53-07,SkipDC,electric-scooter,2019-02-11 06:05:00-07,-77.0894533,38.9409283
SkipDC-352897091356587,"",2019-02-11 06:04:53-07,SkipDC,electric-scooter,2019-02-11 06:05:00-07,-77.0846862,38.9382226
SkipDC-352897091380140,"",2019-02-11 06:04:53-07,SkipDC,electric-scooter,2019-02-11 06:05:00-07,-77.0555283,38.93703
SkipDC-352897091342942,"",2019-02-11 06:04:53-07,SkipDC,electric-scooter,2019-02-11 06:05:00-07,-77.0303383,38.939845
SkipDC-352897091284706,"",2019-02-11 06:04:53-07,SkipDC,electric-scooter,2019-02-11 06:05:00-07,-77.0300983,38.9397433
SkipDC-352897091459829,"",2019-02-11 06:04:53-07,SkipDC,electric-scooter,2019-02-11 06:05:00-07,-77.0328783,38.9386017
SkipDC-352897091385941,"",2019-02-11 06:04:53-07,SkipDC,electric-scooter,2019-02-11 06:05:00-07,-77.024865,38.939065
SkipDC-352897091339260,"",2019-02-11 06:04:53-07,SkipDC,electric-scooter,2019-02-11 06:05:00-07,-77.0246183,38.9398333
JumpDC-bike_23629,JUMP DC-2664,2019-02-11 06:04:31-07,JumpDC,pedal-assist-bike,2019-02-11 06:05:00-07,-77.0270833333333,38.937565
SkipDC-352897091387822,"",2019-02-11 06:04:53-07,SkipDC,electric-scooter,2019-02-11 06:05:00-07,-77.0245017,38.93819
SkipDC-352897091397946,"",2019-02-11 06:04:53-07,SkipDC,electric-scooter,2019-02-11 06:05:00-07,-77.024685,38.938475
SkipDC-352897091433568,"",2019-02-11 06:04:53-07,SkipDC,electric-scooter,2019-02-11 06:05:00-07,-77.0184267,38.9400417
SkipDC-352897091455744,"",2019-02-11 06:04:53-07,SkipDC,electric-scooter,2019-02-11 06:05:00-07,-77.0032778,38.9410062
SkipDC-352897091461502,"",2019-02-11 06:04:53-07,SkipDC,electric-scooter,2019-02-11 06:05:00-07,-76.9984883,38.939485
SkipDC-352897091451560,"",2019-02-11 06:04:53-07,SkipDC,electric-scooter,2019-02-11 06:05:00-07,-77.0769033,38.9455211
SkipDC-352897091279326,"",2019-02-11 06:04:53-07,SkipDC,electric-scooter,2019-02-11 06:05:00-07,-77.07643,38.9426067
JumpDC-bike_23149,JUMP DC-2458,2019-02-11 06:19:01-07,JumpDC,pedal-assist-bike,2019-02-11 06:20:00-07,-76.9955366666667,38.8623683333333
JumpDC-bike_18832,JUMP DC-0709,2019-02-11 06:19:01-07,JumpDC,pedal-assist-bike,2019-02-11 06:20:00-07,-76.9954966666667,38.8624
JumpDC-bike_81152,JUMP DC-2569,2019-02-11 06:19:01-07,JumpDC,pedal-assist-bike,2019-02-11 06:20:00-07,-76.9952033333333,38.8625633333333
JumpDC-bike_18884,JUMP DC-0843,2019-02-11 06:19:01-07,JumpDC,pedal-assist-bike,2019-02-11 06:20:00-07,-76.9955333333333,38.8623533333333
SkipDC-352897091432321,"",2019-02-11 06:19:54-07,SkipDC,electric-scooter,2019-02-11 06:20:00-07,-76.9961671,38.862772
SkipDC-352897091456122,"",2019-02-11 06:19:54-07,SkipDC,electric-scooter,2019-02-11 06:20:00-07,-76.9948984,38.8624139
SkipDC-352897091380108,"",2019-02-11 06:19:54-07,SkipDC,electric-scooter,2019-02-11 06:20:00-07,-76.9947219,38.8624952
JumpDC-bike_18930,JUMP DC-0809,2019-02-11 06:19:01-07,JumpDC,pedal-assist-bike,2019-02-11 06:20:00-07,-76.9897633333333,38.86458
JumpDC-bike_23651,JUMP DC-2686,2019-02-11 06:19:01-07,JumpDC,pedal-assist-bike,2019-02-11 06:20:00-07,-76.9773933333333,38.8647983333333
SkipDC-352897091460165,"",2019-02-11 06:19:54-07,SkipDC,electric-scooter,2019-02-11 06:20:00-07,-77.0012083,38.8742683
SkipDC-352897091456205,"",2019-02-11 06:19:54-07,SkipDC,electric-scooter,2019-02-11 06:20:00-07,-76.9997346,38.8772289
SkipDC-352897091272941,"",2019-02-11 06:19:54-07,SkipDC,electric-scooter,2019-02-11 06:20:00-07,-77.035575,38.88129
SkipDC-352897091408446,"",2019-02-11 06:19:54-07,SkipDC,electric-scooter,2019-02-11 06:20:00-07,-77.026665,38.8805683
SkipDC-352897091383862,"",2019-02-11 06:19:54-07,SkipDC,electric-scooter,2019-02-11 06:20:00-07,-77.0177933,38.87857
SkipDC-352897091298169,"",2019-02-11 06:19:54-07,SkipDC,electric-scooter,2019-02-11 06:20:00-07,-77.0166933,38.8813267
SkipDC-352897091329824,"",2019-02-11 06:19:54-07,SkipDC,electric-scooter,2019-02-11 06:20:00-07,-77.0076265,38.8791619
SkipDC-352897091422348,"",2019-02-11 06:19:54-07,SkipDC,electric-scooter,2019-02-11 06:20:00-07,-77.0053667,38.8791183
SkipDC-352897091352164,"",2019-02-11 06:19:54-07,SkipDC,electric-scooter,2019-02-11 06:20:00-07,-77.0015554,38.8812775
SkipDC-352897091431968,"",2019-02-11 06:19:54-07,SkipDC,electric-scooter,2019-02-11 06:20:00-07,-77.0006017,38.881305
SkipDC-352897091451727,"",2019-02-11 06:19:54-07,SkipDC,electric-scooter,2019-02-11 06:20:00-07,-77.005395,38.879115
SkipDC-352897091453541,"",2019-02-11 06:19:54-07,SkipDC,electric-scooter,2019-02-11 06:20:00-07,-76.9998717,38.8785183
SkipDC-352897091356124,"",2019-02-11 06:19:54-07,SkipDC,electric-scooter,2019-02-11 06:20:00-07,-76.9951949,38.8793361
SkipDC-352897091389703,"",2019-02-11 06:19:54-07,SkipDC,electric-scooter,2019-02-11 06:20:00-07,-76.99369,38.8801117
JumpDC-bike_16624,JUMP DC-0229,2019-02-11 06:19:01-07,JumpDC,pedal-assist-bike,2019-02-11 06:20:00-07,-76.9853183333333,38.8806416666667
SkipDC-352897091451602,"",2019-02-11 06:19:54-07,SkipDC,electric-scooter,2019-02-11 06:20:00-07,-76.9464817,38.8828453
SkipDC-352897091334766,"",2019-02-11 06:19:54-07,SkipDC,electric-scooter,2019-02-11 06:20:00-07,-76.95744,38.8855383
SkipDC-352897091290463,"",2019-02-11 06:19:54-07,SkipDC,electric-scooter,2019-02-11 06:20:00-07,-76.9549002,38.8849804
SkipDC-352897091428766,"",2019-02-11 06:19:54-07,SkipDC,electric-scooter,2019-02-11 06:20:00-07,-77.0493633,38.89048
SkipDC-352897091289044,"",2019-02-11 06:19:54-07,SkipDC,electric-scooter,2019-02-11 06:20:00-07,-77.04927,38.89049
SkipDC-352897090558449,"",2019-02-11 06:19:54-07,SkipDC,electric-scooter,2019-02-11 06:20:00-07,-77.0493,38.890515
SkipDC-352897091345945,"",2019-02-11 06:19:54-07,SkipDC,electric-scooter,2019-02-11 06:20:00-07,-77.0492417,38.8905633
SkipDC-352897091428642,"",2019-02-11 06:19:54-07,SkipDC,electric-scooter,2019-02-11 06:20:00-07,-77.0492233,38.8906317
SkipDC-352897091296064,"",2019-02-11 06:19:54-07,SkipDC,electric-scooter,2019-02-11 06:20:00-07,-77.04848,38.8905817
SkipDC-352897091457369,"",2019-02-11 06:19:54-07,SkipDC,electric-scooter,2019-02-11 06:20:00-07,-77.0299217,38.888805
SkipDC-352897091302540,"",2019-02-11 06:19:54-07,SkipDC,electric-scooter,2019-02-11 06:20:00-07,-77.0251317,38.8890783
SkipDC-352897091398464,"",2019-02-11 06:19:54-07,SkipDC,electric-scooter,2019-02-11 06:20:00-07,-77.0199767,38.8878317
JumpDC-bike_23144,JUMP DC-2453,2019-02-11 06:19:01-07,JumpDC,pedal-assist-bike,2019-02-11 06:20:00-07,-77.0210966666667,38.88769
SkipDC-352897091451941,"",2019-02-11 06:19:54-07,SkipDC,electric-scooter,2019-02-11 06:20:00-07,-77.0021942,38.8891868
SkipDC-352897091408487,"",2019-02-11 06:19:54-07,SkipDC,electric-scooter,2019-02-11 06:20:00-07,-76.9997333,38.8899542
SkipDC-352897091329469,"",2019-02-11 06:19:54-07,SkipDC,electric-scooter,2019-02-11 06:20:00-07,-76.9958683,38.8878066
JumpDC-bike_23617,JUMP DC-2652,2019-02-11 06:19:01-07,JumpDC,pedal-assist-bike,2019-02-11 06:20:00-07,-76.9914583333333,38.88964
JumpDC-bike_23424,JUMP DC-2559,2019-02-11 06:19:01-07,JumpDC,pedal-assist-bike,2019-02-11 06:20:00-07,-76.9914633333333,38.88982
JumpDC-bike_23152,JUMP DC-2461,2019-02-11 06:19:01-07,JumpDC,pedal-assist-bike,2019-02-11 06:20:00-07,-76.9914966666667,38.8899716666667
JumpDC-bike_23440,JUMP DC-2575,2019-02-11 06:19:01-07,JumpDC,pedal-assist-bike,2019-02-11 06:20:00-07,-76.9913633333333,38.8891566666667
SkipDC-352897091391469,"",2019-02-11 06:19:54-07,SkipDC,electric-scooter,2019-02-11 06:20:00-07,-77.0520098,38.897875
SkipDC-352897091461163,"",2019-02-11 06:19:54-07,SkipDC,electric-scooter,2019-02-11 06:20:00-07,-77.0519917,38.9004717
JumpDC-bike_23484,JUMP DC-2619,2019-02-11 06:19:01-07,JumpDC,pedal-assist-bike,2019-02-11 06:20:00-07,-77.050395,38.9008066666667
SkipDC-352897091287485,"",2019-02-11 06:19:54-07,SkipDC,electric-scooter,2019-02-11 06:20:00-07,-77.0434857,38.8965318
SkipDC-352897091333263,"",2019-02-11 06:19:54-07,SkipDC,electric-scooter,2019-02-11 06:20:00-07,-77.0462822,38.8977472
SkipDC-352897091301682,"",2019-02-11 06:19:54-07,SkipDC,electric-scooter,2019-02-11 06:20:00-07,-77.0417417,38.8974367
SkipDC-352897091429046,"",2019-02-11 06:19:54-07,SkipDC,electric-scooter,2019-02-11 06:20:00-07,-77.0439917,38.89767
SkipDC-352897091406408,"",2019-02-11 06:19:54-07,SkipDC,electric-scooter,2019-02-11 06:20:00-07,-77.043895,38.8976967
SkipDC-352897091457484,"",2019-02-11 06:19:54-07,SkipDC,electric-scooter,2019-02-11 06:20:00-07,-77.0369488,38.9002422
SkipDC-352897091267628,"",2019-02-11 06:19:54-07,SkipDC,electric-scooter,2019-02-11 06:20:00-07,-77.0367817,38.90051
SkipDC-352897091387889,"",2019-02-11 06:19:54-07,SkipDC,electric-scooter,2019-02-11 06:20:00-07,-77.0320883,38.8971833
SkipDC-352897091346000,"",2019-02-11 06:19:54-07,SkipDC,electric-scooter,2019-02-11 06:20:00-07,-77.03239,38.8983633
SkipDC-352897091379969,"",2019-02-11 06:19:54-07,SkipDC,electric-scooter,2019-02-11 06:20:00-07,-77.03037,38.898315
SkipDC-352897091407265,"",2019-02-11 06:19:54-07,SkipDC,electric-scooter,2019-02-11 06:20:00-07,-77.0325333,38.898405
SkipDC-352897091444284,"",2019-02-11 06:19:54-07,SkipDC,electric-scooter,2019-02-11 06:20:00-07,-77.0307183,38.89839
SkipDC-352897091428964,"",2019-02-11 06:19:54-07,SkipDC,electric-scooter,2019-02-11 06:20:00-07,-77.03335,38.9000483
JumpDC-bike_23202,JUMP DC-2511,2019-02-11 06:19:01-07,JumpDC,pedal-assist-bike,2019-02-11 06:20:00-07,-77.0349033333333,38.9003583333333
JumpDC-bike_18887,JUMP DC-0764,2019-02-11 06:19:01-07,JumpDC,pedal-assist-bike,2019-02-11 06:20:00-07,-77.0349766666667,38.9003083333333
SkipDC-352897091462567,"",2019-02-11 06:19:54-07,SkipDC,electric-scooter,2019-02-11 06:20:00-07,-77.0247055,38.8972597
SkipDC-352897091302680,"",2019-02-11 06:19:54-07,SkipDC,electric-scooter,2019-02-11 06:20:00-07,-77.0235583,38.897455
JumpDC-bike_23143,JUMP DC-2452,2019-02-11 06:19:01-07,JumpDC,pedal-assist-bike,2019-02-11 06:20:00-07,-77.0238083333333,38.8998066666667
SkipDC-352897091344807,"",2019-02-11 06:19:54-07,SkipDC,electric-scooter,2019-02-11 06:20:00-07,-76.998485,38.900275
SkipDC-352897091295009,"",2019-02-11 06:19:54-07,SkipDC,electric-scooter,2019-02-11 06:20:00-07,-77.0446871,38.902285
SkipDC-352897091430929,"",2019-02-11 06:19:54-07,SkipDC,electric-scooter,2019-02-11 06:20:00-07,-77.0450283,38.90215
SkipDC-352897090241400,"",2019-02-11 06:19:54-07,SkipDC,electric-scooter,2019-02-11 06:20:00-07,-77.04515,38.902175
SkipDC-352897091432925,"",2019-02-11 06:19:54-07,SkipDC,electric-scooter,2019-02-11 06:20:00-07,-77.04514,38.9023633
SkipDC-352897091462864,"",2019-02-11 06:19:54-07,SkipDC,electric-scooter,2019-02-11 06:20:00-07,-77.04517,38.9024467
SkipDC-352897091385826,"",2019-02-11 06:19:54-07,SkipDC,electric-scooter,2019-02-11 06:20:00-07,-77.035855,38.9026685
SkipDC-352897091457823,"",2019-02-11 06:19:54-07,SkipDC,electric-scooter,2019-02-11 06:20:00-07,-77.0346773,38.9011505
SkipDC-352897091382344,"",2019-02-11 06:19:54-07,SkipDC,electric-scooter,2019-02-11 06:20:00-07,-77.0319483,38.9010083
SkipDC-352897091270747,"",2019-02-11 06:19:54-07,SkipDC,electric-scooter,2019-02-11 06:20:00-07,-77.0321009,38.9025981
SkipDC-352897091352008,"",2019-02-11 06:19:54-07,SkipDC,electric-scooter,2019-02-11 06:20:00-07,-77.0296867,38.9050283
SkipDC-352897091384324,"",2019-02-11 06:19:54-07,SkipDC,electric-scooter,2019-02-11 06:20:00-07,-77.032105,38.9026383
SkipDC-352897091358187,"",2019-02-11 06:19:54-07,SkipDC,electric-scooter,2019-02-11 06:20:00-07,-77.0318183,38.9044717
SkipDC-352897091272602,"",2019-02-11 06:19:54-07,SkipDC,electric-scooter,2019-02-11 06:20:00-07,-77.0238583,38.9016144
SkipDC-352897091350465,"",2019-02-11 06:19:54-07,SkipDC,electric-scooter,2019-02-11 06:20:00-07,-77.0269317,38.9037517
JumpDC-bike_23690,JUMP DC-2725,2019-02-11 06:19:01-07,JumpDC,pedal-assist-bike,2019-02-11 06:20:00-07,-77.02771,38.9012866666667
SkipDC-352897091306269,"",2019-02-11 06:19:54-07,SkipDC,electric-scooter,2019-02-11 06:20:00-07,-77.0195158,38.9016272
SkipDC-352897091289085,"",2019-02-11 06:19:54-07,SkipDC,electric-scooter,2019-02-11 06:20:00-07,-77.0186617,38.9038083
SkipDC-352897091457666,"",2019-02-11 06:19:54-07,SkipDC,electric-scooter,2019-02-11 06:20:00-07,-77.01802,38.9040833
SkipDC-352897091430945,"",2019-02-11 06:19:54-07,SkipDC,electric-scooter,2019-02-11 06:20:00-07,-77.0148839,38.9037371
SkipDC-352897091272107,"",2019-02-11 06:19:54-07,SkipDC,electric-scooter,2019-02-11 06:20:00-07,-77.0116,38.9013117
SkipDC-352897091338825,"",2019-02-11 06:19:54-07,SkipDC,electric-scooter,2019-02-11 06:20:00-07,-77.0117381,38.9026571
SkipDC-352897091435449,"",2019-02-11 06:19:54-07,SkipDC,electric-scooter,2019-02-11 06:20:00-07,-77.013675,38.9059883
SkipDC-352897091268329,"",2019-02-11 06:19:54-07,SkipDC,electric-scooter,2019-02-11 06:20:00-07,-77.0122009,38.906843
SkipDC-352897091296544,"",2019-02-11 06:19:54-07,SkipDC,electric-scooter,2019-02-11 06:20:00-07,-77.0089317,38.906405
SkipDC-352897091273048,"",2019-02-11 06:19:54-07,SkipDC,electric-scooter,2019-02-11 06:20:00-07,-77.0083267,38.9059367
SkipDC-352897091451487,"",2019-02-11 06:19:54-07,SkipDC,electric-scooter,2019-02-11 06:20:00-07,-76.9979906,38.9083149
SkipDC-352897091339369,"",2019-02-11 06:19:54-07,SkipDC,electric-scooter,2019-02-11 06:20:00-07,-76.9990817,38.9069667
SkipDC-352897090452023,"",2019-02-11 06:19:54-07,SkipDC,electric-scooter,2019-02-11 06:20:00-07,-76.99283,38.90908
SkipDC-352897091300627,"",2019-02-11 06:19:54-07,SkipDC,electric-scooter,2019-02-11 06:20:00-07,-76.9928267,38.90921
SkipDC-352897091457021,"",2019-02-11 06:19:54-07,SkipDC,electric-scooter,2019-02-11 06:20:00-07,-76.9883524,38.9075839
SkipDC-352897091448244,"",2019-02-11 06:19:54-07,SkipDC,electric-scooter,2019-02-11 06:20:00-07,-76.9838056,38.909741
JumpDC-bike_23471,JUMP DC-2606,2019-02-11 06:19:01-07,JumpDC,pedal-assist-bike,2019-02-11 06:20:00-07,-76.952565,38.9059133333333
SkipDC-352897091267826,"",2019-02-11 06:19:54-07,SkipDC,electric-scooter,2019-02-11 06:20:00-07,-77.0670554,38.9143874
SkipDC-352897091433063,"",2019-02-11 06:19:54-07,SkipDC,electric-scooter,2019-02-11 06:20:00-07,-77.0547671,38.9106346
SkipDC-352897091406242,"",2019-02-11 06:19:54-07,SkipDC,electric-scooter,2019-02-11 06:20:00-07,-77.0533683,38.9105217
JumpDC-bike_23178,JUMP DC-2487,2019-02-11 06:19:01-07,JumpDC,pedal-assist-bike,2019-02-11 06:20:00-07,-77.048725,38.9099216666667
SkipDC-352897091327224,"",2019-02-11 06:19:54-07,SkipDC,electric-scooter,2019-02-11 06:20:00-07,-77.0456583,38.9122633
SkipDC-352897091356082,"",2019-02-11 06:19:54-07,SkipDC,electric-scooter,2019-02-11 06:20:00-07,-77.0422833,38.9133517
SkipDC-352897091430143,"",2019-02-11 06:19:54-07,SkipDC,electric-scooter,2019-02-11 06:20:00-07,-77.0437755,38.910467
SkipDC-352897091433725,"",2019-02-11 06:19:54-07,SkipDC,electric-scooter,2019-02-11 06:20:00-07,-77.0459167,38.9135033
SkipDC-352897091358286,"",2019-02-11 06:19:54-07,SkipDC,electric-scooter,2019-02-11 06:20:00-07,-77.0437196,38.9140262
SkipDC-352897090484364,"",2019-02-11 06:19:54-07,SkipDC,electric-scooter,2019-02-11 06:20:00-07,-77.045814,38.9126215
SkipDC-352897091333529,"",2019-02-11 06:19:54-07,SkipDC,electric-scooter,2019-02-11 06:20:00-07,-77.0423983,38.9133983
SkipDC-352897091421969,"",2019-02-11 06:19:54-07,SkipDC,electric-scooter,2019-02-11 06:20:00-07,-77.0394833,38.913775
SkipDC-352897091384464,"",2019-02-11 06:19:54-07,SkipDC,electric-scooter,2019-02-11 06:20:00-07,-77.0366733,38.9127667
SkipDC-352897091388887,"",2019-02-11 06:19:54-07,SkipDC,electric-scooter,2019-02-11 06:20:00-07,-77.0396533,38.9136367
SkipDC-352897091453806,"",2019-02-11 06:19:54-07,SkipDC,electric-scooter,2019-02-11 06:20:00-07,-77.0472714,38.922469
SkipDC-352897091332802,"",2019-02-11 06:19:54-07,SkipDC,electric-scooter,2019-02-11 06:20:00-07,-77.0472714,38.922469
SkipDC-352897091286784,"",2019-02-11 06:19:54-07,SkipDC,electric-scooter,2019-02-11 06:20:00-07,-77.0441813,38.9204843
JumpDC-bike_16499,JUMP DC-0186,2019-02-11 06:19:01-07,JumpDC,pedal-assist-bike,2019-02-11 06:20:00-07,-77.0414683333333,38.9233916666667
JumpDC-bike_18823,JUMP DC-0700,2019-02-11 06:19:01-07,JumpDC,pedal-assist-bike,2019-02-11 06:20:00-07,-77.0418433333333,38.91989
JumpDC-bike_23513,JUMP DC-2648,2019-02-11 06:19:01-07,JumpDC,pedal-assist-bike,2019-02-11 06:20:00-07,-77.0438683333333,38.920595
SkipDC-352897091432164,"",2019-02-11 06:19:54-07,SkipDC,electric-scooter,2019-02-11 06:20:00-07,-77.042175,38.9213883
SkipDC-352897091272180,"",2019-02-11 06:19:54-07,SkipDC,electric-scooter,2019-02-11 06:20:00-07,-77.0421654,38.923077
JumpDC-bike_23230,JUMP DC-2539 ,2019-02-11 06:19:01-07,JumpDC,pedal-assist-bike,2019-02-11 06:20:00-07,-77.04155,38.9192233333333
JumpDC-bike_23165,JUMP DC-2474,2019-02-11 06:19:01-07,JumpDC,pedal-assist-bike,2019-02-11 06:20:00-07,-77.041465,38.9229883333333
SkipDC-352897091328909,"",2019-02-11 06:19:54-07,SkipDC,electric-scooter,2019-02-11 06:20:00-07,-77.0364083,38.9199467
JumpDC-bike_23457,JUMP DC-2592,2019-02-11 06:19:01-07,JumpDC,pedal-assist-bike,2019-02-11 06:20:00-07,-77.0401083333333,38.92182
SkipDC-352897091274020,"",2019-02-11 06:19:54-07,SkipDC,electric-scooter,2019-02-11 06:20:00-07,-77.0325617,38.9192867
SkipDC-352897091451883,"",2019-02-11 06:19:54-07,SkipDC,electric-scooter,2019-02-11 06:20:00-07,-77.0351137,38.9222215
JumpDC-bike_16495,JUMP DC-0182,2019-02-11 06:19:01-07,JumpDC,pedal-assist-bike,2019-02-11 06:20:00-07,-77.0333333333333,38.9216
SkipDC-352897091398266,"",2019-02-11 06:19:54-07,SkipDC,electric-scooter,2019-02-11 06:20:00-07,-77.02803,38.9231067
SkipDC-352897091272289,"",2019-02-11 06:19:54-07,SkipDC,electric-scooter,2019-02-11 06:20:00-07,-77.0243299,38.9203409
SkipDC-352897091382120,"",2019-02-11 06:19:54-07,SkipDC,electric-scooter,2019-02-11 06:20:00-07,-77.0258166,38.9193261
SkipDC-352897091431224,"",2019-02-11 06:19:54-07,SkipDC,electric-scooter,2019-02-11 06:20:00-07,-77.0115367,38.9212967
SkipDC-352897091329287,"",2019-02-11 06:19:54-07,SkipDC,electric-scooter,2019-02-11 06:20:00-07,-77.08105,38.9257717
SkipDC-352897091331622,"",2019-02-11 06:19:54-07,SkipDC,electric-scooter,2019-02-11 06:20:00-07,-77.073401,38.9262002
SkipDC-352897091435985,"",2019-02-11 06:19:54-07,SkipDC,electric-scooter,2019-02-11 06:20:00-07,-77.0700083,38.9255567
SkipDC-352897091293723,"",2019-02-11 06:19:54-07,SkipDC,electric-scooter,2019-02-11 06:20:00-07,-77.0700433,38.92576
SkipDC-352897091288582,"",2019-02-11 06:19:54-07,SkipDC,electric-scooter,2019-02-11 06:20:00-07,-77.0340683,38.9308233
SkipDC-352897091457781,"",2019-02-11 06:19:54-07,SkipDC,electric-scooter,2019-02-11 06:20:00-07,-77.0339517,38.9308183
SkipDC-352897091409105,"",2019-02-11 06:19:54-07,SkipDC,electric-scooter,2019-02-11 06:20:00-07,-77.032185,38.9305167
SkipDC-352897091381742,"",2019-02-11 06:19:54-07,SkipDC,electric-scooter,2019-02-11 06:20:00-07,-77.0321583,38.932322
JumpDC-bike_23687,JUMP DC-2722,2019-02-11 06:19:01-07,JumpDC,pedal-assist-bike,2019-02-11 06:20:00-07,-77.024095,38.9310033333333
JumpDC-bike_23130,JUMP DC-0820,2019-02-11 06:19:01-07,JumpDC,pedal-assist-bike,2019-02-11 06:20:00-07,-77.006655,38.9296516666667
SkipDC-352897091320542,"",2019-02-11 06:19:54-07,SkipDC,electric-scooter,2019-02-11 06:20:00-07,-77.0050067,38.9289733
SkipDC-352897091389968,"",2019-02-11 06:19:54-07,SkipDC,electric-scooter,2019-02-11 06:20:00-07,-77.0053369,38.9295637
SkipDC-352897091306087,"",2019-02-11 06:19:54-07,SkipDC,electric-scooter,2019-02-11 06:20:00-07,-76.997655,38.9323917
SkipDC-352897091339625,"",2019-02-11 06:19:54-07,SkipDC,electric-scooter,2019-02-11 06:20:00-07,-77.0867717,38.9359533
SkipDC-352897091310568,"",2019-02-11 06:19:54-07,SkipDC,electric-scooter,2019-02-11 06:20:00-07,-77.0743933,38.9359383
SkipDC-352897091398621,"",2019-02-11 06:19:54-07,SkipDC,electric-scooter,2019-02-11 06:20:00-07,-77.0577717,38.933955
SkipDC-352897091429103,"",2019-02-11 06:19:54-07,SkipDC,electric-scooter,2019-02-11 06:20:00-07,-77.0580683,38.9355867
JumpDC-bike_23180,JUMP DC-2489,2019-02-11 06:19:01-07,JumpDC,pedal-assist-bike,2019-02-11 06:20:00-07,-77.0586,38.9360616666667
JumpDC-bike_23649,JUMP DC-2684,2019-02-11 06:19:01-07,JumpDC,pedal-assist-bike,2019-02-11 06:20:00-07,-77.0585783333333,38.9361133333333
SkipDC-352897091435126,"",2019-02-11 06:19:54-07,SkipDC,electric-scooter,2019-02-11 06:20:00-07,-77.0436446,38.932563
JumpDC-bike_16631,JUMP DC-0222,2019-02-11 06:19:01-07,JumpDC,pedal-assist-bike,2019-02-11 06:20:00-07,-77.0412316666667,38.9336233333333
SkipDC-352897091279565,"",2019-02-11 06:19:54-07,SkipDC,electric-scooter,2019-02-11 06:20:00-07,-77.0321583,38.9332847
SkipDC-352897091448061,"",2019-02-11 06:19:54-07,SkipDC,electric-scooter,2019-02-11 06:20:00-07,-77.034825,38.9358367
SkipDC-352897091457146,"",2019-02-11 06:19:54-07,SkipDC,electric-scooter,2019-02-11 06:20:00-07,-77.0327842,38.9356261
SkipDC-352897091463003,"",2019-02-11 06:19:54-07,SkipDC,electric-scooter,2019-02-11 06:20:00-07,-77.0327439,38.9368093
SkipDC-352897091306301,"",2019-02-11 06:19:54-07,SkipDC,electric-scooter,2019-02-11 06:20:00-07,-77.0285849,38.9326968
SkipDC-352897091338403,"",2019-02-11 06:19:54-07,SkipDC,electric-scooter,2019-02-11 06:20:00-07,-77.0251091,38.934115
JumpDC-bike_18862,JUMP DC-0821,2019-02-11 06:19:01-07,JumpDC,pedal-assist-bike,2019-02-11 06:20:00-07,-77.01783,38.936445
SkipDC-352897091279342,"",2019-02-11 06:19:54-07,SkipDC,electric-scooter,2019-02-11 06:20:00-07,-77.0806817,38.9501233
SkipDC-352897091288905,"",2019-02-11 06:19:54-07,SkipDC,electric-scooter,2019-02-11 06:20:00-07,-77.072715,38.9480883
SkipDC-352897091294283,"",2019-02-11 06:19:54-07,SkipDC,electric-scooter,2019-02-11 06:20:00-07,-77.0713,38.947205
SkipDC-352897091293442,"",2019-02-11 06:19:54-07,SkipDC,electric-scooter,2019-02-11 06:20:00-07,-77.0657155,38.9476995
JumpDC-bike_23201,JUMP DC-2510,2019-02-11 06:19:01-07,JumpDC,pedal-assist-bike,2019-02-11 06:20:00-07,-77.0235516666667,38.9475383333333
SkipDC-352897091282247,"",2019-02-11 06:19:54-07,SkipDC,electric-scooter,2019-02-11 06:20:00-07,-77.08082,38.9507583
SkipDC-352897090537849,"",2019-02-11 06:19:54-07,SkipDC,electric-scooter,2019-02-11 06:20:00-07,-77.0724317,38.953845
SkipDC-352897091349905,"",2019-02-11 06:19:54-07,SkipDC,electric-scooter,2019-02-11 06:20:00-07,-77.0723083,38.9539067
JumpDC-bike_23167,JUMP DC-2476,2019-02-11 06:19:01-07,JumpDC,pedal-assist-bike,2019-02-11 06:20:00-07,-77.00206,38.9533833333333
JumpDC-bike_23227,JUMP DC-2536,2019-02-11 06:19:01-07,JumpDC,pedal-assist-bike,2019-02-11 06:20:00-07,-77.0024,38.9524616666667
JumpDC-bike_23452,JUMP DC-2587,2019-02-11 06:19:01-07,JumpDC,pedal-assist-bike,2019-02-11 06:20:00-07,-76.999065,38.9589883333333
SkipDC-352897091288764,"",2019-02-11 06:19:54-07,SkipDC,electric-scooter,2019-02-11 06:20:00-07,-77.0857567,38.961469
SkipDC-352897091383342,"",2019-02-11 06:19:54-07,SkipDC,electric-scooter,2019-02-11 06:20:00-07,-77.0296767,38.95959
JumpDC-bike_81152,JUMP DC-2569,2019-02-11 06:34:30-07,JumpDC,pedal-assist-bike,2019-02-11 06:35:00-07,-76.9952033333333,38.8625633333333
JumpDC-bike_18832,JUMP DC-0709,2019-02-11 06:34:30-07,JumpDC,pedal-assist-bike,2019-02-11 06:35:00-07,-76.9954966666667,38.8624
JumpDC-bike_18884,JUMP DC-0843,2019-02-11 06:34:30-07,JumpDC,pedal-assist-bike,2019-02-11 06:35:00-07,-76.9955333333333,38.8623533333333
SkipDC-352897091456122,"",2019-02-11 06:34:54-07,SkipDC,electric-scooter,2019-02-11 06:35:00-07,-76.9958583,38.86236
SkipDC-352897091380108,"",2019-02-11 06:34:54-07,SkipDC,electric-scooter,2019-02-11 06:35:00-07,-76.9955617,38.8625383
SkipDC-352897091432321,"",2019-02-11 06:34:54-07,SkipDC,electric-scooter,2019-02-11 06:35:00-07,-76.9954167,38.8624483
JumpDC-bike_23149,JUMP DC-2458,2019-02-11 06:34:30-07,JumpDC,pedal-assist-bike,2019-02-11 06:35:00-07,-76.9955366666667,38.8623683333333
JumpDC-bike_18930,JUMP DC-0809,2019-02-11 06:34:30-07,JumpDC,pedal-assist-bike,2019-02-11 06:35:00-07,-76.9897633333333,38.86458
JumpDC-bike_23651,JUMP DC-2686,2019-02-11 06:34:30-07,JumpDC,pedal-assist-bike,2019-02-11 06:35:00-07,-76.9773933333333,38.8647983333333
SkipDC-352897091427008,"",2019-02-11 06:34:54-07,SkipDC,electric-scooter,2019-02-11 06:35:00-07,-76.9867017,38.8670617
JumpDC-bike_23450,JUMP DC-2585,2019-02-11 06:34:30-07,JumpDC,pedal-assist-bike,2019-02-11 06:35:00-07,-76.9808616666667,38.868105
SkipDC-352897091431521,"",2019-02-11 06:34:54-07,SkipDC,electric-scooter,2019-02-11 06:35:00-07,-77.0138183,38.870625
JumpDC-bike_23639,JUMP DC-2674,2019-02-11 06:34:30-07,JumpDC,pedal-assist-bike,2019-02-11 06:35:00-07,-77.0067916666667,38.8714866666667
SkipDC-352897091412729,"",2019-02-11 06:34:54-07,SkipDC,electric-scooter,2019-02-11 06:35:00-07,-77.00208,38.873705
SkipDC-352897091272867,"",2019-02-11 06:34:54-07,SkipDC,electric-scooter,2019-02-11 06:35:00-07,-77.0008462,38.8738381
SkipDC-352897091272149,"",2019-02-11 06:34:54-07,SkipDC,electric-scooter,2019-02-11 06:35:00-07,-77.0174567,38.87637
SkipDC-352897091293004,"",2019-02-11 06:34:54-07,SkipDC,electric-scooter,2019-02-11 06:35:00-07,-77.01514,38.87636
SkipDC-352897091306624,"",2019-02-11 06:34:54-07,SkipDC,electric-scooter,2019-02-11 06:35:00-07,-77.0060272,38.8751531
SkipDC-352897091298045,"",2019-02-11 06:34:54-07,SkipDC,electric-scooter,2019-02-11 06:35:00-07,-77.0059317,38.8753467
SkipDC-352897091460165,"",2019-02-11 06:34:54-07,SkipDC,electric-scooter,2019-02-11 06:35:00-07,-77.0013083,38.8742967
JumpDC-bike_23418,JUMP DC-2553,2019-02-11 06:34:30-07,JumpDC,pedal-assist-bike,2019-02-11 06:35:00-07,-77.0042133333333,38.8765666666667
SkipDC-352897091456205,"",2019-02-11 06:34:54-07,SkipDC,electric-scooter,2019-02-11 06:35:00-07,-76.9997103,38.877218
SkipDC-352897091272941,"",2019-02-11 06:34:54-07,SkipDC,electric-scooter,2019-02-11 06:35:00-07,-77.035575,38.88129
SkipDC-352897091408446,"",2019-02-11 06:34:54-07,SkipDC,electric-scooter,2019-02-11 06:35:00-07,-77.0266586,38.8805603
SkipDC-352897091383862,"",2019-02-11 06:34:54-07,SkipDC,electric-scooter,2019-02-11 06:35:00-07,-77.0178467,38.878485
SkipDC-352897091298169,"",2019-02-11 06:34:54-07,SkipDC,electric-scooter,2019-02-11 06:35:00-07,-77.0167483,38.881405
SkipDC-352897091329824,"",2019-02-11 06:34:54-07,SkipDC,electric-scooter,2019-02-11 06:35:00-07,-77.0076367,38.8791483
SkipDC-352897091451727,"",2019-02-11 06:34:54-07,SkipDC,electric-scooter,2019-02-11 06:35:00-07,-77.00541,38.87898
SkipDC-352897091422348,"",2019-02-11 06:34:54-07,SkipDC,electric-scooter,2019-02-11 06:35:00-07,-77.0052083,38.8791567
SkipDC-352897091352164,"",2019-02-11 06:34:54-07,SkipDC,electric-scooter,2019-02-11 06:35:00-07,-77.0015224,38.8812729
SkipDC-352897091431968,"",2019-02-11 06:34:54-07,SkipDC,electric-scooter,2019-02-11 06:35:00-07,-77.0005612,38.8813607
SkipDC-352897091453541,"",2019-02-11 06:34:54-07,SkipDC,electric-scooter,2019-02-11 06:35:00-07,-76.9998717,38.8785183
SkipDC-352897091356124,"",2019-02-11 06:34:54-07,SkipDC,electric-scooter,2019-02-11 06:35:00-07,-76.9952895,38.8794399
SkipDC-352897091389703,"",2019-02-11 06:34:54-07,SkipDC,electric-scooter,2019-02-11 06:35:00-07,-76.99379,38.8800617
JumpDC-bike_16624,JUMP DC-0229,2019-02-11 06:34:30-07,JumpDC,pedal-assist-bike,2019-02-11 06:35:00-07,-76.9853183333333,38.8806416666667
SkipDC-352897091451602,"",2019-02-11 06:34:54-07,SkipDC,electric-scooter,2019-02-11 06:35:00-07,-76.9464817,38.8828453
SkipDC-352897091273907,"",2019-02-11 06:34:54-07,SkipDC,electric-scooter,2019-02-11 06:35:00-07,-77.0497683,38.88638
SkipDC-352897091279847,"",2019-02-11 06:34:54-07,SkipDC,electric-scooter,2019-02-11 06:35:00-07,-77.0193767,38.8861417
SkipDC-352897091437189,"",2019-02-11 06:34:54-07,SkipDC,electric-scooter,2019-02-11 06:35:00-07,-77.0194208,38.8862073
JumpDC-bike_23696,JUMP DC-2731,2019-02-11 06:34:30-07,JumpDC,pedal-assist-bike,2019-02-11 06:35:00-07,-77.01541,38.8857366666667
SkipDC-352897091298649,"",2019-02-11 06:34:54-07,SkipDC,electric-scooter,2019-02-11 06:35:00-07,-77.0165617,38.8848967
SkipDC-352897091406846,"",2019-02-11 06:34:54-07,SkipDC,electric-scooter,2019-02-11 06:35:00-07,-77.00923,38.8865517
JumpDC-bike_23449,JUMP DC-2584,2019-02-11 06:34:30-07,JumpDC,pedal-assist-bike,2019-02-11 06:35:00-07,-76.995975,38.8844516666667
JumpDC-bike_23239,JUMP DC-2548,2019-02-11 06:34:30-07,JumpDC,pedal-assist-bike,2019-02-11 06:35:00-07,-76.9979016666667,38.8852283333333
SkipDC-352897091463060,"",2019-02-11 06:34:54-07,SkipDC,electric-scooter,2019-02-11 06:35:00-07,-76.9954472,38.8838869
SkipDC-352897091406267,"",2019-02-11 06:34:54-07,SkipDC,electric-scooter,2019-02-11 06:35:00-07,-76.9957717,38.8859467
JumpDC-bike_18831,JUMP DC-0708,2019-02-11 06:34:30-07,JumpDC,pedal-assist-bike,2019-02-11 06:35:00-07,-76.9960216666667,38.884375
JumpDC-bike_23676,JUMP DC-2711,2019-02-11 06:34:30-07,JumpDC,pedal-assist-bike,2019-02-11 06:35:00-07,-76.99595,38.8845083333333
JumpDC-bike_16615,JUMP DC-0250,2019-02-11 06:34:30-07,JumpDC,pedal-assist-bike,2019-02-11 06:35:00-07,-76.996025,38.8843533333333
SkipDC-352897091352362,"",2019-02-11 06:34:54-07,SkipDC,electric-scooter,2019-02-11 06:35:00-07,-76.9959917,38.8844083
JumpDC-bike_23172,JUMP DC-2481,2019-02-11 06:34:30-07,JumpDC,pedal-assist-bike,2019-02-11 06:35:00-07,-76.99598,38.884435
SkipDC-352897091392145,"",2019-02-11 06:34:54-07,SkipDC,electric-scooter,2019-02-11 06:35:00-07,-76.9926567,38.8868233
SkipDC-352897091277809,"",2019-02-11 06:34:54-07,SkipDC,electric-scooter,2019-02-11 06:35:00-07,-76.9836267,38.8836
SkipDC-352897091462526,"",2019-02-11 06:34:54-07,SkipDC,electric-scooter,2019-02-11 06:35:00-07,-76.9879711,38.8869453
SkipDC-352897091334766,"",2019-02-11 06:34:54-07,SkipDC,electric-scooter,2019-02-11 06:35:00-07,-76.9577392,38.885717
SkipDC-352897091290463,"",2019-02-11 06:34:54-07,SkipDC,electric-scooter,2019-02-11 06:35:00-07,-76.9546858,38.8850375
SkipDC-352897091356348,"",2019-02-11 06:34:54-07,SkipDC,electric-scooter,2019-02-11 06:35:00-07,-77.0807961,38.8928951
SkipDC-352897091452246,"",2019-02-11 06:34:54-07,SkipDC,electric-scooter,2019-02-11 06:35:00-07,-77.080796,38.8929237
SkipDC-352897091456866,"",2019-02-11 06:34:54-07,SkipDC,electric-scooter,2019-02-11 06:35:00-07,-77.0501939,38.8931549
SkipDC-352897091430184,"",2019-02-11 06:34:54-07,SkipDC,electric-scooter,2019-02-11 06:35:00-07,-77.0445319,38.8961183
SkipDC-352897091380504,"",2019-02-11 06:34:54-07,SkipDC,electric-scooter,2019-02-11 06:35:00-07,-77.04633,38.8919333
SkipDC-352897091383821,"",2019-02-11 06:34:54-07,SkipDC,electric-scooter,2019-02-11 06:35:00-07,-77.0395867,38.8955
SkipDC-352897091385206,"",2019-02-11 06:34:54-07,SkipDC,electric-scooter,2019-02-11 06:35:00-07,-77.0334876,38.8950338
SkipDC-352897091431182,"",2019-02-11 06:34:54-07,SkipDC,electric-scooter,2019-02-11 06:35:00-07,-77.03331,38.8963733
SkipDC-352897091280464,"",2019-02-11 06:34:54-07,SkipDC,electric-scooter,2019-02-11 06:35:00-07,-77.02842,38.8924383
SkipDC-352897091435860,"",2019-02-11 06:34:54-07,SkipDC,electric-scooter,2019-02-11 06:35:00-07,-77.0269309,38.895969
SkipDC-352897091428402,"",2019-02-11 06:34:54-07,SkipDC,electric-scooter,2019-02-11 06:35:00-07,-77.0240633,38.8958276
SkipDC-352897091426505,"",2019-02-11 06:34:54-07,SkipDC,electric-scooter,2019-02-11 06:35:00-07,-77.0217083,38.8952133
SkipDC-352897091306202,"",2019-02-11 06:34:54-07,SkipDC,electric-scooter,2019-02-11 06:35:00-07,-77.0229618,38.8950998
SkipDC-352897091273287,"",2019-02-11 06:34:54-07,SkipDC,electric-scooter,2019-02-11 06:35:00-07,-77.02292,38.895115
SkipDC-352897091287485,"",2019-02-11 06:34:54-07,SkipDC,electric-scooter,2019-02-11 06:35:00-07,-77.0433833,38.8964767
SkipDC-352897091429046,"",2019-02-11 06:34:54-07,SkipDC,electric-scooter,2019-02-11 06:35:00-07,-77.0439917,38.89767
SkipDC-352897091333263,"",2019-02-11 06:34:54-07,SkipDC,electric-scooter,2019-02-11 06:35:00-07,-77.0462549,38.8977449
SkipDC-352897091406408,"",2019-02-11 06:34:54-07,SkipDC,electric-scooter,2019-02-11 06:35:00-07,-77.043895,38.8976967
SkipDC-352897091301682,"",2019-02-11 06:34:54-07,SkipDC,electric-scooter,2019-02-11 06:35:00-07,-77.0416267,38.897425
SkipDC-352897091457484,"",2019-02-11 06:34:54-07,SkipDC,electric-scooter,2019-02-11 06:35:00-07,-77.0368865,38.9002415
SkipDC-352897091267628,"",2019-02-11 06:34:54-07,SkipDC,electric-scooter,2019-02-11 06:35:00-07,-77.0367412,38.900572
SkipDC-352897091407265,"",2019-02-11 06:34:54-07,SkipDC,electric-scooter,2019-02-11 06:35:00-07,-77.03232,38.898385
SkipDC-352897091428964,"",2019-02-11 06:34:54-07,SkipDC,electric-scooter,2019-02-11 06:35:00-07,-77.0336217,38.9001333
JumpDC-bike_23202,JUMP DC-2511,2019-02-11 06:34:30-07,JumpDC,pedal-assist-bike,2019-02-11 06:35:00-07,-77.0349033333333,38.9003583333333
SkipDC-352897091346000,"",2019-02-11 06:34:54-07,SkipDC,electric-scooter,2019-02-11 06:35:00-07,-77.0323933,38.8985685
SkipDC-352897091280381,"",2019-02-11 06:34:54-07,SkipDC,electric-scooter,2019-02-11 06:35:00-07,-77.033122,38.8964855
SkipDC-352897091379969,"",2019-02-11 06:34:54-07,SkipDC,electric-scooter,2019-02-11 06:35:00-07,-77.030215,38.8985367
JumpDC-bike_18887,JUMP DC-0764,2019-02-11 06:34:30-07,JumpDC,pedal-assist-bike,2019-02-11 06:35:00-07,-77.0349766666667,38.9003083333333
SkipDC-352897091387889,"",2019-02-11 06:34:54-07,SkipDC,electric-scooter,2019-02-11 06:35:00-07,-77.0320883,38.8971833
SkipDC-352897091444284,"",2019-02-11 06:34:54-07,SkipDC,electric-scooter,2019-02-11 06:35:00-07,-77.0306717,38.89828
SkipDC-352897091457823,"",2019-02-11 06:34:54-07,SkipDC,electric-scooter,2019-02-11 06:35:00-07,-77.0339576,38.9004274
SkipDC-352897091302508,"",2019-02-11 06:34:54-07,SkipDC,electric-scooter,2019-02-11 06:35:00-07,-77.0267603,38.8964068
SkipDC-352897091462567,"",2019-02-11 06:34:54-07,SkipDC,electric-scooter,2019-02-11 06:35:00-07,-77.0246684,38.8972704
SkipDC-352897091302680,"",2019-02-11 06:34:54-07,SkipDC,electric-scooter,2019-02-11 06:35:00-07,-77.02367,38.89743
SkipDC-352897091433881,"",2019-02-11 06:34:54-07,SkipDC,electric-scooter,2019-02-11 06:35:00-07,-77.0262767,38.8965183
SkipDC-352897091426026,"",2019-02-11 06:34:54-07,SkipDC,electric-scooter,2019-02-11 06:35:00-07,-77.027178,38.8983515
SkipDC-352897091344823,"",2019-02-11 06:34:54-07,SkipDC,electric-scooter,2019-02-11 06:35:00-07,-77.0268517,38.8984867
JumpDC-bike_23143,JUMP DC-2452,2019-02-11 06:34:30-07,JumpDC,pedal-assist-bike,2019-02-11 06:35:00-07,-77.0238083333333,38.8998066666667
SkipDC-352897091390180,"",2019-02-11 06:34:54-07,SkipDC,electric-scooter,2019-02-11 06:35:00-07,-77.0230033,38.8970033
SkipDC-352897091325707,"",2019-02-11 06:34:54-07,SkipDC,electric-scooter,2019-02-11 06:35:00-07,-77.0202433,38.8988067
SkipDC-352897091434186,"",2019-02-11 06:34:54-07,SkipDC,electric-scooter,2019-02-11 06:35:00-07,-77.0191242,38.898444
SkipDC-352897091351042,"",2019-02-11 06:34:54-07,SkipDC,electric-scooter,2019-02-11 06:35:00-07,-76.9866533,38.8978067
SkipDC-352897091338627,"",2019-02-11 06:34:54-07,SkipDC,electric-scooter,2019-02-11 06:35:00-07,-76.9822032,38.8973874
JumpDC-bike_18825,JUMP DC-0702,2019-02-11 06:34:30-07,JumpDC,pedal-assist-bike,2019-02-11 06:35:00-07,-76.9714083333333,38.8976183333333
JumpDC-bike_23506,JUMP DC-2641,2019-02-11 06:34:30-07,JumpDC,pedal-assist-bike,2019-02-11 06:35:00-07,-76.9466516666667,38.89875
JumpDC-bike_23672,JUMP DC-2707,2019-02-11 06:34:30-07,JumpDC,pedal-assist-bike,2019-02-11 06:35:00-07,-76.9315233333333,38.899855
SkipDC-352897091313802,"",2019-02-11 06:34:54-07,SkipDC,electric-scooter,2019-02-11 06:35:00-07,-77.0703259,38.9052651
SkipDC-352897091388143,"",2019-02-11 06:34:54-07,SkipDC,electric-scooter,2019-02-11 06:35:00-07,-77.0702405,38.9052398
JumpDC-bike_23614,JUMP DC-2649,2019-02-11 06:34:30-07,JumpDC,pedal-assist-bike,2019-02-11 06:35:00-07,-77.067635,38.9051133333333
SkipDC-352897091275084,"",2019-02-11 06:34:54-07,SkipDC,electric-scooter,2019-02-11 06:35:00-07,-77.0590965,38.9019437
SkipDC-352897091293764,"",2019-02-11 06:34:54-07,SkipDC,electric-scooter,2019-02-11 06:35:00-07,-77.0644994,38.9030364
SkipDC-352897091313786,"",2019-02-11 06:34:54-07,SkipDC,electric-scooter,2019-02-11 06:35:00-07,-77.0546957,38.9011036
SkipDC-352897091460967,"",2019-02-11 06:34:54-07,SkipDC,electric-scooter,2019-02-11 06:35:00-07,-77.0535454,38.9044104
SkipDC-352897091380769,"",2019-02-11 06:34:54-07,SkipDC,electric-scooter,2019-02-11 06:35:00-07,-77.0485183,38.90475
SkipDC-352897091462864,"",2019-02-11 06:34:54-07,SkipDC,electric-scooter,2019-02-11 06:35:00-07,-77.0452317,38.9023367
SkipDC-352897090241400,"",2019-02-11 06:34:54-07,SkipDC,electric-scooter,2019-02-11 06:35:00-07,-77.0450233,38.902005
SkipDC-352897091432925,"",2019-02-11 06:34:54-07,SkipDC,electric-scooter,2019-02-11 06:35:00-07,-77.045035,38.9021567
SkipDC-352897091430929,"",2019-02-11 06:34:54-07,SkipDC,electric-scooter,2019-02-11 06:35:00-07,-77.04499,38.9021333
SkipDC-352897091295009,"",2019-02-11 06:34:54-07,SkipDC,electric-scooter,2019-02-11 06:35:00-07,-77.0446513,38.9023141
JumpDC-bike_23618,JUMP DC-2653,2019-02-11 06:34:30-07,JumpDC,pedal-assist-bike,2019-02-11 06:35:00-07,-77.0533833333333,38.9060883333333
SkipDC-352897091284540,"",2019-02-11 06:04:53-07,SkipDC,electric-scooter,2019-02-11 06:05:00-07,-76.9501103,38.8937112
SkipDC-352897091313786,"",2019-02-11 06:04:53-07,SkipDC,electric-scooter,2019-02-11 06:05:00-07,-77.0546976,38.900547
JumpDC-bike_23484,JUMP DC-2619,2019-02-11 06:04:31-07,JumpDC,pedal-assist-bike,2019-02-11 06:05:00-07,-77.050395,38.9008066666667
SkipDC-352897091391469,"",2019-02-11 06:04:53-07,SkipDC,electric-scooter,2019-02-11 06:05:00-07,-77.0520011,38.8978996
SkipDC-352897091461163,"",2019-02-11 06:04:53-07,SkipDC,electric-scooter,2019-02-11 06:05:00-07,-77.051905,38.9004133
SkipDC-352897091333263,"",2019-02-11 06:04:53-07,SkipDC,electric-scooter,2019-02-11 06:05:00-07,-77.0462617,38.8980717
SkipDC-352897091406408,"",2019-02-11 06:04:53-07,SkipDC,electric-scooter,2019-02-11 06:05:00-07,-77.04396,38.89762
SkipDC-352897091287485,"",2019-02-11 06:04:53-07,SkipDC,electric-scooter,2019-02-11 06:05:00-07,-77.0433833,38.8964767
SkipDC-352897091429046,"",2019-02-11 06:04:53-07,SkipDC,electric-scooter,2019-02-11 06:05:00-07,-77.0439917,38.89767
SkipDC-352897091301682,"",2019-02-11 06:04:53-07,SkipDC,electric-scooter,2019-02-11 06:05:00-07,-77.0417417,38.8974367
SkipDC-352897091457484,"",2019-02-11 06:04:53-07,SkipDC,electric-scooter,2019-02-11 06:05:00-07,-77.0369241,38.9003081
SkipDC-352897091433725,"",2019-02-11 06:04:53-07,SkipDC,electric-scooter,2019-02-11 06:05:00-07,-77.0459167,38.9135033
SkipDC-352897091327224,"",2019-02-11 06:04:53-07,SkipDC,electric-scooter,2019-02-11 06:05:00-07,-77.0447527,38.9125565
SkipDC-352897091333529,"",2019-02-11 06:04:53-07,SkipDC,electric-scooter,2019-02-11 06:05:00-07,-77.042285,38.9134467
SkipDC-352897091358286,"",2019-02-11 06:04:53-07,SkipDC,electric-scooter,2019-02-11 06:05:00-07,-77.0436497,38.9141532
SkipDC-352897091430143,"",2019-02-11 06:04:53-07,SkipDC,electric-scooter,2019-02-11 06:05:00-07,-77.0439061,38.91048
SkipDC-352897091356082,"",2019-02-11 06:04:53-07,SkipDC,electric-scooter,2019-02-11 06:05:00-07,-77.042305,38.9132333
SkipDC-352897091384464,"",2019-02-11 06:04:53-07,SkipDC,electric-scooter,2019-02-11 06:05:00-07,-77.0365272,38.9127558
SkipDC-352897091388887,"",2019-02-11 06:04:53-07,SkipDC,electric-scooter,2019-02-11 06:05:00-07,-77.0396467,38.9135767
SkipDC-352897091421969,"",2019-02-11 06:04:53-07,SkipDC,electric-scooter,2019-02-11 06:05:00-07,-77.0395883,38.9138017
SkipDC-352897091290109,"",2019-02-11 06:04:53-07,SkipDC,electric-scooter,2019-02-11 06:05:00-07,-77.0333479,38.9103982
SkipDC-352897091388341,"",2019-02-11 06:04:53-07,SkipDC,electric-scooter,2019-02-11 06:05:00-07,-77.0333339,38.9104035
SkipDC-352897091456783,"",2019-02-11 06:04:53-07,SkipDC,electric-scooter,2019-02-11 06:05:00-07,-77.0330583,38.91054
SkipDC-352897091433766,"",2019-02-11 06:04:53-07,SkipDC,electric-scooter,2019-02-11 06:05:00-07,-77.0331133,38.91275
SkipDC-352897091460660,"",2019-02-11 06:04:53-07,SkipDC,electric-scooter,2019-02-11 06:05:00-07,-77.0280207,38.9123468
SkipDC-352897091457922,"",2019-02-11 06:04:53-07,SkipDC,electric-scooter,2019-02-11 06:05:00-07,-77.0227167,38.912705
SkipDC-352897091279904,"",2019-02-11 06:04:53-07,SkipDC,electric-scooter,2019-02-11 06:05:00-07,-77.0220909,38.9112163
SkipDC-352897091297724,"",2019-02-11 06:04:53-07,SkipDC,electric-scooter,2019-02-11 06:05:00-07,-77.0210683,38.9114483
SkipDC-352897091316342,"",2019-02-11 06:04:53-07,SkipDC,electric-scooter,2019-02-11 06:05:00-07,-77.0100986,38.911238
SkipDC-352897091320666,"",2019-02-11 06:04:53-07,SkipDC,electric-scooter,2019-02-11 06:05:00-07,-77.0053817,38.91306
SkipDC-352897091267826,"",2019-02-11 06:04:53-07,SkipDC,electric-scooter,2019-02-11 06:05:00-07,-77.0672495,38.9144216
JumpDC-bike_16500,JUMP DC-0187,2019-02-11 06:04:31-07,JumpDC,pedal-assist-bike,2019-02-11 06:05:00-07,-77.042225,38.9178883333333
JumpDC-bike_23667,JUMP DC-2702,2019-02-11 06:04:31-07,JumpDC,pedal-assist-bike,2019-02-11 06:05:00-07,-77.0449933333333,38.9186833333333
SkipDC-352897090523369,"",2019-02-11 06:04:53-07,SkipDC,electric-scooter,2019-02-11 06:05:00-07,-77.0465417,38.916045
SkipDC-352897091325582,"",2019-02-11 06:04:53-07,SkipDC,electric-scooter,2019-02-11 06:05:00-07,-77.0422267,38.9171367
JumpDC-bike_23207,JUMP DC-2516,2019-02-11 06:04:31-07,JumpDC,pedal-assist-bike,2019-02-11 06:05:00-07,-77.0127216666667,38.915645
SkipDC-352897091406549,"",2019-02-11 06:04:53-07,SkipDC,electric-scooter,2019-02-11 06:05:00-07,-77.0126571,38.9156716
SkipDC-352897091386865,"",2019-02-11 06:04:53-07,SkipDC,electric-scooter,2019-02-11 06:05:00-07,-77.0126838,38.9157354
SkipDC-352897091456221,"",2019-02-11 06:04:53-07,SkipDC,electric-scooter,2019-02-11 06:05:00-07,-77.0069483,38.917475
SkipDC-352897091268089,"",2019-02-11 06:04:53-07,SkipDC,electric-scooter,2019-02-11 06:05:00-07,-77.00895,38.91447
SkipDC-352897091432867,"",2019-02-11 06:04:53-07,SkipDC,electric-scooter,2019-02-11 06:05:00-07,-77.0093183,38.9169867
SkipDC-352897091288640,"",2019-02-11 06:04:53-07,SkipDC,electric-scooter,2019-02-11 06:05:00-07,-76.9824678,38.9153615
SkipDC-352897091332802,"",2019-02-11 06:04:53-07,SkipDC,electric-scooter,2019-02-11 06:05:00-07,-77.0472714,38.922469
SkipDC-352897091453806,"",2019-02-11 06:04:53-07,SkipDC,electric-scooter,2019-02-11 06:05:00-07,-77.0472714,38.922469
JumpDC-bike_16499,JUMP DC-0186,2019-02-11 06:04:31-07,JumpDC,pedal-assist-bike,2019-02-11 06:05:00-07,-77.0414683333333,38.9233916666667
JumpDC-bike_18823,JUMP DC-0700,2019-02-11 06:04:31-07,JumpDC,pedal-assist-bike,2019-02-11 06:05:00-07,-77.0418433333333,38.91989
JumpDC-bike_23230,JUMP DC-2539 ,2019-02-11 06:04:31-07,JumpDC,pedal-assist-bike,2019-02-11 06:05:00-07,-77.04155,38.9192233333333
JumpDC-bike_23165,JUMP DC-2474,2019-02-11 06:04:31-07,JumpDC,pedal-assist-bike,2019-02-11 06:05:00-07,-77.041465,38.9229883333333
JumpDC-bike_23513,JUMP DC-2648,2019-02-11 06:04:31-07,JumpDC,pedal-assist-bike,2019-02-11 06:05:00-07,-77.0438683333333,38.920595
SkipDC-352897091272180,"",2019-02-11 06:04:53-07,SkipDC,electric-scooter,2019-02-11 06:05:00-07,-77.04204,38.92329
SkipDC-352897091286784,"",2019-02-11 06:04:53-07,SkipDC,electric-scooter,2019-02-11 06:05:00-07,-77.0442567,38.920625
SkipDC-352897091432164,"",2019-02-11 06:04:53-07,SkipDC,electric-scooter,2019-02-11 06:05:00-07,-77.0423167,38.921445
JumpDC-bike_23457,JUMP DC-2592,2019-02-11 06:04:31-07,JumpDC,pedal-assist-bike,2019-02-11 06:05:00-07,-77.0401083333333,38.92182
SkipDC-352897091328909,"",2019-02-11 06:04:53-07,SkipDC,electric-scooter,2019-02-11 06:05:00-07,-77.0364083,38.9199467
JumpDC-bike_16495,JUMP DC-0182,2019-02-11 06:04:31-07,JumpDC,pedal-assist-bike,2019-02-11 06:05:00-07,-77.0333333333333,38.9216
SkipDC-352897091274020,"",2019-02-11 06:04:53-07,SkipDC,electric-scooter,2019-02-11 06:05:00-07,-77.032665,38.919235
SkipDC-352897091451883,"",2019-02-11 06:04:53-07,SkipDC,electric-scooter,2019-02-11 06:05:00-07,-77.0351383,38.9221733
SkipDC-352897091272289,"",2019-02-11 06:04:53-07,SkipDC,electric-scooter,2019-02-11 06:05:00-07,-77.0243601,38.920334
SkipDC-352897091387921,"",2019-02-11 06:04:53-07,SkipDC,electric-scooter,2019-02-11 06:05:00-07,-76.9933038,38.924125
JumpDC-bike_23210,JUMP DC-2519,2019-02-11 06:04:31-07,JumpDC,pedal-assist-bike,2019-02-11 06:05:00-07,-76.9712416666667,38.9242833333333
SkipDC-352897091459787,"",2019-02-11 06:04:53-07,SkipDC,electric-scooter,2019-02-11 06:05:00-07,-77.0429067,38.93149
SkipDC-352897091299720,"",2019-02-11 06:04:53-07,SkipDC,electric-scooter,2019-02-11 06:05:00-07,-77.0412833,38.931055
JumpDC-bike_18848,JUMP DC-0693,2019-02-11 06:04:31-07,JumpDC,pedal-assist-bike,2019-02-11 06:05:00-07,-77.0385733333333,38.9313266666667
JumpDC-bike_23682,JUMP DC-2717,2019-02-11 06:04:31-07,JumpDC,pedal-assist-bike,2019-02-11 06:05:00-07,-77.0386633333333,38.930875
SkipDC-352897091287626,"",2019-02-11 06:04:53-07,SkipDC,electric-scooter,2019-02-11 06:05:00-07,-77.0361167,38.9302003
SkipDC-352897091409105,"",2019-02-11 06:04:53-07,SkipDC,electric-scooter,2019-02-11 06:05:00-07,-77.031869,38.9305392
SkipDC-352897091381742,"",2019-02-11 06:04:53-07,SkipDC,electric-scooter,2019-02-11 06:05:00-07,-77.0321583,38.932322
SkipDC-352897091457781,"",2019-02-11 06:04:53-07,SkipDC,electric-scooter,2019-02-11 06:05:00-07,-77.0340367,38.9307583
SkipDC-352897091288582,"",2019-02-11 06:04:53-07,SkipDC,electric-scooter,2019-02-11 06:05:00-07,-77.0340683,38.9308233
JumpDC-bike_23687,JUMP DC-2722,2019-02-11 06:04:31-07,JumpDC,pedal-assist-bike,2019-02-11 06:05:00-07,-77.024095,38.9310033333333
JumpDC-bike_23130,JUMP DC-0820,2019-02-11 06:04:31-07,JumpDC,pedal-assist-bike,2019-02-11 06:05:00-07,-77.006655,38.9296516666667
SkipDC-352897091320542,"",2019-02-11 06:04:53-07,SkipDC,electric-scooter,2019-02-11 06:05:00-07,-77.0050683,38.9288933
SkipDC-352897091389968,"",2019-02-11 06:04:53-07,SkipDC,electric-scooter,2019-02-11 06:05:00-07,-77.005465,38.9295067
SkipDC-352897091306087,"",2019-02-11 06:04:53-07,SkipDC,electric-scooter,2019-02-11 06:05:00-07,-76.9973694,38.9323182
SkipDC-352897091339625,"",2019-02-11 06:04:53-07,SkipDC,electric-scooter,2019-02-11 06:05:00-07,-77.0866433,38.9359333
SkipDC-352897091310568,"",2019-02-11 06:04:53-07,SkipDC,electric-scooter,2019-02-11 06:05:00-07,-77.0743783,38.9358583
JumpDC-bike_23180,JUMP DC-2489,2019-02-11 06:04:31-07,JumpDC,pedal-assist-bike,2019-02-11 06:05:00-07,-77.0586,38.9360616666667
SkipDC-352897090571723,"",2019-02-11 06:04:53-07,SkipDC,electric-scooter,2019-02-11 06:05:00-07,-77.0764267,38.942555
SkipDC-352897091358021,"",2019-02-11 06:04:53-07,SkipDC,electric-scooter,2019-02-11 06:05:00-07,-77.0365252,38.9452163
SkipDC-352897091431869,"",2019-02-11 06:04:53-07,SkipDC,electric-scooter,2019-02-11 06:05:00-07,-77.0367243,38.9451566
SkipDC-352897091286446,"",2019-02-11 06:04:53-07,SkipDC,electric-scooter,2019-02-11 06:05:00-07,-77.03638,38.944895
SkipDC-352897091461429,"",2019-02-11 06:04:53-07,SkipDC,electric-scooter,2019-02-11 06:05:00-07,-77.0261367,38.9438567
SkipDC-352897091268048,"",2019-02-11 06:04:53-07,SkipDC,electric-scooter,2019-02-11 06:05:00-07,-77.0235911,38.9440639
SkipDC-352897091444185,"",2019-02-11 06:04:53-07,SkipDC,electric-scooter,2019-02-11 06:05:00-07,-77.0190137,38.9437177
SkipDC-352897090568729,"",2019-02-11 06:04:53-07,SkipDC,electric-scooter,2019-02-11 06:05:00-07,-77.0999833,38.9496817
SkipDC-352897091386220,"",2019-02-11 06:04:53-07,SkipDC,electric-scooter,2019-02-11 06:05:00-07,-77.0801188,38.948552
SkipDC-352897091279342,"",2019-02-11 06:04:53-07,SkipDC,electric-scooter,2019-02-11 06:05:00-07,-77.0804233,38.9502842
SkipDC-352897091288905,"",2019-02-11 06:04:53-07,SkipDC,electric-scooter,2019-02-11 06:05:00-07,-77.0728,38.9479888
SkipDC-352897091294283,"",2019-02-11 06:04:53-07,SkipDC,electric-scooter,2019-02-11 06:05:00-07,-77.071385,38.9471417
SkipDC-352897091293442,"",2019-02-11 06:04:53-07,SkipDC,electric-scooter,2019-02-11 06:05:00-07,-77.06571,38.9476367
JumpDC-bike_23201,JUMP DC-2510,2019-02-11 06:04:31-07,JumpDC,pedal-assist-bike,2019-02-11 06:05:00-07,-77.0235516666667,38.9475383333333
SkipDC-352897091282247,"",2019-02-11 06:04:53-07,SkipDC,electric-scooter,2019-02-11 06:05:00-07,-77.080955,38.9507367
SkipDC-352897090537849,"",2019-02-11 06:04:53-07,SkipDC,electric-scooter,2019-02-11 06:05:00-07,-77.0724317,38.953845
SkipDC-352897091349905,"",2019-02-11 06:04:53-07,SkipDC,electric-scooter,2019-02-11 06:05:00-07,-77.0722895,38.9539631
JumpDC-bike_23167,JUMP DC-2476,2019-02-11 06:04:31-07,JumpDC,pedal-assist-bike,2019-02-11 06:05:00-07,-77.00206,38.9533833333333
JumpDC-bike_23227,JUMP DC-2536,2019-02-11 06:04:31-07,JumpDC,pedal-assist-bike,2019-02-11 06:05:00-07,-77.0024,38.9524616666667
JumpDC-bike_23452,JUMP DC-2587,2019-02-11 06:04:31-07,JumpDC,pedal-assist-bike,2019-02-11 06:05:00-07,-76.999065,38.9589883333333
SkipDC-352897091288764,"",2019-02-11 06:04:53-07,SkipDC,electric-scooter,2019-02-11 06:05:00-07,-77.0857689,38.9613404
SkipDC-352897091383342,"",2019-02-11 06:04:53-07,SkipDC,electric-scooter,2019-02-11 06:05:00-07,-77.0296767,38.95959
SkipDC-352897091427008,"",2019-02-11 06:19:54-07,SkipDC,electric-scooter,2019-02-11 06:20:00-07,-76.9866583,38.8671417
JumpDC-bike_23450,JUMP DC-2585,2019-02-11 06:19:01-07,JumpDC,pedal-assist-bike,2019-02-11 06:20:00-07,-76.9808616666667,38.868105
SkipDC-352897091431521,"",2019-02-11 06:19:54-07,SkipDC,electric-scooter,2019-02-11 06:20:00-07,-77.0138183,38.870625
JumpDC-bike_23639,JUMP DC-2674,2019-02-11 06:19:01-07,JumpDC,pedal-assist-bike,2019-02-11 06:20:00-07,-77.0067916666667,38.8714866666667
SkipDC-352897091412729,"",2019-02-11 06:19:54-07,SkipDC,electric-scooter,2019-02-11 06:20:00-07,-77.0020333,38.87357
SkipDC-352897091272867,"",2019-02-11 06:19:54-07,SkipDC,electric-scooter,2019-02-11 06:20:00-07,-77.0008342,38.873833
SkipDC-352897091272149,"",2019-02-11 06:19:54-07,SkipDC,electric-scooter,2019-02-11 06:20:00-07,-77.0177608,38.8760624
SkipDC-352897091293004,"",2019-02-11 06:19:54-07,SkipDC,electric-scooter,2019-02-11 06:20:00-07,-77.0152167,38.87643
SkipDC-352897091306624,"",2019-02-11 06:19:54-07,SkipDC,electric-scooter,2019-02-11 06:20:00-07,-77.0060751,38.8752038
SkipDC-352897091298045,"",2019-02-11 06:19:54-07,SkipDC,electric-scooter,2019-02-11 06:20:00-07,-77.0059317,38.8753467
JumpDC-bike_23418,JUMP DC-2553,2019-02-11 06:19:01-07,JumpDC,pedal-assist-bike,2019-02-11 06:20:00-07,-77.0042133333333,38.8765666666667
SkipDC-352897091273907,"",2019-02-11 06:19:54-07,SkipDC,electric-scooter,2019-02-11 06:20:00-07,-77.0497683,38.88638
SkipDC-352897091279847,"",2019-02-11 06:19:54-07,SkipDC,electric-scooter,2019-02-11 06:20:00-07,-77.0197183,38.8862217
SkipDC-352897091437189,"",2019-02-11 06:19:54-07,SkipDC,electric-scooter,2019-02-11 06:20:00-07,-77.0198352,38.8863293
SkipDC-352897091298649,"",2019-02-11 06:19:54-07,SkipDC,electric-scooter,2019-02-11 06:20:00-07,-77.0165983,38.8849933
JumpDC-bike_23696,JUMP DC-2731,2019-02-11 06:19:01-07,JumpDC,pedal-assist-bike,2019-02-11 06:20:00-07,-77.01541,38.8857366666667
SkipDC-352897091406846,"",2019-02-11 06:19:54-07,SkipDC,electric-scooter,2019-02-11 06:20:00-07,-77.0095647,38.8867279
JumpDC-bike_23239,JUMP DC-2548,2019-02-11 06:19:01-07,JumpDC,pedal-assist-bike,2019-02-11 06:20:00-07,-76.9979016666667,38.8852283333333
SkipDC-352897091463060,"",2019-02-11 06:19:54-07,SkipDC,electric-scooter,2019-02-11 06:20:00-07,-76.9954472,38.8838869
SkipDC-352897091352362,"",2019-02-11 06:19:54-07,SkipDC,electric-scooter,2019-02-11 06:20:00-07,-76.9955685,38.884228
JumpDC-bike_18831,JUMP DC-0708,2019-02-11 06:19:01-07,JumpDC,pedal-assist-bike,2019-02-11 06:20:00-07,-76.9960216666667,38.884375
JumpDC-bike_23449,JUMP DC-2584,2019-02-11 06:19:01-07,JumpDC,pedal-assist-bike,2019-02-11 06:20:00-07,-76.995975,38.8844516666667
JumpDC-bike_16615,JUMP DC-0250,2019-02-11 06:19:01-07,JumpDC,pedal-assist-bike,2019-02-11 06:20:00-07,-76.996025,38.8843533333333
SkipDC-352897091406267,"",2019-02-11 06:19:54-07,SkipDC,electric-scooter,2019-02-11 06:20:00-07,-76.9957717,38.8859467
JumpDC-bike_23172,JUMP DC-2481,2019-02-11 06:19:01-07,JumpDC,pedal-assist-bike,2019-02-11 06:20:00-07,-76.99598,38.884435
JumpDC-bike_23676,JUMP DC-2711,2019-02-11 06:19:01-07,JumpDC,pedal-assist-bike,2019-02-11 06:20:00-07,-76.99595,38.8845083333333
SkipDC-352897091392145,"",2019-02-11 06:19:54-07,SkipDC,electric-scooter,2019-02-11 06:20:00-07,-76.9926394,38.8868749
SkipDC-352897091277809,"",2019-02-11 06:19:54-07,SkipDC,electric-scooter,2019-02-11 06:20:00-07,-76.9836267,38.8836
SkipDC-352897091462526,"",2019-02-11 06:19:54-07,SkipDC,electric-scooter,2019-02-11 06:20:00-07,-76.987955,38.8869549
SkipDC-352897091358120,"",2019-02-11 06:19:54-07,SkipDC,electric-scooter,2019-02-11 06:20:00-07,-76.987655,38.888635
SkipDC-352897091387681,"",2019-02-11 06:19:54-07,SkipDC,electric-scooter,2019-02-11 06:20:00-07,-76.9875933,38.8887083
SkipDC-352897091385586,"",2019-02-11 06:19:54-07,SkipDC,electric-scooter,2019-02-11 06:20:00-07,-76.9844367,38.8888383
JumpDC-bike_23419,JUMP DC-2554,2019-02-11 06:19:01-07,JumpDC,pedal-assist-bike,2019-02-11 06:20:00-07,-76.9881783333333,38.8898433333333
SkipDC-352897091347065,"",2019-02-11 06:19:54-07,SkipDC,electric-scooter,2019-02-11 06:20:00-07,-76.9388798,38.8915916
SkipDC-352897091305949,"",2019-02-11 06:19:54-07,SkipDC,electric-scooter,2019-02-11 06:20:00-07,-76.93772,38.8903383
JumpDC-bike_23157,JUMP DC-2466,2019-02-11 06:19:01-07,JumpDC,pedal-assist-bike,2019-02-11 06:20:00-07,-76.9338333333333,38.891755
SkipDC-352897091452246,"",2019-02-11 06:19:54-07,SkipDC,electric-scooter,2019-02-11 06:20:00-07,-77.0807779,38.8929262
SkipDC-352897091356348,"",2019-02-11 06:19:54-07,SkipDC,electric-scooter,2019-02-11 06:20:00-07,-77.0807768,38.8929086
SkipDC-352897091456866,"",2019-02-11 06:19:54-07,SkipDC,electric-scooter,2019-02-11 06:20:00-07,-77.0495684,38.8929228
SkipDC-352897091380504,"",2019-02-11 06:19:54-07,SkipDC,electric-scooter,2019-02-11 06:20:00-07,-77.04633,38.8919333
SkipDC-352897091430184,"",2019-02-11 06:19:54-07,SkipDC,electric-scooter,2019-02-11 06:20:00-07,-77.044595,38.8960433
SkipDC-352897091383821,"",2019-02-11 06:19:54-07,SkipDC,electric-scooter,2019-02-11 06:20:00-07,-77.0396202,38.8954791
SkipDC-352897091431182,"",2019-02-11 06:19:54-07,SkipDC,electric-scooter,2019-02-11 06:20:00-07,-77.03331,38.8963733
SkipDC-352897091280381,"",2019-02-11 06:19:54-07,SkipDC,electric-scooter,2019-02-11 06:20:00-07,-77.0330509,38.8963769
SkipDC-352897091385206,"",2019-02-11 06:19:54-07,SkipDC,electric-scooter,2019-02-11 06:20:00-07,-77.0333627,38.8948995
SkipDC-352897091280464,"",2019-02-11 06:19:54-07,SkipDC,electric-scooter,2019-02-11 06:20:00-07,-77.0282089,38.8924032
SkipDC-352897091435860,"",2019-02-11 06:19:54-07,SkipDC,electric-scooter,2019-02-11 06:20:00-07,-77.0270092,38.8959051
SkipDC-352897091428402,"",2019-02-11 06:19:54-07,SkipDC,electric-scooter,2019-02-11 06:20:00-07,-77.024142,38.8958311
SkipDC-352897091306202,"",2019-02-11 06:19:54-07,SkipDC,electric-scooter,2019-02-11 06:20:00-07,-77.0231067,38.8949033
SkipDC-352897091273287,"",2019-02-11 06:19:54-07,SkipDC,electric-scooter,2019-02-11 06:20:00-07,-77.0230067,38.8951867
SkipDC-352897091290927,"",2019-02-11 06:19:54-07,SkipDC,electric-scooter,2019-02-11 06:20:00-07,-77.0218517,38.8949033
SkipDC-352897091426505,"",2019-02-11 06:19:54-07,SkipDC,electric-scooter,2019-02-11 06:20:00-07,-77.021755,38.8951267
SkipDC-352897091408644,"",2019-02-11 06:19:54-07,SkipDC,electric-scooter,2019-02-11 06:20:00-07,-77.01119,38.8942383
SkipDC-352897091381882,"",2019-02-11 06:19:54-07,SkipDC,electric-scooter,2019-02-11 06:20:00-07,-77.0050191,38.8941931
SkipDC-352897091339146,"",2019-02-11 06:19:54-07,SkipDC,electric-scooter,2019-02-11 06:20:00-07,-77.003015,38.891965
SkipDC-352897091298201,"",2019-02-11 06:19:54-07,SkipDC,electric-scooter,2019-02-11 06:20:00-07,-77.00276,38.892395
SkipDC-352897091356140,"",2019-02-11 06:19:54-07,SkipDC,electric-scooter,2019-02-11 06:20:00-07,-76.9971067,38.894505
SkipDC-352897091343064,"",2019-02-11 06:19:54-07,SkipDC,electric-scooter,2019-02-11 06:20:00-07,-76.9978083,38.8922233
SkipDC-352897091426885,"",2019-02-11 06:19:54-07,SkipDC,electric-scooter,2019-02-11 06:20:00-07,-76.9943787,38.8931242
SkipDC-352897091302888,"",2019-02-11 06:19:54-07,SkipDC,electric-scooter,2019-02-11 06:20:00-07,-76.983845,38.89533
SkipDC-352897091358344,"",2019-02-11 06:19:54-07,SkipDC,electric-scooter,2019-02-11 06:20:00-07,-76.9827046,38.896362
SkipDC-352897091346448,"",2019-02-11 06:19:54-07,SkipDC,electric-scooter,2019-02-11 06:20:00-07,-76.9801948,38.8934488
SkipDC-352897091407067,"",2019-02-11 06:19:54-07,SkipDC,electric-scooter,2019-02-11 06:20:00-07,-76.9517417,38.8924917
SkipDC-352897091284540,"",2019-02-11 06:19:54-07,SkipDC,electric-scooter,2019-02-11 06:20:00-07,-76.950105,38.8937138
SkipDC-352897091292642,"",2019-02-11 06:19:54-07,SkipDC,electric-scooter,2019-02-11 06:20:00-07,-76.9493167,38.8953617
SkipDC-352897091358526,"",2019-02-11 06:19:54-07,SkipDC,electric-scooter,2019-02-11 06:20:00-07,-76.9487667,38.895805
SkipDC-352897091302508,"",2019-02-11 06:19:54-07,SkipDC,electric-scooter,2019-02-11 06:20:00-07,-77.0267603,38.8964068
SkipDC-352897091433881,"",2019-02-11 06:19:54-07,SkipDC,electric-scooter,2019-02-11 06:20:00-07,-77.025994,38.896613
SkipDC-352897091426026,"",2019-02-11 06:19:54-07,SkipDC,electric-scooter,2019-02-11 06:20:00-07,-77.0272123,38.8983674
SkipDC-352897091344823,"",2019-02-11 06:19:54-07,SkipDC,electric-scooter,2019-02-11 06:20:00-07,-77.026755,38.8984333
SkipDC-352897091295827,"",2019-02-11 06:19:54-07,SkipDC,electric-scooter,2019-02-11 06:20:00-07,-77.0229371,38.8969897
SkipDC-352897091452824,"",2019-02-11 06:19:54-07,SkipDC,electric-scooter,2019-02-11 06:20:00-07,-77.0177913,38.8966498
SkipDC-352897091398928,"",2019-02-11 06:19:54-07,SkipDC,electric-scooter,2019-02-11 06:20:00-07,-77.021822,38.898816
SkipDC-352897091279441,"",2019-02-11 06:19:54-07,SkipDC,electric-scooter,2019-02-11 06:20:00-07,-77.0217,38.8997983
SkipDC-352897091434186,"",2019-02-11 06:19:54-07,SkipDC,electric-scooter,2019-02-11 06:20:00-07,-77.0191539,38.8984178
SkipDC-352897091390180,"",2019-02-11 06:19:54-07,SkipDC,electric-scooter,2019-02-11 06:20:00-07,-77.0228067,38.897195
SkipDC-352897091385263,"",2019-02-11 06:19:54-07,SkipDC,electric-scooter,2019-02-11 06:20:00-07,-77.0228016,38.8994926
SkipDC-352897091325707,"",2019-02-11 06:19:54-07,SkipDC,electric-scooter,2019-02-11 06:20:00-07,-77.0202317,38.8988617
JumpDC-bike_18927,JUMP DC-0806,2019-02-11 06:19:01-07,JumpDC,pedal-assist-bike,2019-02-11 06:20:00-07,-77.01192,38.9002533333333
JumpDC-bike_23430,JUMP DC-2565,2019-02-11 06:19:01-07,JumpDC,pedal-assist-bike,2019-02-11 06:20:00-07,-77.00909,38.8988466666667
JumpDC-bike_23624,JUMP DC-2659,2019-02-11 06:19:01-07,JumpDC,pedal-assist-bike,2019-02-11 06:20:00-07,-77.0098933333333,38.8991583333333
SkipDC-352897091358922,"",2019-02-11 06:19:54-07,SkipDC,electric-scooter,2019-02-11 06:20:00-07,-77.0094121,38.8974292
SkipDC-352897091306384,"",2019-02-11 06:19:54-07,SkipDC,electric-scooter,2019-02-11 06:20:00-07,-77.01114,38.900435
SkipDC-352897091295066,"",2019-02-11 06:19:54-07,SkipDC,electric-scooter,2019-02-11 06:20:00-07,-77.007765,38.89712
JumpDC-bike_18850,JUMP DC-0690,2019-02-11 06:19:01-07,JumpDC,pedal-assist-bike,2019-02-11 06:20:00-07,-77.0036133333333,38.8993366666667
JumpDC-bike_23217,JUMP DC-2526,2019-02-11 06:19:01-07,JumpDC,pedal-assist-bike,2019-02-11 06:20:00-07,-77.0037833333333,38.8993283333333
JumpDC-bike_23945,JUMP DC-2454,2019-02-11 06:19:01-07,JumpDC,pedal-assist-bike,2019-02-11 06:20:00-07,-77.0035633333333,38.89927
JumpDC-bike_23678,JUMP DC-2713,2019-02-11 06:19:01-07,JumpDC,pedal-assist-bike,2019-02-11 06:20:00-07,-77.00354,38.899365
JumpDC-bike_23455,JUMP DC-2590,2019-02-11 06:19:01-07,JumpDC,pedal-assist-bike,2019-02-11 06:20:00-07,-77.0037833333333,38.8994316666667
SkipDC-352897091437585,"",2019-02-11 06:19:54-07,SkipDC,electric-scooter,2019-02-11 06:20:00-07,-76.994905,38.8968083
SkipDC-352897091388408,"",2019-02-11 06:19:54-07,SkipDC,electric-scooter,2019-02-11 06:20:00-07,-76.9983267,38.9004083
SkipDC-352897091359326,"",2019-02-11 06:19:54-07,SkipDC,electric-scooter,2019-02-11 06:20:00-07,-76.9971,38.9005067
SkipDC-352897090565709,"",2019-02-11 06:19:54-07,SkipDC,electric-scooter,2019-02-11 06:20:00-07,-76.9943673,38.9004601
SkipDC-352897091380223,"",2019-02-11 06:19:54-07,SkipDC,electric-scooter,2019-02-11 06:20:00-07,-76.988315,38.8985883
SkipDC-352897091288681,"",2019-02-11 06:19:54-07,SkipDC,electric-scooter,2019-02-11 06:20:00-07,-76.9895279,38.9007934
JumpDC-bike_23147,JUMP DC-2456,2019-02-11 06:19:01-07,JumpDC,pedal-assist-bike,2019-02-11 06:20:00-07,-76.9902016666667,38.900385
JumpDC-bike_23416,JUMP DC-2551,2019-02-11 06:19:01-07,JumpDC,pedal-assist-bike,2019-02-11 06:20:00-07,-76.99138,38.90001
SkipDC-352897091351042,"",2019-02-11 06:19:54-07,SkipDC,electric-scooter,2019-02-11 06:20:00-07,-76.986625,38.897895
JumpDC-bike_23670,JUMP DC-2705,2019-02-11 06:19:01-07,JumpDC,pedal-assist-bike,2019-02-11 06:20:00-07,-76.9829883333333,38.9004
SkipDC-352897091338627,"",2019-02-11 06:19:54-07,SkipDC,electric-scooter,2019-02-11 06:20:00-07,-76.9821607,38.8974288
JumpDC-bike_18825,JUMP DC-0702,2019-02-11 06:19:01-07,JumpDC,pedal-assist-bike,2019-02-11 06:20:00-07,-76.9714083333333,38.8976183333333
JumpDC-bike_23506,JUMP DC-2641,2019-02-11 06:19:01-07,JumpDC,pedal-assist-bike,2019-02-11 06:20:00-07,-76.9466516666667,38.89875
JumpDC-bike_23672,JUMP DC-2707,2019-02-11 06:19:01-07,JumpDC,pedal-assist-bike,2019-02-11 06:20:00-07,-76.9315233333333,38.899855
SkipDC-352897091313802,"",2019-02-11 06:19:54-07,SkipDC,electric-scooter,2019-02-11 06:20:00-07,-77.0703716,38.9052354
SkipDC-352897091388143,"",2019-02-11 06:19:54-07,SkipDC,electric-scooter,2019-02-11 06:20:00-07,-77.070269,38.905231
JumpDC-bike_23706,JUMP DC-2741,2019-02-11 06:19:01-07,JumpDC,pedal-assist-bike,2019-02-11 06:20:00-07,-77.067195,38.9051533333333
JumpDC-bike_23614,JUMP DC-2649,2019-02-11 06:19:01-07,JumpDC,pedal-assist-bike,2019-02-11 06:20:00-07,-77.067635,38.9051133333333
SkipDC-352897091275084,"",2019-02-11 06:19:54-07,SkipDC,electric-scooter,2019-02-11 06:20:00-07,-77.0591094,38.9019541
SkipDC-352897091293764,"",2019-02-11 06:19:54-07,SkipDC,electric-scooter,2019-02-11 06:20:00-07,-77.0645249,38.9030377
SkipDC-352897091460967,"",2019-02-11 06:19:54-07,SkipDC,electric-scooter,2019-02-11 06:20:00-07,-77.0531933,38.9044417
SkipDC-352897091313786,"",2019-02-11 06:19:54-07,SkipDC,electric-scooter,2019-02-11 06:20:00-07,-77.0545817,38.90111
SkipDC-352897091380769,"",2019-02-11 06:19:54-07,SkipDC,electric-scooter,2019-02-11 06:20:00-07,-77.04843,38.9048083
SkipDC-352897091293608,"",2019-02-11 06:19:54-07,SkipDC,electric-scooter,2019-02-11 06:20:00-07,-77.0070383,38.9047083
JumpDC-bike_18908,JUMP DC-0787,2019-02-11 06:19:01-07,JumpDC,pedal-assist-bike,2019-02-11 06:20:00-07,-77.0076733333333,38.9038
JumpDC-bike_23665,JUMP DC-2700,2019-02-11 06:19:01-07,JumpDC,pedal-assist-bike,2019-02-11 06:20:00-07,-76.99597,38.9024433333333
JumpDC-bike_18849,JUMP DC-0694,2019-02-11 06:19:01-07,JumpDC,pedal-assist-bike,2019-02-11 06:20:00-07,-76.9985533333333,38.90378
JumpDC-bike_23466,JUMP DC-2601,2019-02-11 06:19:01-07,JumpDC,pedal-assist-bike,2019-02-11 06:20:00-07,-76.9765166666667,38.900915
JumpDC-bike_81150,JUMP DC-2501,2019-02-11 06:19:01-07,JumpDC,pedal-assist-bike,2019-02-11 06:20:00-07,-77.073355,38.9067316666667
SkipDC-352897090521827,"",2019-02-11 06:19:54-07,SkipDC,electric-scooter,2019-02-11 06:20:00-07,-77.0595367,38.905725
JumpDC-bike_23618,JUMP DC-2653,2019-02-11 06:19:01-07,JumpDC,pedal-assist-bike,2019-02-11 06:20:00-07,-77.0533833333333,38.9060883333333
SkipDC-352897091286842,"",2019-02-11 06:19:54-07,SkipDC,electric-scooter,2019-02-11 06:20:00-07,-77.0512195,38.9072001
SkipDC-352897091383243,"",2019-02-11 06:19:54-07,SkipDC,electric-scooter,2019-02-11 06:20:00-07,-77.042673,38.9064311
SkipDC-352897091274764,"",2019-02-11 06:19:54-07,SkipDC,electric-scooter,2019-02-11 06:20:00-07,-77.0412533,38.90699
JumpDC-bike_23694,JUMP DC-2729,2019-02-11 06:19:01-07,JumpDC,pedal-assist-bike,2019-02-11 06:20:00-07,-77.046205,38.9086216666667
SkipDC-352897091301005,"",2019-02-11 06:19:54-07,SkipDC,electric-scooter,2019-02-11 06:20:00-07,-77.03964,38.9091933
SkipDC-352897090563944,"",2019-02-11 06:19:54-07,SkipDC,electric-scooter,2019-02-11 06:20:00-07,-77.0388317,38.90877
SkipDC-352897091277304,"",2019-02-11 06:19:54-07,SkipDC,electric-scooter,2019-02-11 06:20:00-07,-77.0346167,38.9065467
SkipDC-352897091305527,"",2019-02-11 06:19:54-07,SkipDC,electric-scooter,2019-02-11 06:20:00-07,-77.030905,38.90764
SkipDC-352897091359383,"",2019-02-11 06:19:54-07,SkipDC,electric-scooter,2019-02-11 06:20:00-07,-77.0299017,38.9058583
SkipDC-352897091304926,"",2019-02-11 06:19:54-07,SkipDC,electric-scooter,2019-02-11 06:20:00-07,-77.0319962,38.9093607
SkipDC-352897091356645,"",2019-02-11 06:19:54-07,SkipDC,electric-scooter,2019-02-11 06:20:00-07,-77.0260334,38.9059001
SkipDC-352897091388085,"",2019-02-11 06:19:54-07,SkipDC,electric-scooter,2019-02-11 06:20:00-07,-77.021815,38.9066783
SkipDC-352897091433766,"",2019-02-11 06:19:54-07,SkipDC,electric-scooter,2019-02-11 06:20:00-07,-77.0331133,38.91275
SkipDC-352897091388341,"",2019-02-11 06:19:54-07,SkipDC,electric-scooter,2019-02-11 06:20:00-07,-77.0333636,38.9103787
SkipDC-352897091290109,"",2019-02-11 06:19:54-07,SkipDC,electric-scooter,2019-02-11 06:20:00-07,-77.0333496,38.9103964
SkipDC-352897091456783,"",2019-02-11 06:19:54-07,SkipDC,electric-scooter,2019-02-11 06:20:00-07,-77.0331229,38.910456
SkipDC-352897091460660,"",2019-02-11 06:19:54-07,SkipDC,electric-scooter,2019-02-11 06:20:00-07,-77.0280624,38.912329
SkipDC-352897091457922,"",2019-02-11 06:19:54-07,SkipDC,electric-scooter,2019-02-11 06:20:00-07,-77.0227167,38.912705
SkipDC-352897091279904,"",2019-02-11 06:19:54-07,SkipDC,electric-scooter,2019-02-11 06:20:00-07,-77.0221117,38.9113317
SkipDC-352897091297724,"",2019-02-11 06:19:54-07,SkipDC,electric-scooter,2019-02-11 06:20:00-07,-77.0210252,38.9114106
SkipDC-352897091316342,"",2019-02-11 06:19:54-07,SkipDC,electric-scooter,2019-02-11 06:20:00-07,-77.0101617,38.9111317
SkipDC-352897091320666,"",2019-02-11 06:19:54-07,SkipDC,electric-scooter,2019-02-11 06:20:00-07,-77.0053817,38.91306
JumpDC-bike_16500,JUMP DC-0187,2019-02-11 06:19:01-07,JumpDC,pedal-assist-bike,2019-02-11 06:20:00-07,-77.042225,38.9178883333333
JumpDC-bike_23667,JUMP DC-2702,2019-02-11 06:19:01-07,JumpDC,pedal-assist-bike,2019-02-11 06:20:00-07,-77.0449933333333,38.9186833333333
SkipDC-352897090523369,"",2019-02-11 06:19:54-07,SkipDC,electric-scooter,2019-02-11 06:20:00-07,-77.0454723,38.9145634
SkipDC-352897091325582,"",2019-02-11 06:19:54-07,SkipDC,electric-scooter,2019-02-11 06:20:00-07,-77.0422267,38.9171367
SkipDC-352897090507545,"",2019-02-11 06:19:54-07,SkipDC,electric-scooter,2019-02-11 06:20:00-07,-77.0368283,38.9156683
SkipDC-352897091384480,"",2019-02-11 06:19:54-07,SkipDC,electric-scooter,2019-02-11 06:20:00-07,-77.0395767,38.9179117
SkipDC-352897091462906,"",2019-02-11 06:19:54-07,SkipDC,electric-scooter,2019-02-11 06:20:00-07,-77.0364747,38.9165433
SkipDC-352897091321268,"",2019-02-11 06:19:54-07,SkipDC,electric-scooter,2019-02-11 06:20:00-07,-77.0367433,38.9166917
JumpDC-bike_18896,JUMP DC-0775,2019-02-11 06:19:01-07,JumpDC,pedal-assist-bike,2019-02-11 06:20:00-07,-77.037555,38.916975
SkipDC-352897091303001,"",2019-02-11 06:19:54-07,SkipDC,electric-scooter,2019-02-11 06:20:00-07,-77.0390733,38.9182717
SkipDC-352897091436140,"",2019-02-11 06:19:54-07,SkipDC,electric-scooter,2019-02-11 06:20:00-07,-77.0364972,38.9165256
SkipDC-352897091380009,"",2019-02-11 06:19:54-07,SkipDC,electric-scooter,2019-02-11 06:20:00-07,-77.0366317,38.9179317
JumpDC-bike_18898,JUMP DC-0777 ,2019-02-11 06:19:01-07,JumpDC,pedal-assist-bike,2019-02-11 06:20:00-07,-77.03755,38.9169866666667
SkipDC-352897091276868,"",2019-02-11 06:19:54-07,SkipDC,electric-scooter,2019-02-11 06:20:00-07,-77.0316344,38.9181824
SkipDC-352897091291487,"",2019-02-11 06:19:54-07,SkipDC,electric-scooter,2019-02-11 06:20:00-07,-77.029455,38.9153917
SkipDC-352897091369101,"",2019-02-11 06:19:54-07,SkipDC,electric-scooter,2019-02-11 06:20:00-07,-77.0305417,38.9171133
SkipDC-352897091428683,"",2019-02-11 06:19:54-07,SkipDC,electric-scooter,2019-02-11 06:20:00-07,-77.029975,38.9171033
SkipDC-352897091327562,"",2019-02-11 06:19:54-07,SkipDC,electric-scooter,2019-02-11 06:20:00-07,-77.0327527,38.9153776
SkipDC-352897091336043,"",2019-02-11 06:19:54-07,SkipDC,electric-scooter,2019-02-11 06:20:00-07,-77.0324693,38.9156712
SkipDC-352897091438120,"",2019-02-11 06:19:54-07,SkipDC,electric-scooter,2019-02-11 06:20:00-07,-77.03193,38.9157267
JumpDC-bike_23414,JUMP DC-2549,2019-02-11 06:19:01-07,JumpDC,pedal-assist-bike,2019-02-11 06:20:00-07,-77.0243,38.91694
JumpDC-bike_18878,JUMP DC-0837,2019-02-11 06:19:01-07,JumpDC,pedal-assist-bike,2019-02-11 06:20:00-07,-77.0289933333333,38.9168566666667
SkipDC-352897091462385,"",2019-02-11 06:19:54-07,SkipDC,electric-scooter,2019-02-11 06:20:00-07,-77.02797,38.9172383
JumpDC-bike_23711,JUMP DC-2746,2019-02-11 06:19:01-07,JumpDC,pedal-assist-bike,2019-02-11 06:20:00-07,-77.0276433333333,38.917105
JumpDC-bike_23684,JUMP DC-2719,2019-02-11 06:19:01-07,JumpDC,pedal-assist-bike,2019-02-11 06:20:00-07,-77.0242933333333,38.9169516666667
JumpDC-bike_23642,JUMP DC-2677,2019-02-11 06:19:01-07,JumpDC,pedal-assist-bike,2019-02-11 06:20:00-07,-77.02472,38.917095
JumpDC-bike_23677,JUMP DC-2712,2019-02-11 06:19:01-07,JumpDC,pedal-assist-bike,2019-02-11 06:20:00-07,-77.026355,38.9169833333333
JumpDC-bike_18826,JUMP DC-0703,2019-02-11 06:19:01-07,JumpDC,pedal-assist-bike,2019-02-11 06:20:00-07,-77.0267033333333,38.916955
JumpDC-bike_16532,JUMP DC-0223,2019-02-11 06:19:01-07,JumpDC,pedal-assist-bike,2019-02-11 06:20:00-07,-77.02897,38.9168633333333
SkipDC-352897091287683,"",2019-02-11 06:19:54-07,SkipDC,electric-scooter,2019-02-11 06:20:00-07,-77.0241467,38.9152917
JumpDC-bike_16523,JUMP DC-0167,2019-02-11 06:19:01-07,JumpDC,pedal-assist-bike,2019-02-11 06:20:00-07,-77.02896,38.916955
SkipDC-352897091382922,"",2019-02-11 06:19:54-07,SkipDC,electric-scooter,2019-02-11 06:20:00-07,-77.0229382,38.9159382
SkipDC-352897091300445,"",2019-02-11 06:19:54-07,SkipDC,electric-scooter,2019-02-11 06:20:00-07,-77.0229683,38.9165517
JumpDC-bike_23207,JUMP DC-2516,2019-02-11 06:19:01-07,JumpDC,pedal-assist-bike,2019-02-11 06:20:00-07,-77.0127216666667,38.915645
SkipDC-352897091386865,"",2019-02-11 06:19:54-07,SkipDC,electric-scooter,2019-02-11 06:20:00-07,-77.0127013,38.915715
SkipDC-352897091406549,"",2019-02-11 06:19:54-07,SkipDC,electric-scooter,2019-02-11 06:20:00-07,-77.0126365,38.9156927
JumpDC-bike_23490,JUMP DC-2625,2019-02-11 06:19:01-07,JumpDC,pedal-assist-bike,2019-02-11 06:20:00-07,-77.014285,38.914645
SkipDC-352897091268089,"",2019-02-11 06:19:54-07,SkipDC,electric-scooter,2019-02-11 06:20:00-07,-77.0089233,38.9144967
SkipDC-352897091432867,"",2019-02-11 06:19:54-07,SkipDC,electric-scooter,2019-02-11 06:20:00-07,-77.009305,38.9170633
SkipDC-352897091456221,"",2019-02-11 06:19:54-07,SkipDC,electric-scooter,2019-02-11 06:20:00-07,-77.0069833,38.9175633
SkipDC-352897091288640,"",2019-02-11 06:19:54-07,SkipDC,electric-scooter,2019-02-11 06:20:00-07,-76.9817617,38.915515
SkipDC-352897091279466,"",2019-02-11 06:19:54-07,SkipDC,electric-scooter,2019-02-11 06:20:00-07,-77.0698433,38.925835
JumpDC-bike_23499,JUMP DC-2634 ,2019-02-11 06:19:01-07,JumpDC,pedal-assist-bike,2019-02-11 06:20:00-07,-77.0570183333333,38.9260666666667
JumpDC-bike_18858,JUMP DC-0817,2019-02-11 06:19:01-07,JumpDC,pedal-assist-bike,2019-02-11 06:20:00-07,-77.0414616666667,38.9236216666667
JumpDC-bike_23164,JUMP DC-2473,2019-02-11 06:19:01-07,JumpDC,pedal-assist-bike,2019-02-11 06:20:00-07,-77.0414616666667,38.9236183333333
JumpDC-bike_18906,JUMP DC-0785,2019-02-11 06:19:01-07,JumpDC,pedal-assist-bike,2019-02-11 06:20:00-07,-77.0414633333333,38.9235683333333
JumpDC-bike_18851,JUMP DC-0696 (Dummy Controller),2019-02-11 06:19:01-07,JumpDC,pedal-assist-bike,2019-02-11 06:20:00-07,-77.0364666666667,38.9275233333333
JumpDC-bike_23203,JUMP DC-2512,2019-02-11 06:19:01-07,JumpDC,pedal-assist-bike,2019-02-11 06:20:00-07,-77.0362183333333,38.923955
JumpDC-bike_23183,JUMP DC-2492,2019-02-11 06:19:01-07,JumpDC,pedal-assist-bike,2019-02-11 06:20:00-07,-77.0297816666667,38.9256216666667
JumpDC-bike_23185,JUMP DC-2494,2019-02-11 06:19:01-07,JumpDC,pedal-assist-bike,2019-02-11 06:20:00-07,-77.0321183333333,38.925235
JumpDC-bike_18845,JUMP DC-0722,2019-02-11 06:19:01-07,JumpDC,pedal-assist-bike,2019-02-11 06:20:00-07,-77.0257533333333,38.9269316666667
JumpDC-bike_23697,JUMP DC-2732,2019-02-11 06:19:01-07,JumpDC,pedal-assist-bike,2019-02-11 06:20:00-07,-77.0237716666667,38.92502
JumpDC-bike_23473,JUMP DC-2608,2019-02-11 06:19:01-07,JumpDC,pedal-assist-bike,2019-02-11 06:20:00-07,-77.0292083333333,38.9236633333333
JumpDC-bike_23221,JUMP DC-2530,2019-02-11 06:19:01-07,JumpDC,pedal-assist-bike,2019-02-11 06:20:00-07,-77.0238783333333,38.9260916666667
SkipDC-352897091390123,"",2019-02-11 06:19:54-07,SkipDC,electric-scooter,2019-02-11 06:20:00-07,-77.02159,38.9250133
SkipDC-352897091427503,"",2019-02-11 06:19:54-07,SkipDC,electric-scooter,2019-02-11 06:20:00-07,-77.0230085,38.9274107
SkipDC-352897091458029,"",2019-02-11 06:19:54-07,SkipDC,electric-scooter,2019-02-11 06:20:00-07,-76.9992583,38.924655
SkipDC-352897091387921,"",2019-02-11 06:19:54-07,SkipDC,electric-scooter,2019-02-11 06:20:00-07,-76.9933107,38.9242268
JumpDC-bike_23210,JUMP DC-2519,2019-02-11 06:19:01-07,JumpDC,pedal-assist-bike,2019-02-11 06:20:00-07,-76.9712416666667,38.9242833333333
SkipDC-352897091459787,"",2019-02-11 06:19:54-07,SkipDC,electric-scooter,2019-02-11 06:20:00-07,-77.042795,38.9315117
SkipDC-352897091299720,"",2019-02-11 06:19:54-07,SkipDC,electric-scooter,2019-02-11 06:20:00-07,-77.0411104,38.9310111
SkipDC-352897091287626,"",2019-02-11 06:19:54-07,SkipDC,electric-scooter,2019-02-11 06:20:00-07,-77.0361167,38.9302003
JumpDC-bike_18848,JUMP DC-0693,2019-02-11 06:19:01-07,JumpDC,pedal-assist-bike,2019-02-11 06:20:00-07,-77.0385733333333,38.9313266666667
JumpDC-bike_23682,JUMP DC-2717,2019-02-11 06:19:01-07,JumpDC,pedal-assist-bike,2019-02-11 06:20:00-07,-77.0386633333333,38.930875
SkipDC-352897091290646,"",2019-02-11 06:19:54-07,SkipDC,electric-scooter,2019-02-11 06:20:00-07,-76.9993267,38.9324483
SkipDC-352897091273949,"",2019-02-11 06:19:54-07,SkipDC,electric-scooter,2019-02-11 06:20:00-07,-76.9950683,38.933995
SkipDC-352897091278229,"",2019-02-11 06:19:54-07,SkipDC,electric-scooter,2019-02-11 06:20:00-07,-77.0890668,38.9409209
SkipDC-352897091356587,"",2019-02-11 06:19:54-07,SkipDC,electric-scooter,2019-02-11 06:20:00-07,-77.0846862,38.9382226
SkipDC-352897091380140,"",2019-02-11 06:19:54-07,SkipDC,electric-scooter,2019-02-11 06:20:00-07,-77.0555283,38.93703
SkipDC-352897091459829,"",2019-02-11 06:19:54-07,SkipDC,electric-scooter,2019-02-11 06:20:00-07,-77.0329461,38.9386585
SkipDC-352897091342942,"",2019-02-11 06:19:54-07,SkipDC,electric-scooter,2019-02-11 06:20:00-07,-77.03022,38.939845
SkipDC-352897091284706,"",2019-02-11 06:19:54-07,SkipDC,electric-scooter,2019-02-11 06:20:00-07,-77.0301,38.9398883
SkipDC-352897091387822,"",2019-02-11 06:19:54-07,SkipDC,electric-scooter,2019-02-11 06:20:00-07,-77.0245017,38.93819
SkipDC-352897091397946,"",2019-02-11 06:19:54-07,SkipDC,electric-scooter,2019-02-11 06:20:00-07,-77.024685,38.938475
SkipDC-352897091385941,"",2019-02-11 06:19:54-07,SkipDC,electric-scooter,2019-02-11 06:20:00-07,-77.024865,38.939065
SkipDC-352897091339260,"",2019-02-11 06:19:54-07,SkipDC,electric-scooter,2019-02-11 06:20:00-07,-77.0245167,38.93987
JumpDC-bike_23629,JUMP DC-2664,2019-02-11 06:19:01-07,JumpDC,pedal-assist-bike,2019-02-11 06:20:00-07,-77.0270833333333,38.937565
SkipDC-352897091433568,"",2019-02-11 06:19:54-07,SkipDC,electric-scooter,2019-02-11 06:20:00-07,-77.0184913,38.9400697
SkipDC-352897091455744,"",2019-02-11 06:19:54-07,SkipDC,electric-scooter,2019-02-11 06:20:00-07,-77.0033183,38.94088
SkipDC-352897091461502,"",2019-02-11 06:19:54-07,SkipDC,electric-scooter,2019-02-11 06:20:00-07,-76.9984283,38.9394767
SkipDC-352897091279326,"",2019-02-11 06:19:54-07,SkipDC,electric-scooter,2019-02-11 06:20:00-07,-77.0765004,38.9425107
SkipDC-352897091451560,"",2019-02-11 06:19:54-07,SkipDC,electric-scooter,2019-02-11 06:20:00-07,-77.0769551,38.9455212
SkipDC-352897090571723,"",2019-02-11 06:19:54-07,SkipDC,electric-scooter,2019-02-11 06:20:00-07,-77.0764267,38.942555
SkipDC-352897091358021,"",2019-02-11 06:19:54-07,SkipDC,electric-scooter,2019-02-11 06:20:00-07,-77.0365074,38.9450915
SkipDC-352897091431869,"",2019-02-11 06:19:54-07,SkipDC,electric-scooter,2019-02-11 06:20:00-07,-77.0362783,38.9449767
SkipDC-352897091286446,"",2019-02-11 06:19:54-07,SkipDC,electric-scooter,2019-02-11 06:20:00-07,-77.0364765,38.9453216
SkipDC-352897091461429,"",2019-02-11 06:19:54-07,SkipDC,electric-scooter,2019-02-11 06:20:00-07,-77.0261367,38.9438567
SkipDC-352897091268048,"",2019-02-11 06:19:54-07,SkipDC,electric-scooter,2019-02-11 06:20:00-07,-77.0234982,38.9440908
SkipDC-352897091444185,"",2019-02-11 06:19:54-07,SkipDC,electric-scooter,2019-02-11 06:20:00-07,-77.020035,38.9434183
SkipDC-352897090568729,"",2019-02-11 06:19:54-07,SkipDC,electric-scooter,2019-02-11 06:20:00-07,-77.0999233,38.9495867
SkipDC-352897091386220,"",2019-02-11 06:19:54-07,SkipDC,electric-scooter,2019-02-11 06:20:00-07,-77.0801804,38.9485402
SkipDC-352897091289044,"",2019-02-11 06:34:54-07,SkipDC,electric-scooter,2019-02-11 06:35:00-07,-77.04927,38.89049
SkipDC-352897090558449,"",2019-02-11 06:34:54-07,SkipDC,electric-scooter,2019-02-11 06:35:00-07,-77.0493,38.890515
SkipDC-352897091345945,"",2019-02-11 06:34:54-07,SkipDC,electric-scooter,2019-02-11 06:35:00-07,-77.0492417,38.8905633
SkipDC-352897091428642,"",2019-02-11 06:34:54-07,SkipDC,electric-scooter,2019-02-11 06:35:00-07,-77.0492233,38.8906317
SkipDC-352897091296064,"",2019-02-11 06:34:54-07,SkipDC,electric-scooter,2019-02-11 06:35:00-07,-77.0484667,38.890675
SkipDC-352897091428766,"",2019-02-11 06:34:54-07,SkipDC,electric-scooter,2019-02-11 06:35:00-07,-77.0493633,38.89048
SkipDC-352897091457369,"",2019-02-11 06:34:54-07,SkipDC,electric-scooter,2019-02-11 06:35:00-07,-77.0297996,38.8882196
SkipDC-352897091302540,"",2019-02-11 06:34:54-07,SkipDC,electric-scooter,2019-02-11 06:35:00-07,-77.0251317,38.8890783
SkipDC-352897091398464,"",2019-02-11 06:34:54-07,SkipDC,electric-scooter,2019-02-11 06:35:00-07,-77.0210247,38.8879948
JumpDC-bike_23144,JUMP DC-2453,2019-02-11 06:34:30-07,JumpDC,pedal-assist-bike,2019-02-11 06:35:00-07,-77.0210966666667,38.88769
SkipDC-352897091451941,"",2019-02-11 06:34:54-07,SkipDC,electric-scooter,2019-02-11 06:35:00-07,-77.0022003,38.8891833
SkipDC-352897091408487,"",2019-02-11 06:34:54-07,SkipDC,electric-scooter,2019-02-11 06:35:00-07,-76.9997325,38.8899543
SkipDC-352897091329469,"",2019-02-11 06:34:54-07,SkipDC,electric-scooter,2019-02-11 06:35:00-07,-76.995853,38.8877848
JumpDC-bike_23152,JUMP DC-2461,2019-02-11 06:34:30-07,JumpDC,pedal-assist-bike,2019-02-11 06:35:00-07,-76.9914966666667,38.8899716666667
JumpDC-bike_23440,JUMP DC-2575,2019-02-11 06:34:30-07,JumpDC,pedal-assist-bike,2019-02-11 06:35:00-07,-76.9913633333333,38.8891566666667
JumpDC-bike_23617,JUMP DC-2652,2019-02-11 06:34:30-07,JumpDC,pedal-assist-bike,2019-02-11 06:35:00-07,-76.9914583333333,38.88964
JumpDC-bike_23424,JUMP DC-2559,2019-02-11 06:34:30-07,JumpDC,pedal-assist-bike,2019-02-11 06:35:00-07,-76.9914633333333,38.88982
SkipDC-352897091358120,"",2019-02-11 06:34:54-07,SkipDC,electric-scooter,2019-02-11 06:35:00-07,-76.9877659,38.8886096
SkipDC-352897091387681,"",2019-02-11 06:34:54-07,SkipDC,electric-scooter,2019-02-11 06:35:00-07,-76.9876633,38.8886367
SkipDC-352897091385586,"",2019-02-11 06:34:54-07,SkipDC,electric-scooter,2019-02-11 06:35:00-07,-76.9844367,38.8888383
JumpDC-bike_23419,JUMP DC-2554,2019-02-11 06:34:30-07,JumpDC,pedal-assist-bike,2019-02-11 06:35:00-07,-76.9881783333333,38.8898433333333
SkipDC-352897091347065,"",2019-02-11 06:34:54-07,SkipDC,electric-scooter,2019-02-11 06:35:00-07,-76.9394533,38.8917533
SkipDC-352897091305949,"",2019-02-11 06:34:54-07,SkipDC,electric-scooter,2019-02-11 06:35:00-07,-76.9378571,38.8903879
JumpDC-bike_23157,JUMP DC-2466,2019-02-11 06:34:30-07,JumpDC,pedal-assist-bike,2019-02-11 06:35:00-07,-76.9338333333333,38.891755
SkipDC-352897091290927,"",2019-02-11 06:34:54-07,SkipDC,electric-scooter,2019-02-11 06:35:00-07,-77.0219867,38.8948517
SkipDC-352897091408644,"",2019-02-11 06:34:54-07,SkipDC,electric-scooter,2019-02-11 06:35:00-07,-77.0109248,38.8943072
SkipDC-352897091381882,"",2019-02-11 06:34:54-07,SkipDC,electric-scooter,2019-02-11 06:35:00-07,-77.0050817,38.8943854
SkipDC-352897091339146,"",2019-02-11 06:34:54-07,SkipDC,electric-scooter,2019-02-11 06:35:00-07,-77.00301,38.8919651
SkipDC-352897091298201,"",2019-02-11 06:34:54-07,SkipDC,electric-scooter,2019-02-11 06:35:00-07,-77.00276,38.892395
SkipDC-352897091426885,"",2019-02-11 06:34:54-07,SkipDC,electric-scooter,2019-02-11 06:35:00-07,-76.9943555,38.8930929
SkipDC-352897091356140,"",2019-02-11 06:34:54-07,SkipDC,electric-scooter,2019-02-11 06:35:00-07,-76.9969213,38.8946611
SkipDC-352897091343064,"",2019-02-11 06:34:54-07,SkipDC,electric-scooter,2019-02-11 06:35:00-07,-76.9976983,38.89219
SkipDC-352897091302888,"",2019-02-11 06:34:54-07,SkipDC,electric-scooter,2019-02-11 06:35:00-07,-76.983845,38.89533
SkipDC-352897091358344,"",2019-02-11 06:34:54-07,SkipDC,electric-scooter,2019-02-11 06:35:00-07,-76.9827034,38.8963594
SkipDC-352897091346448,"",2019-02-11 06:34:54-07,SkipDC,electric-scooter,2019-02-11 06:35:00-07,-76.9802323,38.8934417
SkipDC-352897091358526,"",2019-02-11 06:34:54-07,SkipDC,electric-scooter,2019-02-11 06:35:00-07,-76.9487654,38.8957667
SkipDC-352897091407067,"",2019-02-11 06:34:54-07,SkipDC,electric-scooter,2019-02-11 06:35:00-07,-76.95184,38.8924417
SkipDC-352897091284540,"",2019-02-11 06:34:54-07,SkipDC,electric-scooter,2019-02-11 06:35:00-07,-76.9501101,38.893712
SkipDC-352897091292642,"",2019-02-11 06:34:54-07,SkipDC,electric-scooter,2019-02-11 06:35:00-07,-76.9493167,38.8953617
SkipDC-352897091391469,"",2019-02-11 06:34:54-07,SkipDC,electric-scooter,2019-02-11 06:35:00-07,-77.0520126,38.8979013
SkipDC-352897091461163,"",2019-02-11 06:34:54-07,SkipDC,electric-scooter,2019-02-11 06:35:00-07,-77.0518617,38.9004
JumpDC-bike_23484,JUMP DC-2619,2019-02-11 06:34:30-07,JumpDC,pedal-assist-bike,2019-02-11 06:35:00-07,-77.050395,38.9008066666667
SkipDC-352897091295827,"",2019-02-11 06:34:54-07,SkipDC,electric-scooter,2019-02-11 06:35:00-07,-77.0231267,38.8969983
SkipDC-352897091398928,"",2019-02-11 06:34:54-07,SkipDC,electric-scooter,2019-02-11 06:35:00-07,-77.0218867,38.8987367
SkipDC-352897091385263,"",2019-02-11 06:34:54-07,SkipDC,electric-scooter,2019-02-11 06:35:00-07,-77.0216867,38.8993683
SkipDC-352897091279441,"",2019-02-11 06:34:54-07,SkipDC,electric-scooter,2019-02-11 06:35:00-07,-77.0219183,38.8999133
SkipDC-352897091452824,"",2019-02-11 06:34:54-07,SkipDC,electric-scooter,2019-02-11 06:35:00-07,-77.0178383,38.89657
JumpDC-bike_18927,JUMP DC-0806,2019-02-11 06:34:30-07,JumpDC,pedal-assist-bike,2019-02-11 06:35:00-07,-77.01192,38.9002533333333
SkipDC-352897091358922,"",2019-02-11 06:34:54-07,SkipDC,electric-scooter,2019-02-11 06:35:00-07,-77.0088259,38.8977161
SkipDC-352897091295066,"",2019-02-11 06:34:54-07,SkipDC,electric-scooter,2019-02-11 06:35:00-07,-77.0075125,38.8975372
JumpDC-bike_23430,JUMP DC-2565,2019-02-11 06:34:30-07,JumpDC,pedal-assist-bike,2019-02-11 06:35:00-07,-77.00909,38.8988466666667
JumpDC-bike_23624,JUMP DC-2659,2019-02-11 06:34:30-07,JumpDC,pedal-assist-bike,2019-02-11 06:35:00-07,-77.0098933333333,38.8991583333333
JumpDC-bike_23678,JUMP DC-2713,2019-02-11 06:34:30-07,JumpDC,pedal-assist-bike,2019-02-11 06:35:00-07,-77.00354,38.899365
JumpDC-bike_23945,JUMP DC-2454,2019-02-11 06:34:30-07,JumpDC,pedal-assist-bike,2019-02-11 06:35:00-07,-77.0035633333333,38.89927
JumpDC-bike_23217,JUMP DC-2526,2019-02-11 06:34:30-07,JumpDC,pedal-assist-bike,2019-02-11 06:35:00-07,-77.0037833333333,38.8993283333333
JumpDC-bike_23455,JUMP DC-2590,2019-02-11 06:34:30-07,JumpDC,pedal-assist-bike,2019-02-11 06:35:00-07,-77.0037833333333,38.8994316666667
JumpDC-bike_18850,JUMP DC-0690,2019-02-11 06:34:30-07,JumpDC,pedal-assist-bike,2019-02-11 06:35:00-07,-77.0036133333333,38.8993366666667
SkipDC-352897091437585,"",2019-02-11 06:34:54-07,SkipDC,electric-scooter,2019-02-11 06:35:00-07,-76.995025,38.8967967
SkipDC-352897091344807,"",2019-02-11 06:34:54-07,SkipDC,electric-scooter,2019-02-11 06:35:00-07,-76.9985923,38.9002409
SkipDC-352897091388408,"",2019-02-11 06:34:54-07,SkipDC,electric-scooter,2019-02-11 06:35:00-07,-76.9984233,38.90041
SkipDC-352897091359326,"",2019-02-11 06:34:54-07,SkipDC,electric-scooter,2019-02-11 06:35:00-07,-76.9972683,38.9005183
SkipDC-352897090565709,"",2019-02-11 06:34:54-07,SkipDC,electric-scooter,2019-02-11 06:35:00-07,-76.9943673,38.9004601
SkipDC-352897091380223,"",2019-02-11 06:34:54-07,SkipDC,electric-scooter,2019-02-11 06:35:00-07,-76.988315,38.8985883
SkipDC-352897091288681,"",2019-02-11 06:34:54-07,SkipDC,electric-scooter,2019-02-11 06:35:00-07,-76.9895011,38.9008007
JumpDC-bike_23147,JUMP DC-2456,2019-02-11 06:34:30-07,JumpDC,pedal-assist-bike,2019-02-11 06:35:00-07,-76.9902016666667,38.900385
JumpDC-bike_23416,JUMP DC-2551,2019-02-11 06:34:30-07,JumpDC,pedal-assist-bike,2019-02-11 06:35:00-07,-76.99138,38.90001
JumpDC-bike_23670,JUMP DC-2705,2019-02-11 06:34:30-07,JumpDC,pedal-assist-bike,2019-02-11 06:35:00-07,-76.9829883333333,38.9004
SkipDC-352897091385826,"",2019-02-11 06:34:54-07,SkipDC,electric-scooter,2019-02-11 06:35:00-07,-77.0357446,38.9025587
SkipDC-352897091382344,"",2019-02-11 06:34:54-07,SkipDC,electric-scooter,2019-02-11 06:35:00-07,-77.0319724,38.901173
SkipDC-352897091384324,"",2019-02-11 06:34:54-07,SkipDC,electric-scooter,2019-02-11 06:35:00-07,-77.0320383,38.902545
SkipDC-352897091270747,"",2019-02-11 06:34:54-07,SkipDC,electric-scooter,2019-02-11 06:35:00-07,-77.0320967,38.9025983
SkipDC-352897091358187,"",2019-02-11 06:34:54-07,SkipDC,electric-scooter,2019-02-11 06:35:00-07,-77.0318067,38.9043717
SkipDC-352897091352008,"",2019-02-11 06:34:54-07,SkipDC,electric-scooter,2019-02-11 06:35:00-07,-77.0297033,38.90502
SkipDC-352897091272602,"",2019-02-11 06:34:54-07,SkipDC,electric-scooter,2019-02-11 06:35:00-07,-77.025025,38.90105
SkipDC-352897091350465,"",2019-02-11 06:34:54-07,SkipDC,electric-scooter,2019-02-11 06:35:00-07,-77.0269317,38.9037517
JumpDC-bike_23690,JUMP DC-2725,2019-02-11 06:34:30-07,JumpDC,pedal-assist-bike,2019-02-11 06:35:00-07,-77.02771,38.9012866666667
SkipDC-352897091289085,"",2019-02-11 06:34:54-07,SkipDC,electric-scooter,2019-02-11 06:35:00-07,-77.0186617,38.9038083
SkipDC-352897091457666,"",2019-02-11 06:34:54-07,SkipDC,electric-scooter,2019-02-11 06:35:00-07,-77.01802,38.9040833
SkipDC-352897091306269,"",2019-02-11 06:34:54-07,SkipDC,electric-scooter,2019-02-11 06:35:00-07,-77.0192033,38.9017333
SkipDC-352897091430945,"",2019-02-11 06:34:54-07,SkipDC,electric-scooter,2019-02-11 06:35:00-07,-77.0152438,38.9031357
SkipDC-352897091306384,"",2019-02-11 06:34:54-07,SkipDC,electric-scooter,2019-02-11 06:35:00-07,-77.0104882,38.9010359
SkipDC-352897091272107,"",2019-02-11 06:34:54-07,SkipDC,electric-scooter,2019-02-11 06:35:00-07,-77.01137,38.9013633
SkipDC-352897091338825,"",2019-02-11 06:34:54-07,SkipDC,electric-scooter,2019-02-11 06:35:00-07,-77.0117328,38.9026385
SkipDC-352897091293608,"",2019-02-11 06:34:54-07,SkipDC,electric-scooter,2019-02-11 06:35:00-07,-77.0071633,38.904675
JumpDC-bike_18908,JUMP DC-0787,2019-02-11 06:34:30-07,JumpDC,pedal-assist-bike,2019-02-11 06:35:00-07,-77.0076733333333,38.9038
JumpDC-bike_23665,JUMP DC-2700,2019-02-11 06:34:30-07,JumpDC,pedal-assist-bike,2019-02-11 06:35:00-07,-76.99597,38.9024433333333
JumpDC-bike_18849,JUMP DC-0694,2019-02-11 06:34:30-07,JumpDC,pedal-assist-bike,2019-02-11 06:35:00-07,-76.9985533333333,38.90378
JumpDC-bike_23466,JUMP DC-2601,2019-02-11 06:34:30-07,JumpDC,pedal-assist-bike,2019-02-11 06:35:00-07,-76.9765166666667,38.900915
JumpDC-bike_81150,JUMP DC-2501,2019-02-11 06:34:30-07,JumpDC,pedal-assist-bike,2019-02-11 06:35:00-07,-77.073355,38.9067316666667
SkipDC-352897090521827,"",2019-02-11 06:34:54-07,SkipDC,electric-scooter,2019-02-11 06:35:00-07,-77.0595367,38.905725
JumpDC-bike_23471,JUMP DC-2606,2019-02-11 06:34:30-07,JumpDC,pedal-assist-bike,2019-02-11 06:35:00-07,-76.952565,38.9059133333333
SkipDC-352897091267826,"",2019-02-11 06:34:54-07,SkipDC,electric-scooter,2019-02-11 06:35:00-07,-77.0670701,38.9143958
SkipDC-352897091406242,"",2019-02-11 06:34:54-07,SkipDC,electric-scooter,2019-02-11 06:35:00-07,-77.0532867,38.9104967
SkipDC-352897091433063,"",2019-02-11 06:34:54-07,SkipDC,electric-scooter,2019-02-11 06:35:00-07,-77.0547583,38.9106433
JumpDC-bike_23178,JUMP DC-2487,2019-02-11 06:34:30-07,JumpDC,pedal-assist-bike,2019-02-11 06:35:00-07,-77.048725,38.9099216666667
SkipDC-352897091430143,"",2019-02-11 06:34:54-07,SkipDC,electric-scooter,2019-02-11 06:35:00-07,-77.0439384,38.9104791
SkipDC-352897091433725,"",2019-02-11 06:34:54-07,SkipDC,electric-scooter,2019-02-11 06:35:00-07,-77.045805,38.913535
SkipDC-352897091333529,"",2019-02-11 06:34:54-07,SkipDC,electric-scooter,2019-02-11 06:35:00-07,-77.0423968,38.9133791
SkipDC-352897091356082,"",2019-02-11 06:34:54-07,SkipDC,electric-scooter,2019-02-11 06:35:00-07,-77.04236,38.91342
SkipDC-352897091358286,"",2019-02-11 06:34:54-07,SkipDC,electric-scooter,2019-02-11 06:35:00-07,-77.0437433,38.9138017
SkipDC-352897091327224,"",2019-02-11 06:34:54-07,SkipDC,electric-scooter,2019-02-11 06:35:00-07,-77.0458317,38.912065
SkipDC-352897090484364,"",2019-02-11 06:34:54-07,SkipDC,electric-scooter,2019-02-11 06:35:00-07,-77.0458439,38.9126244
SkipDC-352897091421969,"",2019-02-11 06:34:54-07,SkipDC,electric-scooter,2019-02-11 06:35:00-07,-77.0395283,38.913865
SkipDC-352897091384464,"",2019-02-11 06:34:54-07,SkipDC,electric-scooter,2019-02-11 06:35:00-07,-77.0368388,38.9126388
SkipDC-352897091388887,"",2019-02-11 06:34:54-07,SkipDC,electric-scooter,2019-02-11 06:35:00-07,-77.039605,38.9136783
SkipDC-352897091290109,"",2019-02-11 06:34:54-07,SkipDC,electric-scooter,2019-02-11 06:35:00-07,-77.0333866,38.9103795
SkipDC-352897091388341,"",2019-02-11 06:34:54-07,SkipDC,electric-scooter,2019-02-11 06:35:00-07,-77.0333215,38.9103971
SkipDC-352897091456783,"",2019-02-11 06:34:54-07,SkipDC,electric-scooter,2019-02-11 06:35:00-07,-77.0331217,38.9104583
SkipDC-352897091433766,"",2019-02-11 06:34:54-07,SkipDC,electric-scooter,2019-02-11 06:35:00-07,-77.0331131,38.9127478
SkipDC-352897091460660,"",2019-02-11 06:34:54-07,SkipDC,electric-scooter,2019-02-11 06:35:00-07,-77.0278767,38.91224
SkipDC-352897091457922,"",2019-02-11 06:34:54-07,SkipDC,electric-scooter,2019-02-11 06:35:00-07,-77.0227167,38.912705
SkipDC-352897091279904,"",2019-02-11 06:34:54-07,SkipDC,electric-scooter,2019-02-11 06:35:00-07,-77.0221133,38.9113717
SkipDC-352897091297724,"",2019-02-11 06:34:54-07,SkipDC,electric-scooter,2019-02-11 06:35:00-07,-77.0210138,38.9113913
JumpDC-bike_16523,JUMP DC-0167,2019-02-11 06:34:30-07,JumpDC,pedal-assist-bike,2019-02-11 06:35:00-07,-77.02896,38.916955
JumpDC-bike_23684,JUMP DC-2719,2019-02-11 06:34:30-07,JumpDC,pedal-assist-bike,2019-02-11 06:35:00-07,-77.0242933333333,38.9169516666667
JumpDC-bike_23414,JUMP DC-2549,2019-02-11 06:34:30-07,JumpDC,pedal-assist-bike,2019-02-11 06:35:00-07,-77.0243,38.91694
JumpDC-bike_23677,JUMP DC-2712,2019-02-11 06:34:30-07,JumpDC,pedal-assist-bike,2019-02-11 06:35:00-07,-77.026355,38.9169833333333
SkipDC-352897091382922,"",2019-02-11 06:34:54-07,SkipDC,electric-scooter,2019-02-11 06:35:00-07,-77.0230633,38.9159633
SkipDC-352897091300445,"",2019-02-11 06:34:54-07,SkipDC,electric-scooter,2019-02-11 06:35:00-07,-77.0231364,38.9166486
SkipDC-352897091406549,"",2019-02-11 06:34:54-07,SkipDC,electric-scooter,2019-02-11 06:35:00-07,-77.0126519,38.9157052
JumpDC-bike_23490,JUMP DC-2625,2019-02-11 06:34:30-07,JumpDC,pedal-assist-bike,2019-02-11 06:35:00-07,-77.014285,38.914645
JumpDC-bike_23207,JUMP DC-2516,2019-02-11 06:34:30-07,JumpDC,pedal-assist-bike,2019-02-11 06:35:00-07,-77.0127216666667,38.915645
SkipDC-352897091386865,"",2019-02-11 06:34:54-07,SkipDC,electric-scooter,2019-02-11 06:35:00-07,-77.0126623,38.9157141
SkipDC-352897091456221,"",2019-02-11 06:34:54-07,SkipDC,electric-scooter,2019-02-11 06:35:00-07,-77.0070967,38.9175967
SkipDC-352897091268089,"",2019-02-11 06:34:54-07,SkipDC,electric-scooter,2019-02-11 06:35:00-07,-77.0089833,38.914475
SkipDC-352897091432867,"",2019-02-11 06:34:54-07,SkipDC,electric-scooter,2019-02-11 06:35:00-07,-77.009305,38.9170633
SkipDC-352897091288640,"",2019-02-11 06:34:54-07,SkipDC,electric-scooter,2019-02-11 06:35:00-07,-76.9817617,38.915515
SkipDC-352897091332802,"",2019-02-11 06:34:54-07,SkipDC,electric-scooter,2019-02-11 06:35:00-07,-77.0472714,38.922469
SkipDC-352897091453806,"",2019-02-11 06:34:54-07,SkipDC,electric-scooter,2019-02-11 06:35:00-07,-77.0472714,38.922469
SkipDC-352897091286784,"",2019-02-11 06:34:54-07,SkipDC,electric-scooter,2019-02-11 06:35:00-07,-77.044365,38.9205533
SkipDC-352897091432164,"",2019-02-11 06:34:54-07,SkipDC,electric-scooter,2019-02-11 06:35:00-07,-77.0422917,38.921315
JumpDC-bike_16499,JUMP DC-0186,2019-02-11 06:34:30-07,JumpDC,pedal-assist-bike,2019-02-11 06:35:00-07,-77.0414683333333,38.9233916666667
SkipDC-352897091272180,"",2019-02-11 06:34:54-07,SkipDC,electric-scooter,2019-02-11 06:35:00-07,-77.0421377,38.9230801
JumpDC-bike_18823,JUMP DC-0700,2019-02-11 06:34:30-07,JumpDC,pedal-assist-bike,2019-02-11 06:35:00-07,-77.0418433333333,38.91989
JumpDC-bike_23230,JUMP DC-2539 ,2019-02-11 06:34:30-07,JumpDC,pedal-assist-bike,2019-02-11 06:35:00-07,-77.04155,38.9192233333333
JumpDC-bike_23221,JUMP DC-2530,2019-02-11 06:34:30-07,JumpDC,pedal-assist-bike,2019-02-11 06:35:00-07,-77.0238783333333,38.9260916666667
JumpDC-bike_23473,JUMP DC-2608,2019-02-11 06:34:30-07,JumpDC,pedal-assist-bike,2019-02-11 06:35:00-07,-77.0292083333333,38.9236633333333
JumpDC-bike_23697,JUMP DC-2732,2019-02-11 06:34:30-07,JumpDC,pedal-assist-bike,2019-02-11 06:35:00-07,-77.0237716666667,38.92502
JumpDC-bike_18845,JUMP DC-0722,2019-02-11 06:34:30-07,JumpDC,pedal-assist-bike,2019-02-11 06:35:00-07,-77.0257533333333,38.9269316666667
SkipDC-352897091390123,"",2019-02-11 06:34:54-07,SkipDC,electric-scooter,2019-02-11 06:35:00-07,-77.0215983,38.9249683
SkipDC-352897091427503,"",2019-02-11 06:34:54-07,SkipDC,electric-scooter,2019-02-11 06:35:00-07,-77.0231583,38.927325
SkipDC-352897091458029,"",2019-02-11 06:34:54-07,SkipDC,electric-scooter,2019-02-11 06:35:00-07,-76.9992747,38.9245281
SkipDC-352897091387921,"",2019-02-11 06:34:54-07,SkipDC,electric-scooter,2019-02-11 06:35:00-07,-76.9935565,38.9241526
JumpDC-bike_23210,JUMP DC-2519,2019-02-11 06:34:30-07,JumpDC,pedal-assist-bike,2019-02-11 06:35:00-07,-76.9712416666667,38.9242833333333
SkipDC-352897091459787,"",2019-02-11 06:34:54-07,SkipDC,electric-scooter,2019-02-11 06:35:00-07,-77.042795,38.9315117
SkipDC-352897091299720,"",2019-02-11 06:34:54-07,SkipDC,electric-scooter,2019-02-11 06:35:00-07,-77.0412183,38.93098
SkipDC-352897091287626,"",2019-02-11 06:34:54-07,SkipDC,electric-scooter,2019-02-11 06:35:00-07,-77.03616,38.9295567
JumpDC-bike_18848,JUMP DC-0693,2019-02-11 06:34:30-07,JumpDC,pedal-assist-bike,2019-02-11 06:35:00-07,-77.0385733333333,38.9313266666667
JumpDC-bike_23682,JUMP DC-2717,2019-02-11 06:34:30-07,JumpDC,pedal-assist-bike,2019-02-11 06:35:00-07,-77.0386633333333,38.930875
SkipDC-352897091457781,"",2019-02-11 06:34:54-07,SkipDC,electric-scooter,2019-02-11 06:35:00-07,-77.03399,38.9308483
SkipDC-352897091288582,"",2019-02-11 06:34:54-07,SkipDC,electric-scooter,2019-02-11 06:35:00-07,-77.0339933,38.9308917
SkipDC-352897091409105,"",2019-02-11 06:34:54-07,SkipDC,electric-scooter,2019-02-11 06:35:00-07,-77.0318991,38.9305193
JumpDC-bike_23687,JUMP DC-2722,2019-02-11 06:34:30-07,JumpDC,pedal-assist-bike,2019-02-11 06:35:00-07,-77.024095,38.9310033333333
JumpDC-bike_23130,JUMP DC-0820,2019-02-11 06:34:30-07,JumpDC,pedal-assist-bike,2019-02-11 06:35:00-07,-77.006655,38.9296516666667
SkipDC-352897091320542,"",2019-02-11 06:34:54-07,SkipDC,electric-scooter,2019-02-11 06:35:00-07,-77.0050067,38.9289733
SkipDC-352897091389968,"",2019-02-11 06:34:54-07,SkipDC,electric-scooter,2019-02-11 06:35:00-07,-77.005395,38.9295467
SkipDC-352897091387822,"",2019-02-11 06:34:54-07,SkipDC,electric-scooter,2019-02-11 06:35:00-07,-77.024555,38.9381517
SkipDC-352897091397946,"",2019-02-11 06:34:54-07,SkipDC,electric-scooter,2019-02-11 06:35:00-07,-77.024685,38.938475
SkipDC-352897091385941,"",2019-02-11 06:34:54-07,SkipDC,electric-scooter,2019-02-11 06:35:00-07,-77.024865,38.939065
SkipDC-352897091339260,"",2019-02-11 06:34:54-07,SkipDC,electric-scooter,2019-02-11 06:35:00-07,-77.0245567,38.9397783
JumpDC-bike_23629,JUMP DC-2664,2019-02-11 06:34:30-07,JumpDC,pedal-assist-bike,2019-02-11 06:35:00-07,-77.0270833333333,38.937565
SkipDC-352897091433568,"",2019-02-11 06:34:54-07,SkipDC,electric-scooter,2019-02-11 06:35:00-07,-77.0185201,38.9400583
SkipDC-352897091455744,"",2019-02-11 06:34:54-07,SkipDC,electric-scooter,2019-02-11 06:35:00-07,-77.0033183,38.94088
SkipDC-352897091461502,"",2019-02-11 06:34:54-07,SkipDC,electric-scooter,2019-02-11 06:35:00-07,-76.99843,38.939405
SkipDC-352897091451560,"",2019-02-11 06:34:54-07,SkipDC,electric-scooter,2019-02-11 06:35:00-07,-77.076952,38.9455518
SkipDC-352897090571723,"",2019-02-11 06:34:54-07,SkipDC,electric-scooter,2019-02-11 06:35:00-07,-77.076515,38.942495
SkipDC-352897091279326,"",2019-02-11 06:34:54-07,SkipDC,electric-scooter,2019-02-11 06:35:00-07,-77.0764517,38.9425933
SkipDC-352897091286446,"",2019-02-11 06:34:54-07,SkipDC,electric-scooter,2019-02-11 06:35:00-07,-77.03632,38.9448667
SkipDC-352897091358021,"",2019-02-11 06:34:54-07,SkipDC,electric-scooter,2019-02-11 06:35:00-07,-77.03627,38.9449183
SkipDC-352897091431869,"",2019-02-11 06:34:54-07,SkipDC,electric-scooter,2019-02-11 06:35:00-07,-77.0362783,38.9449767
SkipDC-352897091461429,"",2019-02-11 06:34:54-07,SkipDC,electric-scooter,2019-02-11 06:35:00-07,-77.026,38.9438333
SkipDC-352897091444185,"",2019-02-11 06:34:54-07,SkipDC,electric-scooter,2019-02-11 06:35:00-07,-77.0190203,38.943715
SkipDC-352897091268048,"",2019-02-11 06:34:54-07,SkipDC,electric-scooter,2019-02-11 06:35:00-07,-77.0234636,38.9441748
SkipDC-352897090568729,"",2019-02-11 06:34:54-07,SkipDC,electric-scooter,2019-02-11 06:35:00-07,-77.0999833,38.9494883
SkipDC-352897091386220,"",2019-02-11 06:34:54-07,SkipDC,electric-scooter,2019-02-11 06:35:00-07,-77.0802364,38.9484809
SkipDC-352897091279342,"",2019-02-11 06:34:54-07,SkipDC,electric-scooter,2019-02-11 06:35:00-07,-77.0806817,38.9501233
SkipDC-352897091288905,"",2019-02-11 06:34:54-07,SkipDC,electric-scooter,2019-02-11 06:35:00-07,-77.0728818,38.9478962
SkipDC-352897091294283,"",2019-02-11 06:34:54-07,SkipDC,electric-scooter,2019-02-11 06:35:00-07,-77.0713,38.947205
SkipDC-352897091293442,"",2019-02-11 06:34:54-07,SkipDC,electric-scooter,2019-02-11 06:35:00-07,-77.0657224,38.9477092
JumpDC-bike_23201,JUMP DC-2510,2019-02-11 06:34:30-07,JumpDC,pedal-assist-bike,2019-02-11 06:35:00-07,-77.0235516666667,38.9475383333333
SkipDC-352897091282247,"",2019-02-11 06:34:54-07,SkipDC,electric-scooter,2019-02-11 06:35:00-07,-77.0808439,38.9508288
SkipDC-352897091349905,"",2019-02-11 06:34:54-07,SkipDC,electric-scooter,2019-02-11 06:35:00-07,-77.0723067,38.9538917
SkipDC-352897090537849,"",2019-02-11 06:34:54-07,SkipDC,electric-scooter,2019-02-11 06:35:00-07,-77.0724317,38.953845
SkipDC-352897091272149,"",2019-02-11 06:49:55-07,SkipDC,electric-scooter,2019-02-11 06:50:00-07,-77.01753,38.8762933
SkipDC-352897091293004,"",2019-02-11 06:49:55-07,SkipDC,electric-scooter,2019-02-11 06:50:00-07,-77.015397,38.8765079
SkipDC-352897091383862,"",2019-02-11 06:49:55-07,SkipDC,electric-scooter,2019-02-11 06:50:00-07,-77.0173654,38.8783603
SkipDC-352897091306624,"",2019-02-11 06:49:55-07,SkipDC,electric-scooter,2019-02-11 06:50:00-07,-77.0060547,38.8751911
SkipDC-352897091412729,"",2019-02-11 06:49:55-07,SkipDC,electric-scooter,2019-02-11 06:50:00-07,-77.00182,38.873917
SkipDC-352897091460165,"",2019-02-11 06:49:55-07,SkipDC,electric-scooter,2019-02-11 06:50:00-07,-77.0013367,38.8740067
JumpDC-bike_23418,JUMP DC-2553,2019-02-11 06:49:31-07,JumpDC,pedal-assist-bike,2019-02-11 06:50:00-07,-77.0042133333333,38.8765666666667
SkipDC-352897091298045,"",2019-02-11 06:49:55-07,SkipDC,electric-scooter,2019-02-11 06:50:00-07,-77.0058367,38.8752767
SkipDC-352897091456205,"",2019-02-11 06:49:55-07,SkipDC,electric-scooter,2019-02-11 06:50:00-07,-76.999135,38.877685
SkipDC-352897091272941,"",2019-02-11 06:49:55-07,SkipDC,electric-scooter,2019-02-11 06:50:00-07,-77.035575,38.88129
SkipDC-352897091408446,"",2019-02-11 06:49:55-07,SkipDC,electric-scooter,2019-02-11 06:50:00-07,-77.0266288,38.880624
SkipDC-352897091298169,"",2019-02-11 06:49:55-07,SkipDC,electric-scooter,2019-02-11 06:50:00-07,-77.0167483,38.881405
SkipDC-352897091329824,"",2019-02-11 06:49:55-07,SkipDC,electric-scooter,2019-02-11 06:50:00-07,-77.0076367,38.8791483
SkipDC-352897091431968,"",2019-02-11 06:49:55-07,SkipDC,electric-scooter,2019-02-11 06:50:00-07,-77.0006017,38.881305
SkipDC-352897091451727,"",2019-02-11 06:49:55-07,SkipDC,electric-scooter,2019-02-11 06:50:00-07,-77.0054417,38.8791783
SkipDC-352897091422348,"",2019-02-11 06:49:55-07,SkipDC,electric-scooter,2019-02-11 06:50:00-07,-77.0052258,38.8791856
SkipDC-352897091352164,"",2019-02-11 06:49:55-07,SkipDC,electric-scooter,2019-02-11 06:50:00-07,-77.0015651,38.8812824
JumpDC-bike_23172,JUMP DC-2481,2019-02-11 06:49:31-07,JumpDC,pedal-assist-bike,2019-02-11 06:50:00-07,-76.99598,38.884435
JumpDC-bike_23676,JUMP DC-2711,2019-02-11 06:49:31-07,JumpDC,pedal-assist-bike,2019-02-11 06:50:00-07,-76.99595,38.8845083333333
JumpDC-bike_23449,JUMP DC-2584,2019-02-11 06:49:31-07,JumpDC,pedal-assist-bike,2019-02-11 06:50:00-07,-76.995975,38.8844516666667
JumpDC-bike_16615,JUMP DC-0250,2019-02-11 06:49:31-07,JumpDC,pedal-assist-bike,2019-02-11 06:50:00-07,-76.996025,38.8843533333333
JumpDC-bike_18831,JUMP DC-0708,2019-02-11 06:49:31-07,JumpDC,pedal-assist-bike,2019-02-11 06:50:00-07,-76.9960216666667,38.884375
JumpDC-bike_23239,JUMP DC-2548,2019-02-11 06:49:31-07,JumpDC,pedal-assist-bike,2019-02-11 06:50:00-07,-76.9979016666667,38.8852283333333
SkipDC-352897091392145,"",2019-02-11 06:49:55-07,SkipDC,electric-scooter,2019-02-11 06:50:00-07,-76.9926567,38.8868233
SkipDC-352897091462526,"",2019-02-11 06:49:55-07,SkipDC,electric-scooter,2019-02-11 06:50:00-07,-76.9879342,38.8869466
SkipDC-352897091277809,"",2019-02-11 06:49:55-07,SkipDC,electric-scooter,2019-02-11 06:50:00-07,-76.9836267,38.8836
SkipDC-352897091334766,"",2019-02-11 06:49:55-07,SkipDC,electric-scooter,2019-02-11 06:50:00-07,-76.957465,38.88553
SkipDC-352897091290463,"",2019-02-11 06:49:55-07,SkipDC,electric-scooter,2019-02-11 06:50:00-07,-76.9549583,38.8849317
SkipDC-352897091451602,"",2019-02-11 06:49:55-07,SkipDC,electric-scooter,2019-02-11 06:50:00-07,-76.944321,38.8832427
SkipDC-352897091345945,"",2019-02-11 06:49:55-07,SkipDC,electric-scooter,2019-02-11 06:50:00-07,-77.0492417,38.8905633
SkipDC-352897091296064,"",2019-02-11 06:49:55-07,SkipDC,electric-scooter,2019-02-11 06:50:00-07,-77.0484667,38.890675
SkipDC-352897091289044,"",2019-02-11 06:49:55-07,SkipDC,electric-scooter,2019-02-11 06:50:00-07,-77.04927,38.89049
SkipDC-352897090558449,"",2019-02-11 06:49:55-07,SkipDC,electric-scooter,2019-02-11 06:50:00-07,-77.0493,38.890515
SkipDC-352897091428642,"",2019-02-11 06:49:55-07,SkipDC,electric-scooter,2019-02-11 06:50:00-07,-77.049305,38.8905667
SkipDC-352897091428766,"",2019-02-11 06:49:55-07,SkipDC,electric-scooter,2019-02-11 06:50:00-07,-77.0492633,38.890525
SkipDC-352897091457369,"",2019-02-11 06:49:55-07,SkipDC,electric-scooter,2019-02-11 06:50:00-07,-77.0299217,38.888805
SkipDC-352897091302540,"",2019-02-11 06:49:55-07,SkipDC,electric-scooter,2019-02-11 06:50:00-07,-77.0251317,38.8890783
SkipDC-352897091380504,"",2019-02-11 06:49:55-07,SkipDC,electric-scooter,2019-02-11 06:50:00-07,-77.04633,38.8919333
SkipDC-352897091430184,"",2019-02-11 06:49:55-07,SkipDC,electric-scooter,2019-02-11 06:50:00-07,-77.044514,38.8961755
SkipDC-352897091383821,"",2019-02-11 06:49:55-07,SkipDC,electric-scooter,2019-02-11 06:50:00-07,-77.0396349,38.8954174
SkipDC-352897091385206,"",2019-02-11 06:49:55-07,SkipDC,electric-scooter,2019-02-11 06:50:00-07,-77.0333277,38.8956726
SkipDC-352897091431182,"",2019-02-11 06:49:55-07,SkipDC,electric-scooter,2019-02-11 06:50:00-07,-77.03331,38.8963733
SkipDC-352897091435860,"",2019-02-11 06:49:55-07,SkipDC,electric-scooter,2019-02-11 06:50:00-07,-77.0269375,38.8960268
SkipDC-352897091428402,"",2019-02-11 06:49:55-07,SkipDC,electric-scooter,2019-02-11 06:50:00-07,-77.0239946,38.8956915
SkipDC-352897091280464,"",2019-02-11 06:49:55-07,SkipDC,electric-scooter,2019-02-11 06:50:00-07,-77.0282933,38.89238
SkipDC-352897091306202,"",2019-02-11 06:49:55-07,SkipDC,electric-scooter,2019-02-11 06:50:00-07,-77.0228117,38.8952217
SkipDC-352897091273287,"",2019-02-11 06:49:55-07,SkipDC,electric-scooter,2019-02-11 06:50:00-07,-77.0228001,38.8952525
SkipDC-352897091290927,"",2019-02-11 06:49:55-07,SkipDC,electric-scooter,2019-02-11 06:50:00-07,-77.0217517,38.894995
SkipDC-352897091426505,"",2019-02-11 06:49:55-07,SkipDC,electric-scooter,2019-02-11 06:50:00-07,-77.0217817,38.89509
SkipDC-352897091408644,"",2019-02-11 06:49:55-07,SkipDC,electric-scooter,2019-02-11 06:50:00-07,-77.0110401,38.8946043
SkipDC-352897091339146,"",2019-02-11 06:49:55-07,SkipDC,electric-scooter,2019-02-11 06:50:00-07,-77.0030083,38.8919642
SkipDC-352897091298201,"",2019-02-11 06:49:55-07,SkipDC,electric-scooter,2019-02-11 06:50:00-07,-77.00276,38.892395
SkipDC-352897091381882,"",2019-02-11 06:49:55-07,SkipDC,electric-scooter,2019-02-11 06:50:00-07,-77.0057983,38.8958083
SkipDC-352897091343064,"",2019-02-11 06:49:55-07,SkipDC,electric-scooter,2019-02-11 06:50:00-07,-76.9976983,38.89219
SkipDC-352897091426885,"",2019-02-11 06:49:55-07,SkipDC,electric-scooter,2019-02-11 06:50:00-07,-76.9944333,38.8930833
SkipDC-352897091356140,"",2019-02-11 06:49:55-07,SkipDC,electric-scooter,2019-02-11 06:50:00-07,-76.9969203,38.894646
SkipDC-352897091302508,"",2019-02-11 06:49:55-07,SkipDC,electric-scooter,2019-02-11 06:50:00-07,-77.0299991,38.8980556
SkipDC-352897091379969,"",2019-02-11 06:49:55-07,SkipDC,electric-scooter,2019-02-11 06:50:00-07,-77.0304149,38.898292
JumpDC-bike_23202,JUMP DC-2511,2019-02-11 06:49:31-07,JumpDC,pedal-assist-bike,2019-02-11 06:50:00-07,-77.0349033333333,38.9003583333333
SkipDC-352897091407265,"",2019-02-11 06:49:55-07,SkipDC,electric-scooter,2019-02-11 06:50:00-07,-77.0320575,38.8985066
SkipDC-352897091428964,"",2019-02-11 06:49:55-07,SkipDC,electric-scooter,2019-02-11 06:50:00-07,-77.0335,38.900205
JumpDC-bike_18887,JUMP DC-0764,2019-02-11 06:49:31-07,JumpDC,pedal-assist-bike,2019-02-11 06:50:00-07,-77.0349766666667,38.9003083333333
SkipDC-352897091346000,"",2019-02-11 06:49:55-07,SkipDC,electric-scooter,2019-02-11 06:50:00-07,-77.0322972,38.8983889
SkipDC-352897091444284,"",2019-02-11 06:49:55-07,SkipDC,electric-scooter,2019-02-11 06:50:00-07,-77.0308933,38.8982883
SkipDC-352897091344823,"",2019-02-11 06:49:55-07,SkipDC,electric-scooter,2019-02-11 06:50:00-07,-77.0267517,38.8983717
SkipDC-352897091426026,"",2019-02-11 06:49:55-07,SkipDC,electric-scooter,2019-02-11 06:50:00-07,-77.0272201,38.8983652
SkipDC-352897091462567,"",2019-02-11 06:49:55-07,SkipDC,electric-scooter,2019-02-11 06:50:00-07,-77.0246847,38.8972482
SkipDC-352897091302680,"",2019-02-11 06:49:55-07,SkipDC,electric-scooter,2019-02-11 06:50:00-07,-77.0236517,38.8976383
JumpDC-bike_23143,JUMP DC-2452,2019-02-11 06:49:31-07,JumpDC,pedal-assist-bike,2019-02-11 06:50:00-07,-77.0238083333333,38.8998066666667
SkipDC-352897091433881,"",2019-02-11 06:49:55-07,SkipDC,electric-scooter,2019-02-11 06:50:00-07,-77.0264733,38.8965567
SkipDC-352897091279441,"",2019-02-11 06:49:55-07,SkipDC,electric-scooter,2019-02-11 06:50:00-07,-77.0215617,38.8998333
SkipDC-352897091398928,"",2019-02-11 06:49:55-07,SkipDC,electric-scooter,2019-02-11 06:50:00-07,-77.0217833,38.8986733
SkipDC-352897091385263,"",2019-02-11 06:49:55-07,SkipDC,electric-scooter,2019-02-11 06:50:00-07,-77.0221983,38.8992733
SkipDC-352897091325707,"",2019-02-11 06:49:55-07,SkipDC,electric-scooter,2019-02-11 06:50:00-07,-77.020405,38.89865
SkipDC-352897091434186,"",2019-02-11 06:49:55-07,SkipDC,electric-scooter,2019-02-11 06:50:00-07,-77.019162,38.8984239
SkipDC-352897091390180,"",2019-02-11 06:49:55-07,SkipDC,electric-scooter,2019-02-11 06:50:00-07,-77.0229167,38.8969467
SkipDC-352897091295827,"",2019-02-11 06:49:55-07,SkipDC,electric-scooter,2019-02-11 06:50:00-07,-77.0229379,38.8969945
SkipDC-352897091452824,"",2019-02-11 06:49:55-07,SkipDC,electric-scooter,2019-02-11 06:50:00-07,-77.0173036,38.8964436
JumpDC-bike_18927,JUMP DC-0806,2019-02-11 06:49:31-07,JumpDC,pedal-assist-bike,2019-02-11 06:50:00-07,-77.01192,38.9002533333333
SkipDC-352897091295066,"",2019-02-11 06:49:55-07,SkipDC,electric-scooter,2019-02-11 06:50:00-07,-77.0075202,38.8975666
JumpDC-bike_23430,JUMP DC-2565,2019-02-11 06:49:31-07,JumpDC,pedal-assist-bike,2019-02-11 06:50:00-07,-77.00909,38.8988466666667
SkipDC-352897091358922,"",2019-02-11 06:49:55-07,SkipDC,electric-scooter,2019-02-11 06:50:00-07,-77.0088811,38.897699
JumpDC-bike_23614,JUMP DC-2649,2019-02-11 06:49:31-07,JumpDC,pedal-assist-bike,2019-02-11 06:50:00-07,-77.067635,38.9051133333333
SkipDC-352897091275084,"",2019-02-11 06:49:55-07,SkipDC,electric-scooter,2019-02-11 06:50:00-07,-77.0590998,38.9019236
SkipDC-352897091293764,"",2019-02-11 06:49:55-07,SkipDC,electric-scooter,2019-02-11 06:50:00-07,-77.0644961,38.9030333
SkipDC-352897091460967,"",2019-02-11 06:49:55-07,SkipDC,electric-scooter,2019-02-11 06:50:00-07,-77.0532621,38.9045416
SkipDC-352897091380769,"",2019-02-11 06:49:55-07,SkipDC,electric-scooter,2019-02-11 06:50:00-07,-77.0484167,38.90469
SkipDC-352897090241400,"",2019-02-11 06:49:55-07,SkipDC,electric-scooter,2019-02-11 06:50:00-07,-77.0449867,38.9023033
SkipDC-352897091432925,"",2019-02-11 06:49:55-07,SkipDC,electric-scooter,2019-02-11 06:50:00-07,-77.0451017,38.9021983
SkipDC-352897091295009,"",2019-02-11 06:49:55-07,SkipDC,electric-scooter,2019-02-11 06:50:00-07,-77.0446524,38.9022196
SkipDC-352897091462864,"",2019-02-11 06:49:55-07,SkipDC,electric-scooter,2019-02-11 06:50:00-07,-77.0450267,38.9022583
SkipDC-352897091430929,"",2019-02-11 06:49:55-07,SkipDC,electric-scooter,2019-02-11 06:50:00-07,-77.0449583,38.90218
SkipDC-352897091385826,"",2019-02-11 06:49:55-07,SkipDC,electric-scooter,2019-02-11 06:50:00-07,-77.0359632,38.9028225
SkipDC-352897091382344,"",2019-02-11 06:49:55-07,SkipDC,electric-scooter,2019-02-11 06:50:00-07,-77.031875,38.90136
SkipDC-352897091352008,"",2019-02-11 06:49:55-07,SkipDC,electric-scooter,2019-02-11 06:50:00-07,-77.0298067,38.9050467
SkipDC-352897091457823,"",2019-02-11 06:49:55-07,SkipDC,electric-scooter,2019-02-11 06:50:00-07,-77.0338217,38.901265
SkipDC-352897091384324,"",2019-02-11 06:49:55-07,SkipDC,electric-scooter,2019-02-11 06:50:00-07,-77.032225,38.9024317
SkipDC-352897091270747,"",2019-02-11 06:49:55-07,SkipDC,electric-scooter,2019-02-11 06:50:00-07,-77.031985,38.9026167
SkipDC-352897091358187,"",2019-02-11 06:49:55-07,SkipDC,electric-scooter,2019-02-11 06:50:00-07,-77.0316567,38.9043367
JumpDC-bike_23690,JUMP DC-2725,2019-02-11 06:49:31-07,JumpDC,pedal-assist-bike,2019-02-11 06:50:00-07,-77.02771,38.9012866666667
SkipDC-352897091277304,"",2019-02-11 06:49:55-07,SkipDC,electric-scooter,2019-02-11 06:50:00-07,-77.03467,38.9065733
SkipDC-352897091305527,"",2019-02-11 06:49:55-07,SkipDC,electric-scooter,2019-02-11 06:50:00-07,-77.0307017,38.9075267
SkipDC-352897091356645,"",2019-02-11 06:49:55-07,SkipDC,electric-scooter,2019-02-11 06:50:00-07,-77.0260461,38.9059104
SkipDC-352897091388085,"",2019-02-11 06:49:55-07,SkipDC,electric-scooter,2019-02-11 06:50:00-07,-77.0219033,38.9066617
SkipDC-352897091435449,"",2019-02-11 06:49:55-07,SkipDC,electric-scooter,2019-02-11 06:50:00-07,-77.0133034,38.9057705
SkipDC-352897091268329,"",2019-02-11 06:49:55-07,SkipDC,electric-scooter,2019-02-11 06:50:00-07,-77.0121249,38.9069505
SkipDC-352897091296544,"",2019-02-11 06:49:55-07,SkipDC,electric-scooter,2019-02-11 06:50:00-07,-77.0088667,38.90632
SkipDC-352897091273048,"",2019-02-11 06:49:55-07,SkipDC,electric-scooter,2019-02-11 06:50:00-07,-77.0083317,38.9060317
SkipDC-352897091339369,"",2019-02-11 06:49:55-07,SkipDC,electric-scooter,2019-02-11 06:50:00-07,-76.9985657,38.9064836
SkipDC-352897091451487,"",2019-02-11 06:49:55-07,SkipDC,electric-scooter,2019-02-11 06:50:00-07,-76.9979833,38.9084817
SkipDC-352897090452023,"",2019-02-11 06:49:55-07,SkipDC,electric-scooter,2019-02-11 06:50:00-07,-76.9926433,38.9091217
SkipDC-352897091457021,"",2019-02-11 06:49:55-07,SkipDC,electric-scooter,2019-02-11 06:50:00-07,-76.9883695,38.9075543
SkipDC-352897091300627,"",2019-02-11 06:49:55-07,SkipDC,electric-scooter,2019-02-11 06:50:00-07,-76.992835,38.9091833
SkipDC-352897091448244,"",2019-02-11 06:49:55-07,SkipDC,electric-scooter,2019-02-11 06:50:00-07,-76.9836683,38.909745
JumpDC-bike_23471,JUMP DC-2606,2019-02-11 06:49:31-07,JumpDC,pedal-assist-bike,2019-02-11 06:50:00-07,-76.952565,38.9059133333333
SkipDC-352897091267826,"",2019-02-11 06:49:55-07,SkipDC,electric-scooter,2019-02-11 06:50:00-07,-77.0670426,38.9143851
SkipDC-352897091433063,"",2019-02-11 06:49:55-07,SkipDC,electric-scooter,2019-02-11 06:50:00-07,-77.0547739,38.9106335
SkipDC-352897091406242,"",2019-02-11 06:49:55-07,SkipDC,electric-scooter,2019-02-11 06:50:00-07,-77.0531983,38.9105883
JumpDC-bike_23178,JUMP DC-2487,2019-02-11 06:49:31-07,JumpDC,pedal-assist-bike,2019-02-11 06:50:00-07,-77.048725,38.9099216666667
SkipDC-352897091327224,"",2019-02-11 06:49:55-07,SkipDC,electric-scooter,2019-02-11 06:50:00-07,-77.0456583,38.9121917
SkipDC-352897091333529,"",2019-02-11 06:49:55-07,SkipDC,electric-scooter,2019-02-11 06:50:00-07,-77.0424533,38.91328
SkipDC-352897091356082,"",2019-02-11 06:49:55-07,SkipDC,electric-scooter,2019-02-11 06:50:00-07,-77.0423117,38.9133783
SkipDC-352897091380009,"",2019-02-11 06:49:55-07,SkipDC,electric-scooter,2019-02-11 06:50:00-07,-77.0366317,38.9179317
SkipDC-352897090507545,"",2019-02-11 06:49:55-07,SkipDC,electric-scooter,2019-02-11 06:50:00-07,-77.0366333,38.9157547
SkipDC-352897091384480,"",2019-02-11 06:49:55-07,SkipDC,electric-scooter,2019-02-11 06:50:00-07,-77.0395217,38.9178567
SkipDC-352897091303001,"",2019-02-11 06:49:55-07,SkipDC,electric-scooter,2019-02-11 06:50:00-07,-77.038995,38.918115
JumpDC-bike_18898,JUMP DC-0777 ,2019-02-11 06:49:31-07,JumpDC,pedal-assist-bike,2019-02-11 06:50:00-07,-77.03755,38.9169866666667
SkipDC-352897091436140,"",2019-02-11 06:49:55-07,SkipDC,electric-scooter,2019-02-11 06:50:00-07,-77.0366783,38.9165683
JumpDC-bike_18896,JUMP DC-0775,2019-02-11 06:49:31-07,JumpDC,pedal-assist-bike,2019-02-11 06:50:00-07,-77.037555,38.916975
SkipDC-352897091276868,"",2019-02-11 06:49:55-07,SkipDC,electric-scooter,2019-02-11 06:50:00-07,-77.0314989,38.9181209
SkipDC-352897091291487,"",2019-02-11 06:49:55-07,SkipDC,electric-scooter,2019-02-11 06:50:00-07,-77.0294767,38.9154467
SkipDC-352897091428683,"",2019-02-11 06:49:55-07,SkipDC,electric-scooter,2019-02-11 06:50:00-07,-77.0298267,38.9171967
SkipDC-352897091327562,"",2019-02-11 06:49:55-07,SkipDC,electric-scooter,2019-02-11 06:50:00-07,-77.0325633,38.9154583
SkipDC-352897091336043,"",2019-02-11 06:49:55-07,SkipDC,electric-scooter,2019-02-11 06:50:00-07,-77.0324529,38.9156677
SkipDC-352897091438120,"",2019-02-11 06:49:55-07,SkipDC,electric-scooter,2019-02-11 06:50:00-07,-77.0318233,38.9156883
SkipDC-352897091369101,"",2019-02-11 06:49:55-07,SkipDC,electric-scooter,2019-02-11 06:50:00-07,-77.03064,38.9171567
JumpDC-bike_23642,JUMP DC-2677,2019-02-11 06:49:31-07,JumpDC,pedal-assist-bike,2019-02-11 06:50:00-07,-77.02472,38.917095
SkipDC-352897091287683,"",2019-02-11 06:49:55-07,SkipDC,electric-scooter,2019-02-11 06:50:00-07,-77.0239217,38.91517
JumpDC-bike_16523,JUMP DC-0167,2019-02-11 06:49:31-07,JumpDC,pedal-assist-bike,2019-02-11 06:50:00-07,-77.02896,38.916955
JumpDC-bike_23414,JUMP DC-2549,2019-02-11 06:49:31-07,JumpDC,pedal-assist-bike,2019-02-11 06:50:00-07,-77.0243,38.91694
JumpDC-bike_23677,JUMP DC-2712,2019-02-11 06:49:31-07,JumpDC,pedal-assist-bike,2019-02-11 06:50:00-07,-77.026355,38.9169833333333
JumpDC-bike_18826,JUMP DC-0703,2019-02-11 06:49:31-07,JumpDC,pedal-assist-bike,2019-02-11 06:50:00-07,-77.0267033333333,38.916955
JumpDC-bike_18878,JUMP DC-0837,2019-02-11 06:49:31-07,JumpDC,pedal-assist-bike,2019-02-11 06:50:00-07,-77.0289933333333,38.9168566666667
JumpDC-bike_16532,JUMP DC-0223,2019-02-11 06:49:31-07,JumpDC,pedal-assist-bike,2019-02-11 06:50:00-07,-77.02897,38.9168633333333
SkipDC-352897091462385,"",2019-02-11 06:49:55-07,SkipDC,electric-scooter,2019-02-11 06:50:00-07,-77.0281033,38.9171633
JumpDC-bike_23684,JUMP DC-2719,2019-02-11 06:49:31-07,JumpDC,pedal-assist-bike,2019-02-11 06:50:00-07,-77.0242933333333,38.9169516666667
JumpDC-bike_23711,JUMP DC-2746,2019-02-11 06:49:31-07,JumpDC,pedal-assist-bike,2019-02-11 06:50:00-07,-77.0276433333333,38.917105
SkipDC-352897091300445,"",2019-02-11 06:49:55-07,SkipDC,electric-scooter,2019-02-11 06:50:00-07,-77.0231093,38.916625
SkipDC-352897091382922,"",2019-02-11 06:49:55-07,SkipDC,electric-scooter,2019-02-11 06:50:00-07,-77.0230633,38.9159633
SkipDC-352897091406549,"",2019-02-11 06:49:55-07,SkipDC,electric-scooter,2019-02-11 06:50:00-07,-77.0126205,38.9157023
JumpDC-bike_23490,JUMP DC-2625,2019-02-11 06:49:31-07,JumpDC,pedal-assist-bike,2019-02-11 06:50:00-07,-77.014285,38.914645
JumpDC-bike_23207,JUMP DC-2516,2019-02-11 06:49:31-07,JumpDC,pedal-assist-bike,2019-02-11 06:50:00-07,-77.0127216666667,38.915645
SkipDC-352897091386865,"",2019-02-11 06:49:55-07,SkipDC,electric-scooter,2019-02-11 06:50:00-07,-77.0126892,38.9157045
SkipDC-352897091268089,"",2019-02-11 06:49:55-07,SkipDC,electric-scooter,2019-02-11 06:50:00-07,-77.00903,38.914415
SkipDC-352897091329287,"",2019-02-11 06:49:55-07,SkipDC,electric-scooter,2019-02-11 06:50:00-07,-77.08105,38.9257717
SkipDC-352897091331622,"",2019-02-11 06:49:55-07,SkipDC,electric-scooter,2019-02-11 06:50:00-07,-77.0733833,38.9259933
SkipDC-352897091435985,"",2019-02-11 06:49:55-07,SkipDC,electric-scooter,2019-02-11 06:50:00-07,-77.0699933,38.9256833
SkipDC-352897091293723,"",2019-02-11 06:49:55-07,SkipDC,electric-scooter,2019-02-11 06:50:00-07,-77.0699458,38.925673
SkipDC-352897091279466,"",2019-02-11 06:49:55-07,SkipDC,electric-scooter,2019-02-11 06:50:00-07,-77.0697058,38.9260078
JumpDC-bike_23499,JUMP DC-2634 ,2019-02-11 06:49:31-07,JumpDC,pedal-assist-bike,2019-02-11 06:50:00-07,-77.0570183333333,38.9260666666667
JumpDC-bike_23164,JUMP DC-2473,2019-02-11 06:49:31-07,JumpDC,pedal-assist-bike,2019-02-11 06:50:00-07,-77.0414616666667,38.9236183333333
JumpDC-bike_18906,JUMP DC-0785,2019-02-11 06:49:31-07,JumpDC,pedal-assist-bike,2019-02-11 06:50:00-07,-77.0414633333333,38.9235683333333
JumpDC-bike_18858,JUMP DC-0817,2019-02-11 06:49:31-07,JumpDC,pedal-assist-bike,2019-02-11 06:50:00-07,-77.0414616666667,38.9236216666667
JumpDC-bike_18851,JUMP DC-0696 (Dummy Controller),2019-02-11 06:49:31-07,JumpDC,pedal-assist-bike,2019-02-11 06:50:00-07,-77.0364666666667,38.9275233333333
JumpDC-bike_23203,JUMP DC-2512,2019-02-11 06:49:31-07,JumpDC,pedal-assist-bike,2019-02-11 06:50:00-07,-77.0362183333333,38.923955
JumpDC-bike_23185,JUMP DC-2494,2019-02-11 06:49:31-07,JumpDC,pedal-assist-bike,2019-02-11 06:50:00-07,-77.0321183333333,38.925235
JumpDC-bike_23183,JUMP DC-2492,2019-02-11 06:49:31-07,JumpDC,pedal-assist-bike,2019-02-11 06:50:00-07,-77.0297816666667,38.9256216666667
JumpDC-bike_18845,JUMP DC-0722,2019-02-11 06:49:31-07,JumpDC,pedal-assist-bike,2019-02-11 06:50:00-07,-77.0257533333333,38.9269316666667
JumpDC-bike_23221,JUMP DC-2530,2019-02-11 06:49:31-07,JumpDC,pedal-assist-bike,2019-02-11 06:50:00-07,-77.0238783333333,38.9260916666667
JumpDC-bike_23697,JUMP DC-2732,2019-02-11 06:49:31-07,JumpDC,pedal-assist-bike,2019-02-11 06:50:00-07,-77.0237716666667,38.92502
JumpDC-bike_23473,JUMP DC-2608,2019-02-11 06:49:31-07,JumpDC,pedal-assist-bike,2019-02-11 06:50:00-07,-77.0292083333333,38.9236633333333
SkipDC-352897091390123,"",2019-02-11 06:49:55-07,SkipDC,electric-scooter,2019-02-11 06:50:00-07,-77.02159,38.925025
SkipDC-352897091427503,"",2019-02-11 06:49:55-07,SkipDC,electric-scooter,2019-02-11 06:50:00-07,-77.0230585,38.9274374
SkipDC-352897091458029,"",2019-02-11 06:49:55-07,SkipDC,electric-scooter,2019-02-11 06:50:00-07,-76.9992583,38.924655
SkipDC-352897091387921,"",2019-02-11 06:49:55-07,SkipDC,electric-scooter,2019-02-11 06:50:00-07,-76.9933696,38.924208
JumpDC-bike_23210,JUMP DC-2519,2019-02-11 06:49:31-07,JumpDC,pedal-assist-bike,2019-02-11 06:50:00-07,-76.9712416666667,38.9242833333333
SkipDC-352897091435126,"",2019-02-11 06:49:55-07,SkipDC,electric-scooter,2019-02-11 06:50:00-07,-77.0437098,38.9326059
JumpDC-bike_16631,JUMP DC-0222,2019-02-11 06:49:31-07,JumpDC,pedal-assist-bike,2019-02-11 06:50:00-07,-77.0412316666667,38.9336233333333
SkipDC-352897091463003,"",2019-02-11 06:49:55-07,SkipDC,electric-scooter,2019-02-11 06:50:00-07,-77.0324817,38.93658
SkipDC-352897091279565,"",2019-02-11 06:49:55-07,SkipDC,electric-scooter,2019-02-11 06:50:00-07,-77.0321583,38.9332847
SkipDC-352897091448061,"",2019-02-11 06:49:55-07,SkipDC,electric-scooter,2019-02-11 06:50:00-07,-77.0346118,38.9358735
SkipDC-352897091457146,"",2019-02-11 06:49:55-07,SkipDC,electric-scooter,2019-02-11 06:50:00-07,-77.0327743,38.9356377
SkipDC-352897091306301,"",2019-02-11 06:49:55-07,SkipDC,electric-scooter,2019-02-11 06:50:00-07,-77.0285872,38.9327479
SkipDC-352897091338403,"",2019-02-11 06:49:55-07,SkipDC,electric-scooter,2019-02-11 06:50:00-07,-77.0251224,38.9341427
JumpDC-bike_18862,JUMP DC-0821,2019-02-11 06:49:31-07,JumpDC,pedal-assist-bike,2019-02-11 06:50:00-07,-77.01783,38.936445
SkipDC-352897091273949,"",2019-02-11 06:49:55-07,SkipDC,electric-scooter,2019-02-11 06:50:00-07,-76.9951583,38.933865
SkipDC-352897091278229,"",2019-02-11 06:49:55-07,SkipDC,electric-scooter,2019-02-11 06:50:00-07,-77.0890894,38.9413209
SkipDC-352897091356587,"",2019-02-11 06:49:55-07,SkipDC,electric-scooter,2019-02-11 06:50:00-07,-77.0846862,38.9382226
SkipDC-352897091380140,"",2019-02-11 06:49:55-07,SkipDC,electric-scooter,2019-02-11 06:50:00-07,-77.0557033,38.9370167
SkipDC-352897091459829,"",2019-02-11 06:49:55-07,SkipDC,electric-scooter,2019-02-11 06:50:00-07,-77.0329248,38.9386297
SkipDC-352897091284706,"",2019-02-11 06:49:55-07,SkipDC,electric-scooter,2019-02-11 06:50:00-07,-77.0301117,38.939795
SkipDC-352897091342942,"",2019-02-11 06:49:55-07,SkipDC,electric-scooter,2019-02-11 06:50:00-07,-77.03022,38.939845
SkipDC-352897091387822,"",2019-02-11 06:49:55-07,SkipDC,electric-scooter,2019-02-11 06:50:00-07,-77.0246242,38.9381013
SkipDC-352897091397946,"",2019-02-11 06:49:55-07,SkipDC,electric-scooter,2019-02-11 06:50:00-07,-77.0246858,38.9384694
SkipDC-352897091385941,"",2019-02-11 06:49:55-07,SkipDC,electric-scooter,2019-02-11 06:50:00-07,-77.024865,38.939065
SkipDC-352897091339260,"",2019-02-11 06:49:55-07,SkipDC,electric-scooter,2019-02-11 06:50:00-07,-77.0246833,38.939725
JumpDC-bike_23629,JUMP DC-2664,2019-02-11 06:49:31-07,JumpDC,pedal-assist-bike,2019-02-11 06:50:00-07,-77.0270833333333,38.937565
SkipDC-352897091433568,"",2019-02-11 06:49:55-07,SkipDC,electric-scooter,2019-02-11 06:50:00-07,-77.0185467,38.9400367
SkipDC-352897091455744,"",2019-02-11 06:49:55-07,SkipDC,electric-scooter,2019-02-11 06:50:00-07,-77.0033183,38.94088
SkipDC-352897091461502,"",2019-02-11 06:49:55-07,SkipDC,electric-scooter,2019-02-11 06:50:00-07,-76.9981783,38.9393417
SkipDC-352897091279326,"",2019-02-11 06:49:55-07,SkipDC,electric-scooter,2019-02-11 06:50:00-07,-77.07658,38.94247
SkipDC-352897090571723,"",2019-02-11 06:49:55-07,SkipDC,electric-scooter,2019-02-11 06:50:00-07,-77.076515,38.942495
SkipDC-352897091451560,"",2019-02-11 06:49:55-07,SkipDC,electric-scooter,2019-02-11 06:50:00-07,-77.0769127,38.9455135
SkipDC-352897091431869,"",2019-02-11 06:49:55-07,SkipDC,electric-scooter,2019-02-11 06:50:00-07,-77.0369645,38.9450969
SkipDC-352897091358021,"",2019-02-11 06:49:55-07,SkipDC,electric-scooter,2019-02-11 06:50:00-07,-77.0363667,38.9449133
SkipDC-352897091286842,"",2019-02-11 06:34:54-07,SkipDC,electric-scooter,2019-02-11 06:35:00-07,-77.0512175,38.9071973
JumpDC-bike_23694,JUMP DC-2729,2019-02-11 06:34:30-07,JumpDC,pedal-assist-bike,2019-02-11 06:35:00-07,-77.046205,38.9086216666667
SkipDC-352897091383243,"",2019-02-11 06:34:54-07,SkipDC,electric-scooter,2019-02-11 06:35:00-07,-77.0427108,38.9064225
SkipDC-352897091274764,"",2019-02-11 06:34:54-07,SkipDC,electric-scooter,2019-02-11 06:35:00-07,-77.0410383,38.9069183
SkipDC-352897091301005,"",2019-02-11 06:34:54-07,SkipDC,electric-scooter,2019-02-11 06:35:00-07,-77.0397467,38.9091483
SkipDC-352897090563944,"",2019-02-11 06:34:54-07,SkipDC,electric-scooter,2019-02-11 06:35:00-07,-77.0385567,38.9087933
SkipDC-352897091277304,"",2019-02-11 06:34:54-07,SkipDC,electric-scooter,2019-02-11 06:35:00-07,-77.0345667,38.90663
SkipDC-352897091305527,"",2019-02-11 06:34:54-07,SkipDC,electric-scooter,2019-02-11 06:35:00-07,-77.0308183,38.907575
SkipDC-352897091359383,"",2019-02-11 06:34:54-07,SkipDC,electric-scooter,2019-02-11 06:35:00-07,-77.0298883,38.905755
SkipDC-352897091304926,"",2019-02-11 06:34:54-07,SkipDC,electric-scooter,2019-02-11 06:35:00-07,-77.0319838,38.9093291
SkipDC-352897091356645,"",2019-02-11 06:34:54-07,SkipDC,electric-scooter,2019-02-11 06:35:00-07,-77.0260408,38.905877
SkipDC-352897091388085,"",2019-02-11 06:34:54-07,SkipDC,electric-scooter,2019-02-11 06:35:00-07,-77.021815,38.9066783
SkipDC-352897091435449,"",2019-02-11 06:34:54-07,SkipDC,electric-scooter,2019-02-11 06:35:00-07,-77.0133608,38.9058442
SkipDC-352897091268329,"",2019-02-11 06:34:54-07,SkipDC,electric-scooter,2019-02-11 06:35:00-07,-77.0121497,38.9069345
SkipDC-352897091296544,"",2019-02-11 06:34:54-07,SkipDC,electric-scooter,2019-02-11 06:35:00-07,-77.0089317,38.906405
SkipDC-352897091273048,"",2019-02-11 06:34:54-07,SkipDC,electric-scooter,2019-02-11 06:35:00-07,-77.0084083,38.9061117
SkipDC-352897091339369,"",2019-02-11 06:34:54-07,SkipDC,electric-scooter,2019-02-11 06:35:00-07,-76.9988077,38.9065589
SkipDC-352897091451487,"",2019-02-11 06:34:54-07,SkipDC,electric-scooter,2019-02-11 06:35:00-07,-76.9980648,38.9082206
SkipDC-352897090452023,"",2019-02-11 06:34:54-07,SkipDC,electric-scooter,2019-02-11 06:35:00-07,-76.99272,38.9090533
SkipDC-352897091300627,"",2019-02-11 06:34:54-07,SkipDC,electric-scooter,2019-02-11 06:35:00-07,-76.9926514,38.9090347
SkipDC-352897091457021,"",2019-02-11 06:34:54-07,SkipDC,electric-scooter,2019-02-11 06:35:00-07,-76.988439,38.907565
SkipDC-352897091448244,"",2019-02-11 06:34:54-07,SkipDC,electric-scooter,2019-02-11 06:35:00-07,-76.9837979,38.9097345
SkipDC-352897091316342,"",2019-02-11 06:34:54-07,SkipDC,electric-scooter,2019-02-11 06:35:00-07,-77.0100898,38.9112283
SkipDC-352897091320666,"",2019-02-11 06:34:54-07,SkipDC,electric-scooter,2019-02-11 06:35:00-07,-77.0053879,38.9130583
SkipDC-352897090523369,"",2019-02-11 06:34:54-07,SkipDC,electric-scooter,2019-02-11 06:35:00-07,-77.0454723,38.9145634
SkipDC-352897091325582,"",2019-02-11 06:34:54-07,SkipDC,electric-scooter,2019-02-11 06:35:00-07,-77.0425938,38.9177705
JumpDC-bike_16500,JUMP DC-0187,2019-02-11 06:34:30-07,JumpDC,pedal-assist-bike,2019-02-11 06:35:00-07,-77.042225,38.9178883333333
JumpDC-bike_23667,JUMP DC-2702,2019-02-11 06:34:30-07,JumpDC,pedal-assist-bike,2019-02-11 06:35:00-07,-77.0449933333333,38.9186833333333
SkipDC-352897091384480,"",2019-02-11 06:34:54-07,SkipDC,electric-scooter,2019-02-11 06:35:00-07,-77.0396367,38.917835
SkipDC-352897091303001,"",2019-02-11 06:34:54-07,SkipDC,electric-scooter,2019-02-11 06:35:00-07,-77.0391367,38.9181883
SkipDC-352897091462906,"",2019-02-11 06:34:54-07,SkipDC,electric-scooter,2019-02-11 06:35:00-07,-77.036605,38.916745
JumpDC-bike_18898,JUMP DC-0777 ,2019-02-11 06:34:30-07,JumpDC,pedal-assist-bike,2019-02-11 06:35:00-07,-77.03755,38.9169866666667
SkipDC-352897090507545,"",2019-02-11 06:34:54-07,SkipDC,electric-scooter,2019-02-11 06:35:00-07,-77.036675,38.915795
SkipDC-352897091436140,"",2019-02-11 06:34:54-07,SkipDC,electric-scooter,2019-02-11 06:35:00-07,-77.0364586,38.9165825
SkipDC-352897091321268,"",2019-02-11 06:34:54-07,SkipDC,electric-scooter,2019-02-11 06:35:00-07,-77.03669,38.9167733
SkipDC-352897091380009,"",2019-02-11 06:34:54-07,SkipDC,electric-scooter,2019-02-11 06:35:00-07,-77.0366317,38.9179317
JumpDC-bike_18896,JUMP DC-0775,2019-02-11 06:34:30-07,JumpDC,pedal-assist-bike,2019-02-11 06:35:00-07,-77.037555,38.916975
SkipDC-352897091327562,"",2019-02-11 06:34:54-07,SkipDC,electric-scooter,2019-02-11 06:35:00-07,-77.0325633,38.9154583
SkipDC-352897091336043,"",2019-02-11 06:34:54-07,SkipDC,electric-scooter,2019-02-11 06:35:00-07,-77.0324465,38.9156685
SkipDC-352897091438120,"",2019-02-11 06:34:54-07,SkipDC,electric-scooter,2019-02-11 06:35:00-07,-77.03193,38.9157267
SkipDC-352897091369101,"",2019-02-11 06:34:54-07,SkipDC,electric-scooter,2019-02-11 06:35:00-07,-77.03064,38.9171567
SkipDC-352897091276868,"",2019-02-11 06:34:54-07,SkipDC,electric-scooter,2019-02-11 06:35:00-07,-77.0315349,38.9181392
SkipDC-352897091291487,"",2019-02-11 06:34:54-07,SkipDC,electric-scooter,2019-02-11 06:35:00-07,-77.0294833,38.9154083
SkipDC-352897091428683,"",2019-02-11 06:34:54-07,SkipDC,electric-scooter,2019-02-11 06:35:00-07,-77.029975,38.9171033
JumpDC-bike_18878,JUMP DC-0837,2019-02-11 06:34:30-07,JumpDC,pedal-assist-bike,2019-02-11 06:35:00-07,-77.0289933333333,38.9168566666667
JumpDC-bike_16532,JUMP DC-0223,2019-02-11 06:34:30-07,JumpDC,pedal-assist-bike,2019-02-11 06:35:00-07,-77.02897,38.9168633333333
JumpDC-bike_23711,JUMP DC-2746,2019-02-11 06:34:30-07,JumpDC,pedal-assist-bike,2019-02-11 06:35:00-07,-77.0276433333333,38.917105
JumpDC-bike_18826,JUMP DC-0703,2019-02-11 06:34:30-07,JumpDC,pedal-assist-bike,2019-02-11 06:35:00-07,-77.0267033333333,38.916955
JumpDC-bike_23642,JUMP DC-2677,2019-02-11 06:34:30-07,JumpDC,pedal-assist-bike,2019-02-11 06:35:00-07,-77.02472,38.917095
SkipDC-352897091462385,"",2019-02-11 06:34:54-07,SkipDC,electric-scooter,2019-02-11 06:35:00-07,-77.0279417,38.9172517
SkipDC-352897091287683,"",2019-02-11 06:34:54-07,SkipDC,electric-scooter,2019-02-11 06:35:00-07,-77.0240317,38.9153283
JumpDC-bike_23513,JUMP DC-2648,2019-02-11 06:34:30-07,JumpDC,pedal-assist-bike,2019-02-11 06:35:00-07,-77.0438683333333,38.920595
JumpDC-bike_23165,JUMP DC-2474,2019-02-11 06:34:30-07,JumpDC,pedal-assist-bike,2019-02-11 06:35:00-07,-77.041465,38.9229883333333
SkipDC-352897091328909,"",2019-02-11 06:34:54-07,SkipDC,electric-scooter,2019-02-11 06:35:00-07,-77.0364083,38.9199467
JumpDC-bike_23457,JUMP DC-2592,2019-02-11 06:34:30-07,JumpDC,pedal-assist-bike,2019-02-11 06:35:00-07,-77.0401083333333,38.92182
SkipDC-352897091451883,"",2019-02-11 06:34:54-07,SkipDC,electric-scooter,2019-02-11 06:35:00-07,-77.0351,38.9220217
JumpDC-bike_16495,JUMP DC-0182,2019-02-11 06:34:30-07,JumpDC,pedal-assist-bike,2019-02-11 06:35:00-07,-77.0333333333333,38.9216
SkipDC-352897091274020,"",2019-02-11 06:34:54-07,SkipDC,electric-scooter,2019-02-11 06:35:00-07,-77.032605,38.9191467
SkipDC-352897091382120,"",2019-02-11 06:34:54-07,SkipDC,electric-scooter,2019-02-11 06:35:00-07,-77.0258208,38.9193194
SkipDC-352897091398266,"",2019-02-11 06:34:54-07,SkipDC,electric-scooter,2019-02-11 06:35:00-07,-77.0279917,38.922925
SkipDC-352897091272289,"",2019-02-11 06:34:54-07,SkipDC,electric-scooter,2019-02-11 06:35:00-07,-77.0243486,38.9203462
SkipDC-352897091431224,"",2019-02-11 06:34:54-07,SkipDC,electric-scooter,2019-02-11 06:35:00-07,-77.0116317,38.9213367
SkipDC-352897091329287,"",2019-02-11 06:34:54-07,SkipDC,electric-scooter,2019-02-11 06:35:00-07,-77.08105,38.9257717
SkipDC-352897091331622,"",2019-02-11 06:34:54-07,SkipDC,electric-scooter,2019-02-11 06:35:00-07,-77.0732225,38.9261824
SkipDC-352897091435985,"",2019-02-11 06:34:54-07,SkipDC,electric-scooter,2019-02-11 06:35:00-07,-77.06993,38.9256517
SkipDC-352897091293723,"",2019-02-11 06:34:54-07,SkipDC,electric-scooter,2019-02-11 06:35:00-07,-77.0698267,38.9256633
SkipDC-352897091279466,"",2019-02-11 06:34:54-07,SkipDC,electric-scooter,2019-02-11 06:35:00-07,-77.0698433,38.925835
JumpDC-bike_23499,JUMP DC-2634 ,2019-02-11 06:34:30-07,JumpDC,pedal-assist-bike,2019-02-11 06:35:00-07,-77.0570183333333,38.9260666666667
JumpDC-bike_23164,JUMP DC-2473,2019-02-11 06:34:30-07,JumpDC,pedal-assist-bike,2019-02-11 06:35:00-07,-77.0414616666667,38.9236183333333
JumpDC-bike_18906,JUMP DC-0785,2019-02-11 06:34:30-07,JumpDC,pedal-assist-bike,2019-02-11 06:35:00-07,-77.0414633333333,38.9235683333333
JumpDC-bike_18858,JUMP DC-0817,2019-02-11 06:34:30-07,JumpDC,pedal-assist-bike,2019-02-11 06:35:00-07,-77.0414616666667,38.9236216666667
JumpDC-bike_18851,JUMP DC-0696 (Dummy Controller),2019-02-11 06:34:30-07,JumpDC,pedal-assist-bike,2019-02-11 06:35:00-07,-77.0364666666667,38.9275233333333
JumpDC-bike_23203,JUMP DC-2512,2019-02-11 06:34:30-07,JumpDC,pedal-assist-bike,2019-02-11 06:35:00-07,-77.0362183333333,38.923955
JumpDC-bike_23185,JUMP DC-2494,2019-02-11 06:34:30-07,JumpDC,pedal-assist-bike,2019-02-11 06:35:00-07,-77.0321183333333,38.925235
JumpDC-bike_23183,JUMP DC-2492,2019-02-11 06:34:30-07,JumpDC,pedal-assist-bike,2019-02-11 06:35:00-07,-77.0297816666667,38.9256216666667
SkipDC-352897091290646,"",2019-02-11 06:34:54-07,SkipDC,electric-scooter,2019-02-11 06:35:00-07,-76.9993063,38.9321545
SkipDC-352897091306087,"",2019-02-11 06:34:54-07,SkipDC,electric-scooter,2019-02-11 06:35:00-07,-76.9974816,38.9323192
SkipDC-352897091339625,"",2019-02-11 06:34:54-07,SkipDC,electric-scooter,2019-02-11 06:35:00-07,-77.0867717,38.9359533
SkipDC-352897091310568,"",2019-02-11 06:34:54-07,SkipDC,electric-scooter,2019-02-11 06:35:00-07,-77.0742617,38.9359283
SkipDC-352897091398621,"",2019-02-11 06:34:54-07,SkipDC,electric-scooter,2019-02-11 06:35:00-07,-77.0577717,38.933955
SkipDC-352897091429103,"",2019-02-11 06:34:54-07,SkipDC,electric-scooter,2019-02-11 06:35:00-07,-77.058105,38.9354933
JumpDC-bike_23649,JUMP DC-2684,2019-02-11 06:34:30-07,JumpDC,pedal-assist-bike,2019-02-11 06:35:00-07,-77.0585783333333,38.9361133333333
JumpDC-bike_23180,JUMP DC-2489,2019-02-11 06:34:30-07,JumpDC,pedal-assist-bike,2019-02-11 06:35:00-07,-77.0586,38.9360616666667
SkipDC-352897091435126,"",2019-02-11 06:34:54-07,SkipDC,electric-scooter,2019-02-11 06:35:00-07,-77.0436999,38.9325765
JumpDC-bike_16631,JUMP DC-0222,2019-02-11 06:34:30-07,JumpDC,pedal-assist-bike,2019-02-11 06:35:00-07,-77.0412316666667,38.9336233333333
SkipDC-352897091448061,"",2019-02-11 06:34:54-07,SkipDC,electric-scooter,2019-02-11 06:35:00-07,-77.0348133,38.93583
SkipDC-352897091457146,"",2019-02-11 06:34:54-07,SkipDC,electric-scooter,2019-02-11 06:35:00-07,-77.0327786,38.9356389
SkipDC-352897091463003,"",2019-02-11 06:34:54-07,SkipDC,electric-scooter,2019-02-11 06:35:00-07,-77.0327239,38.936815
SkipDC-352897091381742,"",2019-02-11 06:34:54-07,SkipDC,electric-scooter,2019-02-11 06:35:00-07,-77.0326317,38.9326367
SkipDC-352897091279565,"",2019-02-11 06:34:54-07,SkipDC,electric-scooter,2019-02-11 06:35:00-07,-77.0321583,38.9332847
SkipDC-352897091306301,"",2019-02-11 06:34:54-07,SkipDC,electric-scooter,2019-02-11 06:35:00-07,-77.0285792,38.9327581
SkipDC-352897091338403,"",2019-02-11 06:34:54-07,SkipDC,electric-scooter,2019-02-11 06:35:00-07,-77.0251109,38.934125
JumpDC-bike_18862,JUMP DC-0821,2019-02-11 06:34:30-07,JumpDC,pedal-assist-bike,2019-02-11 06:35:00-07,-77.01783,38.936445
SkipDC-352897091273949,"",2019-02-11 06:34:54-07,SkipDC,electric-scooter,2019-02-11 06:35:00-07,-76.99517,38.93386
SkipDC-352897091278229,"",2019-02-11 06:34:54-07,SkipDC,electric-scooter,2019-02-11 06:35:00-07,-77.0893567,38.9408883
SkipDC-352897091356587,"",2019-02-11 06:34:54-07,SkipDC,electric-scooter,2019-02-11 06:35:00-07,-77.0857653,38.9396272
SkipDC-352897091380140,"",2019-02-11 06:34:54-07,SkipDC,electric-scooter,2019-02-11 06:35:00-07,-77.05572,38.9371367
SkipDC-352897091459829,"",2019-02-11 06:34:54-07,SkipDC,electric-scooter,2019-02-11 06:35:00-07,-77.0328783,38.9386017
SkipDC-352897091284706,"",2019-02-11 06:34:54-07,SkipDC,electric-scooter,2019-02-11 06:35:00-07,-77.0301117,38.9397783
SkipDC-352897091342942,"",2019-02-11 06:34:54-07,SkipDC,electric-scooter,2019-02-11 06:35:00-07,-77.03022,38.939845
JumpDC-bike_23167,JUMP DC-2476,2019-02-11 06:34:30-07,JumpDC,pedal-assist-bike,2019-02-11 06:35:00-07,-77.00206,38.9533833333333
JumpDC-bike_23227,JUMP DC-2536,2019-02-11 06:34:30-07,JumpDC,pedal-assist-bike,2019-02-11 06:35:00-07,-77.0024,38.9524616666667
JumpDC-bike_23452,JUMP DC-2587,2019-02-11 06:34:30-07,JumpDC,pedal-assist-bike,2019-02-11 06:35:00-07,-76.999065,38.9589883333333
SkipDC-352897091288764,"",2019-02-11 06:34:54-07,SkipDC,electric-scooter,2019-02-11 06:35:00-07,-77.0857864,38.9613747
SkipDC-352897091383342,"",2019-02-11 06:34:54-07,SkipDC,electric-scooter,2019-02-11 06:35:00-07,-77.0296651,38.9595097
JumpDC-bike_18832,JUMP DC-0709,2019-02-11 06:49:31-07,JumpDC,pedal-assist-bike,2019-02-11 06:50:00-07,-76.9954966666667,38.8624
JumpDC-bike_18884,JUMP DC-0843,2019-02-11 06:49:31-07,JumpDC,pedal-assist-bike,2019-02-11 06:50:00-07,-76.9955333333333,38.8623533333333
SkipDC-352897091432321,"",2019-02-11 06:49:55-07,SkipDC,electric-scooter,2019-02-11 06:50:00-07,-76.9965271,38.8624914
SkipDC-352897091380108,"",2019-02-11 06:49:55-07,SkipDC,electric-scooter,2019-02-11 06:50:00-07,-76.9955483,38.8626317
SkipDC-352897091456122,"",2019-02-11 06:49:55-07,SkipDC,electric-scooter,2019-02-11 06:50:00-07,-76.9949028,38.8623944
JumpDC-bike_23149,JUMP DC-2458,2019-02-11 06:49:31-07,JumpDC,pedal-assist-bike,2019-02-11 06:50:00-07,-76.9955366666667,38.8623683333333
JumpDC-bike_81152,JUMP DC-2569,2019-02-11 06:49:31-07,JumpDC,pedal-assist-bike,2019-02-11 06:50:00-07,-76.9952033333333,38.8625633333333
JumpDC-bike_18930,JUMP DC-0809,2019-02-11 06:49:31-07,JumpDC,pedal-assist-bike,2019-02-11 06:50:00-07,-76.9897633333333,38.86458
JumpDC-bike_23651,JUMP DC-2686,2019-02-11 06:49:31-07,JumpDC,pedal-assist-bike,2019-02-11 06:50:00-07,-76.9773933333333,38.8647983333333
SkipDC-352897091427008,"",2019-02-11 06:49:55-07,SkipDC,electric-scooter,2019-02-11 06:50:00-07,-76.9867365,38.8671116
JumpDC-bike_23450,JUMP DC-2585,2019-02-11 06:49:31-07,JumpDC,pedal-assist-bike,2019-02-11 06:50:00-07,-76.9808616666667,38.868105
SkipDC-352897091431521,"",2019-02-11 06:49:55-07,SkipDC,electric-scooter,2019-02-11 06:50:00-07,-77.0138183,38.870625
JumpDC-bike_23639,JUMP DC-2674,2019-02-11 06:49:31-07,JumpDC,pedal-assist-bike,2019-02-11 06:50:00-07,-77.0067916666667,38.8714866666667
SkipDC-352897091272867,"",2019-02-11 06:49:55-07,SkipDC,electric-scooter,2019-02-11 06:50:00-07,-77.0005283,38.873585
SkipDC-352897091453541,"",2019-02-11 06:49:55-07,SkipDC,electric-scooter,2019-02-11 06:50:00-07,-76.9998717,38.8785183
SkipDC-352897091356124,"",2019-02-11 06:49:55-07,SkipDC,electric-scooter,2019-02-11 06:50:00-07,-76.9952952,38.8793522
SkipDC-352897091389703,"",2019-02-11 06:49:55-07,SkipDC,electric-scooter,2019-02-11 06:50:00-07,-76.9936833,38.880095
JumpDC-bike_16624,JUMP DC-0229,2019-02-11 06:49:31-07,JumpDC,pedal-assist-bike,2019-02-11 06:50:00-07,-76.9853183333333,38.8806416666667
SkipDC-352897091273907,"",2019-02-11 06:49:55-07,SkipDC,electric-scooter,2019-02-11 06:50:00-07,-77.0497683,38.88638
SkipDC-352897091279847,"",2019-02-11 06:49:55-07,SkipDC,electric-scooter,2019-02-11 06:50:00-07,-77.0198715,38.8860888
SkipDC-352897091437189,"",2019-02-11 06:49:55-07,SkipDC,electric-scooter,2019-02-11 06:50:00-07,-77.0192,38.886285
JumpDC-bike_23696,JUMP DC-2731,2019-02-11 06:49:31-07,JumpDC,pedal-assist-bike,2019-02-11 06:50:00-07,-77.01541,38.8857366666667
SkipDC-352897091298649,"",2019-02-11 06:49:55-07,SkipDC,electric-scooter,2019-02-11 06:50:00-07,-77.0165233,38.8847683
SkipDC-352897091406846,"",2019-02-11 06:49:55-07,SkipDC,electric-scooter,2019-02-11 06:50:00-07,-77.0096367,38.8864567
SkipDC-352897091463060,"",2019-02-11 06:49:55-07,SkipDC,electric-scooter,2019-02-11 06:50:00-07,-76.9954472,38.8838869
SkipDC-352897091352362,"",2019-02-11 06:49:55-07,SkipDC,electric-scooter,2019-02-11 06:50:00-07,-76.99594,38.884375
SkipDC-352897091406267,"",2019-02-11 06:49:55-07,SkipDC,electric-scooter,2019-02-11 06:50:00-07,-76.9957717,38.8859467
SkipDC-352897091398464,"",2019-02-11 06:49:55-07,SkipDC,electric-scooter,2019-02-11 06:50:00-07,-77.0209347,38.8880649
JumpDC-bike_23144,JUMP DC-2453,2019-02-11 06:49:31-07,JumpDC,pedal-assist-bike,2019-02-11 06:50:00-07,-77.0210966666667,38.88769
SkipDC-352897091451941,"",2019-02-11 06:49:55-07,SkipDC,electric-scooter,2019-02-11 06:50:00-07,-77.0020833,38.8891867
SkipDC-352897091329469,"",2019-02-11 06:49:55-07,SkipDC,electric-scooter,2019-02-11 06:50:00-07,-76.9958434,38.8877751
SkipDC-352897091408487,"",2019-02-11 06:49:55-07,SkipDC,electric-scooter,2019-02-11 06:50:00-07,-76.999685,38.8900349
JumpDC-bike_23424,JUMP DC-2559,2019-02-11 06:49:31-07,JumpDC,pedal-assist-bike,2019-02-11 06:50:00-07,-76.9914633333333,38.88982
JumpDC-bike_23152,JUMP DC-2461,2019-02-11 06:49:31-07,JumpDC,pedal-assist-bike,2019-02-11 06:50:00-07,-76.9914966666667,38.8899716666667
JumpDC-bike_23440,JUMP DC-2575,2019-02-11 06:49:31-07,JumpDC,pedal-assist-bike,2019-02-11 06:50:00-07,-76.9913633333333,38.8891566666667
JumpDC-bike_23617,JUMP DC-2652,2019-02-11 06:49:31-07,JumpDC,pedal-assist-bike,2019-02-11 06:50:00-07,-76.9914583333333,38.88964
JumpDC-bike_23419,JUMP DC-2554,2019-02-11 06:49:31-07,JumpDC,pedal-assist-bike,2019-02-11 06:50:00-07,-76.9881783333333,38.8898433333333
SkipDC-352897091358120,"",2019-02-11 06:49:55-07,SkipDC,electric-scooter,2019-02-11 06:50:00-07,-76.987765,38.8886083
SkipDC-352897091387681,"",2019-02-11 06:49:55-07,SkipDC,electric-scooter,2019-02-11 06:50:00-07,-76.987775,38.88867
SkipDC-352897091385586,"",2019-02-11 06:49:55-07,SkipDC,electric-scooter,2019-02-11 06:50:00-07,-76.9844367,38.8888383
SkipDC-352897091305949,"",2019-02-11 06:49:55-07,SkipDC,electric-scooter,2019-02-11 06:50:00-07,-76.9378955,38.8903894
SkipDC-352897091347065,"",2019-02-11 06:49:55-07,SkipDC,electric-scooter,2019-02-11 06:50:00-07,-76.9394533,38.8917533
JumpDC-bike_23157,JUMP DC-2466,2019-02-11 06:49:31-07,JumpDC,pedal-assist-bike,2019-02-11 06:50:00-07,-76.9338333333333,38.891755
SkipDC-352897091356348,"",2019-02-11 06:49:55-07,SkipDC,electric-scooter,2019-02-11 06:50:00-07,-77.0807848,38.8929058
SkipDC-352897091452246,"",2019-02-11 06:49:55-07,SkipDC,electric-scooter,2019-02-11 06:50:00-07,-77.0807858,38.8929181
SkipDC-352897091456866,"",2019-02-11 06:49:55-07,SkipDC,electric-scooter,2019-02-11 06:50:00-07,-77.0488417,38.89196
SkipDC-352897091302888,"",2019-02-11 06:49:55-07,SkipDC,electric-scooter,2019-02-11 06:50:00-07,-76.983845,38.89533
SkipDC-352897091358344,"",2019-02-11 06:49:55-07,SkipDC,electric-scooter,2019-02-11 06:50:00-07,-76.9827186,38.8963594
SkipDC-352897091346448,"",2019-02-11 06:49:55-07,SkipDC,electric-scooter,2019-02-11 06:50:00-07,-76.980145,38.893545
SkipDC-352897091292642,"",2019-02-11 06:49:55-07,SkipDC,electric-scooter,2019-02-11 06:50:00-07,-76.9493683,38.8955283
SkipDC-352897091358526,"",2019-02-11 06:49:55-07,SkipDC,electric-scooter,2019-02-11 06:50:00-07,-76.9486717,38.89552
SkipDC-352897091407067,"",2019-02-11 06:49:55-07,SkipDC,electric-scooter,2019-02-11 06:50:00-07,-76.9518372,38.8924407
SkipDC-352897091284540,"",2019-02-11 06:49:55-07,SkipDC,electric-scooter,2019-02-11 06:50:00-07,-76.9500495,38.8936428
SkipDC-352897091313786,"",2019-02-11 06:49:55-07,SkipDC,electric-scooter,2019-02-11 06:50:00-07,-77.0547727,38.9008766
SkipDC-352897091391469,"",2019-02-11 06:49:55-07,SkipDC,electric-scooter,2019-02-11 06:50:00-07,-77.0520102,38.897896
SkipDC-352897091461163,"",2019-02-11 06:49:55-07,SkipDC,electric-scooter,2019-02-11 06:50:00-07,-77.0519167,38.9004383
JumpDC-bike_23484,JUMP DC-2619,2019-02-11 06:49:31-07,JumpDC,pedal-assist-bike,2019-02-11 06:50:00-07,-77.050395,38.9008066666667
SkipDC-352897091301682,"",2019-02-11 06:49:55-07,SkipDC,electric-scooter,2019-02-11 06:50:00-07,-77.0416267,38.897425
SkipDC-352897091287485,"",2019-02-11 06:49:55-07,SkipDC,electric-scooter,2019-02-11 06:50:00-07,-77.0435,38.89651
SkipDC-352897091333263,"",2019-02-11 06:49:55-07,SkipDC,electric-scooter,2019-02-11 06:50:00-07,-77.0463605,38.8977624
SkipDC-352897091429046,"",2019-02-11 06:49:55-07,SkipDC,electric-scooter,2019-02-11 06:50:00-07,-77.0439817,38.89758
SkipDC-352897091406408,"",2019-02-11 06:49:55-07,SkipDC,electric-scooter,2019-02-11 06:50:00-07,-77.04401,38.8976967
SkipDC-352897091457484,"",2019-02-11 06:49:55-07,SkipDC,electric-scooter,2019-02-11 06:50:00-07,-77.0368831,38.9002185
SkipDC-352897091267628,"",2019-02-11 06:49:55-07,SkipDC,electric-scooter,2019-02-11 06:50:00-07,-77.0366617,38.9004717
SkipDC-352897091280381,"",2019-02-11 06:49:55-07,SkipDC,electric-scooter,2019-02-11 06:50:00-07,-77.0331349,38.8964435
SkipDC-352897091387889,"",2019-02-11 06:49:55-07,SkipDC,electric-scooter,2019-02-11 06:50:00-07,-77.0320883,38.8971833
JumpDC-bike_23624,JUMP DC-2659,2019-02-11 06:49:31-07,JumpDC,pedal-assist-bike,2019-02-11 06:50:00-07,-77.0098933333333,38.8991583333333
SkipDC-352897091306384,"",2019-02-11 06:49:55-07,SkipDC,electric-scooter,2019-02-11 06:50:00-07,-77.0104336,38.9008153
JumpDC-bike_23455,JUMP DC-2590,2019-02-11 06:49:31-07,JumpDC,pedal-assist-bike,2019-02-11 06:50:00-07,-77.0037833333333,38.8994316666667
JumpDC-bike_18850,JUMP DC-0690,2019-02-11 06:49:31-07,JumpDC,pedal-assist-bike,2019-02-11 06:50:00-07,-77.0036133333333,38.8993366666667
JumpDC-bike_23945,JUMP DC-2454,2019-02-11 06:49:31-07,JumpDC,pedal-assist-bike,2019-02-11 06:50:00-07,-77.0035633333333,38.89927
JumpDC-bike_23217,JUMP DC-2526,2019-02-11 06:49:31-07,JumpDC,pedal-assist-bike,2019-02-11 06:50:00-07,-77.0037833333333,38.8993283333333
JumpDC-bike_23678,JUMP DC-2713,2019-02-11 06:49:31-07,JumpDC,pedal-assist-bike,2019-02-11 06:50:00-07,-77.00354,38.899365
SkipDC-352897091437585,"",2019-02-11 06:49:55-07,SkipDC,electric-scooter,2019-02-11 06:50:00-07,-76.9949383,38.896845
SkipDC-352897091344807,"",2019-02-11 06:49:55-07,SkipDC,electric-scooter,2019-02-11 06:50:00-07,-76.9986683,38.9003083
SkipDC-352897091388408,"",2019-02-11 06:49:55-07,SkipDC,electric-scooter,2019-02-11 06:50:00-07,-76.9985217,38.9003367
SkipDC-352897091359326,"",2019-02-11 06:49:55-07,SkipDC,electric-scooter,2019-02-11 06:50:00-07,-76.9972683,38.9005183
SkipDC-352897090565709,"",2019-02-11 06:49:55-07,SkipDC,electric-scooter,2019-02-11 06:50:00-07,-76.9943673,38.9004601
SkipDC-352897091288681,"",2019-02-11 06:49:55-07,SkipDC,electric-scooter,2019-02-11 06:50:00-07,-76.989496,38.9007995
JumpDC-bike_23147,JUMP DC-2456,2019-02-11 06:49:31-07,JumpDC,pedal-assist-bike,2019-02-11 06:50:00-07,-76.9902016666667,38.900385
JumpDC-bike_23416,JUMP DC-2551,2019-02-11 06:49:31-07,JumpDC,pedal-assist-bike,2019-02-11 06:50:00-07,-76.99138,38.90001
SkipDC-352897091380223,"",2019-02-11 06:49:55-07,SkipDC,electric-scooter,2019-02-11 06:50:00-07,-76.9881983,38.8985433
SkipDC-352897091351042,"",2019-02-11 06:49:55-07,SkipDC,electric-scooter,2019-02-11 06:50:00-07,-76.9866367,38.897705
JumpDC-bike_23670,JUMP DC-2705,2019-02-11 06:49:31-07,JumpDC,pedal-assist-bike,2019-02-11 06:50:00-07,-76.9829883333333,38.9004
SkipDC-352897091338627,"",2019-02-11 06:49:55-07,SkipDC,electric-scooter,2019-02-11 06:50:00-07,-76.9823183,38.89735
JumpDC-bike_18825,JUMP DC-0702,2019-02-11 06:49:31-07,JumpDC,pedal-assist-bike,2019-02-11 06:50:00-07,-76.9714083333333,38.8976183333333
JumpDC-bike_23506,JUMP DC-2641,2019-02-11 06:49:31-07,JumpDC,pedal-assist-bike,2019-02-11 06:50:00-07,-76.9466516666667,38.89875
JumpDC-bike_23672,JUMP DC-2707,2019-02-11 06:49:31-07,JumpDC,pedal-assist-bike,2019-02-11 06:50:00-07,-76.9315233333333,38.899855
SkipDC-352897091313802,"",2019-02-11 06:49:55-07,SkipDC,electric-scooter,2019-02-11 06:50:00-07,-77.0703563,38.9052041
SkipDC-352897091388143,"",2019-02-11 06:49:55-07,SkipDC,electric-scooter,2019-02-11 06:50:00-07,-77.0703946,38.905272
SkipDC-352897091272602,"",2019-02-11 06:49:55-07,SkipDC,electric-scooter,2019-02-11 06:50:00-07,-77.024575,38.9009667
SkipDC-352897091350465,"",2019-02-11 06:49:55-07,SkipDC,electric-scooter,2019-02-11 06:50:00-07,-77.0276041,38.9039412
SkipDC-352897091306269,"",2019-02-11 06:49:55-07,SkipDC,electric-scooter,2019-02-11 06:50:00-07,-77.0193491,38.9016447
SkipDC-352897091289085,"",2019-02-11 06:49:55-07,SkipDC,electric-scooter,2019-02-11 06:50:00-07,-77.0188033,38.9038683
SkipDC-352897091457666,"",2019-02-11 06:49:55-07,SkipDC,electric-scooter,2019-02-11 06:50:00-07,-77.01809,38.90401
SkipDC-352897091430945,"",2019-02-11 06:49:55-07,SkipDC,electric-scooter,2019-02-11 06:50:00-07,-77.0148839,38.9037371
SkipDC-352897091272107,"",2019-02-11 06:49:55-07,SkipDC,electric-scooter,2019-02-11 06:50:00-07,-77.0114167,38.901375
SkipDC-352897091338825,"",2019-02-11 06:49:55-07,SkipDC,electric-scooter,2019-02-11 06:50:00-07,-77.0117463,38.9026283
SkipDC-352897091293608,"",2019-02-11 06:49:55-07,SkipDC,electric-scooter,2019-02-11 06:50:00-07,-77.0070467,38.9046633
JumpDC-bike_18908,JUMP DC-0787,2019-02-11 06:49:31-07,JumpDC,pedal-assist-bike,2019-02-11 06:50:00-07,-77.0076733333333,38.9038
JumpDC-bike_23665,JUMP DC-2700,2019-02-11 06:49:31-07,JumpDC,pedal-assist-bike,2019-02-11 06:50:00-07,-76.99597,38.9024433333333
JumpDC-bike_18849,JUMP DC-0694,2019-02-11 06:49:31-07,JumpDC,pedal-assist-bike,2019-02-11 06:50:00-07,-76.9985533333333,38.90378
JumpDC-bike_23466,JUMP DC-2601,2019-02-11 06:49:31-07,JumpDC,pedal-assist-bike,2019-02-11 06:50:00-07,-76.9765166666667,38.900915
JumpDC-bike_81150,JUMP DC-2501,2019-02-11 06:49:31-07,JumpDC,pedal-assist-bike,2019-02-11 06:50:00-07,-77.073355,38.9067316666667
JumpDC-bike_23618,JUMP DC-2653,2019-02-11 06:49:31-07,JumpDC,pedal-assist-bike,2019-02-11 06:50:00-07,-77.0533833333333,38.9060883333333
SkipDC-352897091286842,"",2019-02-11 06:49:55-07,SkipDC,electric-scooter,2019-02-11 06:50:00-07,-77.0512252,38.907204
SkipDC-352897091383243,"",2019-02-11 06:49:55-07,SkipDC,electric-scooter,2019-02-11 06:50:00-07,-77.0427057,38.9064237
SkipDC-352897091274764,"",2019-02-11 06:49:55-07,SkipDC,electric-scooter,2019-02-11 06:50:00-07,-77.041465,38.9067967
JumpDC-bike_23694,JUMP DC-2729,2019-02-11 06:49:31-07,JumpDC,pedal-assist-bike,2019-02-11 06:50:00-07,-77.046205,38.9086216666667
SkipDC-352897091301005,"",2019-02-11 06:49:55-07,SkipDC,electric-scooter,2019-02-11 06:50:00-07,-77.039685,38.9091217
SkipDC-352897090563944,"",2019-02-11 06:49:55-07,SkipDC,electric-scooter,2019-02-11 06:50:00-07,-77.0387367,38.9086633
SkipDC-352897091359383,"",2019-02-11 06:49:55-07,SkipDC,electric-scooter,2019-02-11 06:50:00-07,-77.0298649,38.9055828
SkipDC-352897091304926,"",2019-02-11 06:49:55-07,SkipDC,electric-scooter,2019-02-11 06:50:00-07,-77.032005,38.9093704
SkipDC-352897091433725,"",2019-02-11 06:49:55-07,SkipDC,electric-scooter,2019-02-11 06:50:00-07,-77.0456883,38.9135967
SkipDC-352897091358286,"",2019-02-11 06:49:55-07,SkipDC,electric-scooter,2019-02-11 06:50:00-07,-77.0437183,38.9140259
SkipDC-352897091430143,"",2019-02-11 06:49:55-07,SkipDC,electric-scooter,2019-02-11 06:50:00-07,-77.044025,38.9104045
SkipDC-352897090484364,"",2019-02-11 06:49:55-07,SkipDC,electric-scooter,2019-02-11 06:50:00-07,-77.045855,38.9126197
SkipDC-352897091384464,"",2019-02-11 06:49:55-07,SkipDC,electric-scooter,2019-02-11 06:50:00-07,-77.036575,38.91264
SkipDC-352897091388887,"",2019-02-11 06:49:55-07,SkipDC,electric-scooter,2019-02-11 06:50:00-07,-77.03981,38.9137083
SkipDC-352897091421969,"",2019-02-11 06:49:55-07,SkipDC,electric-scooter,2019-02-11 06:50:00-07,-77.0395083,38.9137967
SkipDC-352897091290109,"",2019-02-11 06:49:55-07,SkipDC,electric-scooter,2019-02-11 06:50:00-07,-77.0333854,38.9103803
SkipDC-352897091388341,"",2019-02-11 06:49:55-07,SkipDC,electric-scooter,2019-02-11 06:50:00-07,-77.0333001,38.9104036
SkipDC-352897091456783,"",2019-02-11 06:49:55-07,SkipDC,electric-scooter,2019-02-11 06:50:00-07,-77.0331417,38.910505
SkipDC-352897091433766,"",2019-02-11 06:49:55-07,SkipDC,electric-scooter,2019-02-11 06:50:00-07,-77.0330467,38.9128267
SkipDC-352897091460660,"",2019-02-11 06:49:55-07,SkipDC,electric-scooter,2019-02-11 06:50:00-07,-77.0279783,38.9122817
SkipDC-352897091457922,"",2019-02-11 06:49:55-07,SkipDC,electric-scooter,2019-02-11 06:50:00-07,-77.0227833,38.91263
SkipDC-352897091279904,"",2019-02-11 06:49:55-07,SkipDC,electric-scooter,2019-02-11 06:50:00-07,-77.0220767,38.91132
SkipDC-352897091297724,"",2019-02-11 06:49:55-07,SkipDC,electric-scooter,2019-02-11 06:50:00-07,-77.0210273,38.9114115
SkipDC-352897091316342,"",2019-02-11 06:49:55-07,SkipDC,electric-scooter,2019-02-11 06:50:00-07,-77.0101617,38.9111317
SkipDC-352897091320666,"",2019-02-11 06:49:55-07,SkipDC,electric-scooter,2019-02-11 06:50:00-07,-77.0059178,38.9131268
SkipDC-352897091325582,"",2019-02-11 06:49:55-07,SkipDC,electric-scooter,2019-02-11 06:50:00-07,-77.0425938,38.9177705
JumpDC-bike_16500,JUMP DC-0187,2019-02-11 06:49:31-07,JumpDC,pedal-assist-bike,2019-02-11 06:50:00-07,-77.042225,38.9178883333333
JumpDC-bike_23667,JUMP DC-2702,2019-02-11 06:49:31-07,JumpDC,pedal-assist-bike,2019-02-11 06:50:00-07,-77.0449933333333,38.9186833333333
SkipDC-352897090523369,"",2019-02-11 06:49:55-07,SkipDC,electric-scooter,2019-02-11 06:50:00-07,-77.0465933,38.9154117
SkipDC-352897091462906,"",2019-02-11 06:49:55-07,SkipDC,electric-scooter,2019-02-11 06:50:00-07,-77.0366083,38.916655
SkipDC-352897091321268,"",2019-02-11 06:49:55-07,SkipDC,electric-scooter,2019-02-11 06:50:00-07,-77.036515,38.9166783
SkipDC-352897091432867,"",2019-02-11 06:49:55-07,SkipDC,electric-scooter,2019-02-11 06:50:00-07,-77.009305,38.9170633
SkipDC-352897091456221,"",2019-02-11 06:49:55-07,SkipDC,electric-scooter,2019-02-11 06:50:00-07,-77.0070766,38.9176329
SkipDC-352897091288640,"",2019-02-11 06:49:55-07,SkipDC,electric-scooter,2019-02-11 06:50:00-07,-76.9822606,38.9154713
SkipDC-352897091453806,"",2019-02-11 06:49:55-07,SkipDC,electric-scooter,2019-02-11 06:50:00-07,-77.0472714,38.922469
SkipDC-352897091286784,"",2019-02-11 06:49:55-07,SkipDC,electric-scooter,2019-02-11 06:50:00-07,-77.044365,38.9205533
SkipDC-352897091272180,"",2019-02-11 06:49:55-07,SkipDC,electric-scooter,2019-02-11 06:50:00-07,-77.042115,38.92315
JumpDC-bike_23230,JUMP DC-2539 ,2019-02-11 06:49:31-07,JumpDC,pedal-assist-bike,2019-02-11 06:50:00-07,-77.04155,38.9192233333333
JumpDC-bike_23513,JUMP DC-2648,2019-02-11 06:49:31-07,JumpDC,pedal-assist-bike,2019-02-11 06:50:00-07,-77.0438683333333,38.920595
SkipDC-352897091332802,"",2019-02-11 06:49:55-07,SkipDC,electric-scooter,2019-02-11 06:50:00-07,-77.0455683,38.9215267
JumpDC-bike_16499,JUMP DC-0186,2019-02-11 06:49:31-07,JumpDC,pedal-assist-bike,2019-02-11 06:50:00-07,-77.0414683333333,38.9233916666667
JumpDC-bike_18823,JUMP DC-0700,2019-02-11 06:49:31-07,JumpDC,pedal-assist-bike,2019-02-11 06:50:00-07,-77.0418433333333,38.91989
JumpDC-bike_23165,JUMP DC-2474,2019-02-11 06:49:31-07,JumpDC,pedal-assist-bike,2019-02-11 06:50:00-07,-77.041465,38.9229883333333
SkipDC-352897091432164,"",2019-02-11 06:49:55-07,SkipDC,electric-scooter,2019-02-11 06:50:00-07,-77.0423576,38.9213529
SkipDC-352897091328909,"",2019-02-11 06:49:55-07,SkipDC,electric-scooter,2019-02-11 06:50:00-07,-77.0362993,38.9199775
JumpDC-bike_23457,JUMP DC-2592,2019-02-11 06:49:31-07,JumpDC,pedal-assist-bike,2019-02-11 06:50:00-07,-77.0401083333333,38.92182
SkipDC-352897091274020,"",2019-02-11 06:49:55-07,SkipDC,electric-scooter,2019-02-11 06:50:00-07,-77.0325983,38.9192767
SkipDC-352897091451883,"",2019-02-11 06:49:55-07,SkipDC,electric-scooter,2019-02-11 06:50:00-07,-77.0352237,38.9222418
JumpDC-bike_16495,JUMP DC-0182,2019-02-11 06:49:31-07,JumpDC,pedal-assist-bike,2019-02-11 06:50:00-07,-77.0333333333333,38.9216
SkipDC-352897091272289,"",2019-02-11 06:49:55-07,SkipDC,electric-scooter,2019-02-11 06:50:00-07,-77.0243426,38.9203519
SkipDC-352897091382120,"",2019-02-11 06:49:55-07,SkipDC,electric-scooter,2019-02-11 06:50:00-07,-77.025815,38.9193317
SkipDC-352897091398266,"",2019-02-11 06:49:55-07,SkipDC,electric-scooter,2019-02-11 06:50:00-07,-77.0280783,38.9229583
SkipDC-352897091431224,"",2019-02-11 06:49:55-07,SkipDC,electric-scooter,2019-02-11 06:50:00-07,-77.0115117,38.9212967
SkipDC-352897091299720,"",2019-02-11 06:49:55-07,SkipDC,electric-scooter,2019-02-11 06:50:00-07,-77.0412183,38.93098
SkipDC-352897091459787,"",2019-02-11 06:49:55-07,SkipDC,electric-scooter,2019-02-11 06:50:00-07,-77.0426991,38.9313694
JumpDC-bike_18848,JUMP DC-0693,2019-02-11 06:49:31-07,JumpDC,pedal-assist-bike,2019-02-11 06:50:00-07,-77.0385733333333,38.9313266666667
JumpDC-bike_23682,JUMP DC-2717,2019-02-11 06:49:31-07,JumpDC,pedal-assist-bike,2019-02-11 06:50:00-07,-77.0386633333333,38.930875
SkipDC-352897091287626,"",2019-02-11 06:49:55-07,SkipDC,electric-scooter,2019-02-11 06:50:00-07,-77.03616,38.9295567
SkipDC-352897091409105,"",2019-02-11 06:49:55-07,SkipDC,electric-scooter,2019-02-11 06:50:00-07,-77.0319567,38.930505
SkipDC-352897091381742,"",2019-02-11 06:49:55-07,SkipDC,electric-scooter,2019-02-11 06:50:00-07,-77.0321583,38.932322
SkipDC-352897091457781,"",2019-02-11 06:49:55-07,SkipDC,electric-scooter,2019-02-11 06:50:00-07,-77.03399,38.9308483
SkipDC-352897091288582,"",2019-02-11 06:49:55-07,SkipDC,electric-scooter,2019-02-11 06:50:00-07,-77.0339933,38.9308917
JumpDC-bike_23687,JUMP DC-2722,2019-02-11 06:49:31-07,JumpDC,pedal-assist-bike,2019-02-11 06:50:00-07,-77.024095,38.9310033333333
JumpDC-bike_23130,JUMP DC-0820,2019-02-11 06:49:31-07,JumpDC,pedal-assist-bike,2019-02-11 06:50:00-07,-77.006655,38.9296516666667
SkipDC-352897091320542,"",2019-02-11 06:49:55-07,SkipDC,electric-scooter,2019-02-11 06:50:00-07,-77.0052567,38.9289317
SkipDC-352897091389968,"",2019-02-11 06:49:55-07,SkipDC,electric-scooter,2019-02-11 06:50:00-07,-77.00526,38.9296083
SkipDC-352897091290646,"",2019-02-11 06:49:55-07,SkipDC,electric-scooter,2019-02-11 06:50:00-07,-76.9993783,38.9323683
SkipDC-352897091306087,"",2019-02-11 06:49:55-07,SkipDC,electric-scooter,2019-02-11 06:50:00-07,-76.9976518,38.9323905
SkipDC-352897091339625,"",2019-02-11 06:49:55-07,SkipDC,electric-scooter,2019-02-11 06:50:00-07,-77.0867717,38.9359533
SkipDC-352897091310568,"",2019-02-11 06:49:55-07,SkipDC,electric-scooter,2019-02-11 06:50:00-07,-77.07442,38.9358817
SkipDC-352897091398621,"",2019-02-11 06:49:55-07,SkipDC,electric-scooter,2019-02-11 06:50:00-07,-77.0577717,38.933955
SkipDC-352897091429103,"",2019-02-11 06:49:55-07,SkipDC,electric-scooter,2019-02-11 06:50:00-07,-77.0580867,38.935575
JumpDC-bike_23649,JUMP DC-2684,2019-02-11 06:49:31-07,JumpDC,pedal-assist-bike,2019-02-11 06:50:00-07,-77.0585783333333,38.9361133333333
JumpDC-bike_23180,JUMP DC-2489,2019-02-11 06:49:31-07,JumpDC,pedal-assist-bike,2019-02-11 06:50:00-07,-77.0586,38.9360616666667
SkipDC-352897091286446,"",2019-02-11 06:49:55-07,SkipDC,electric-scooter,2019-02-11 06:50:00-07,-77.0364765,38.9453216
SkipDC-352897091461429,"",2019-02-11 06:49:55-07,SkipDC,electric-scooter,2019-02-11 06:50:00-07,-77.0260433,38.9437833
SkipDC-352897091444185,"",2019-02-11 06:49:55-07,SkipDC,electric-scooter,2019-02-11 06:50:00-07,-77.020035,38.9434183
SkipDC-352897091268048,"",2019-02-11 06:49:55-07,SkipDC,electric-scooter,2019-02-11 06:50:00-07,-77.0234995,38.944152
SkipDC-352897090568729,"",2019-02-11 06:49:55-07,SkipDC,electric-scooter,2019-02-11 06:50:00-07,-77.0997896,38.9495229
SkipDC-352897091386220,"",2019-02-11 06:49:55-07,SkipDC,electric-scooter,2019-02-11 06:50:00-07,-77.0801309,38.9485551
SkipDC-352897091279342,"",2019-02-11 06:49:55-07,SkipDC,electric-scooter,2019-02-11 06:50:00-07,-77.0806817,38.9501233
SkipDC-352897091288905,"",2019-02-11 06:49:55-07,SkipDC,electric-scooter,2019-02-11 06:50:00-07,-77.072715,38.9480883
SkipDC-352897091294283,"",2019-02-11 06:49:55-07,SkipDC,electric-scooter,2019-02-11 06:50:00-07,-77.0712283,38.9471333
SkipDC-352897091293442,"",2019-02-11 06:49:55-07,SkipDC,electric-scooter,2019-02-11 06:50:00-07,-77.0656183,38.9476333
JumpDC-bike_23201,JUMP DC-2510,2019-02-11 06:49:31-07,JumpDC,pedal-assist-bike,2019-02-11 06:50:00-07,-77.0235516666667,38.9475383333333
SkipDC-352897091282247,"",2019-02-11 06:49:55-07,SkipDC,electric-scooter,2019-02-11 06:50:00-07,-77.0808217,38.9507733
SkipDC-352897090537849,"",2019-02-11 06:49:55-07,SkipDC,electric-scooter,2019-02-11 06:50:00-07,-77.0724,38.9537583
SkipDC-352897091349905,"",2019-02-11 06:49:55-07,SkipDC,electric-scooter,2019-02-11 06:50:00-07,-77.0723517,38.9539333
JumpDC-bike_23167,JUMP DC-2476,2019-02-11 06:49:31-07,JumpDC,pedal-assist-bike,2019-02-11 06:50:00-07,-77.00206,38.9533833333333
JumpDC-bike_23227,JUMP DC-2536,2019-02-11 06:49:31-07,JumpDC,pedal-assist-bike,2019-02-11 06:50:00-07,-77.0024,38.9524616666667
JumpDC-bike_23452,JUMP DC-2587,2019-02-11 06:49:31-07,JumpDC,pedal-assist-bike,2019-02-11 06:50:00-07,-76.999065,38.9589883333333
SkipDC-352897091288764,"",2019-02-11 06:49:55-07,SkipDC,electric-scooter,2019-02-11 06:50:00-07,-77.0857169,38.9614481
SkipDC-352897091383342,"",2019-02-11 06:49:55-07,SkipDC,electric-scooter,2019-02-11 06:50:00-07,-77.0296067,38.9595083
SkipDC-352897091451727,"",2019-02-11 06:04:53-07,SkipDC,electric-scooter,2019-02-11 06:05:00-07,-77.0053433,38.8792283
SkipDC-352897091453541,"",2019-02-11 06:04:53-07,SkipDC,electric-scooter,2019-02-11 06:05:00-07,-76.9999217,38.8785983
SkipDC-352897091356124,"",2019-02-11 06:04:53-07,SkipDC,electric-scooter,2019-02-11 06:05:00-07,-76.9952141,38.879338
SkipDC-352897091389703,"",2019-02-11 06:04:53-07,SkipDC,electric-scooter,2019-02-11 06:05:00-07,-76.99369,38.8801117
JumpDC-bike_16624,JUMP DC-0229,2019-02-11 06:04:31-07,JumpDC,pedal-assist-bike,2019-02-11 06:05:00-07,-76.9853183333333,38.8806416666667
SkipDC-352897091273907,"",2019-02-11 06:04:53-07,SkipDC,electric-scooter,2019-02-11 06:05:00-07,-77.0497683,38.88638
SkipDC-352897091437189,"",2019-02-11 06:04:53-07,SkipDC,electric-scooter,2019-02-11 06:05:00-07,-77.0198578,38.8862552
SkipDC-352897091279847,"",2019-02-11 06:04:53-07,SkipDC,electric-scooter,2019-02-11 06:05:00-07,-77.0196217,38.8861767
JumpDC-bike_23696,JUMP DC-2731,2019-02-11 06:04:31-07,JumpDC,pedal-assist-bike,2019-02-11 06:05:00-07,-77.01541,38.8857366666667
SkipDC-352897091298649,"",2019-02-11 06:04:53-07,SkipDC,electric-scooter,2019-02-11 06:05:00-07,-77.0164433,38.8851133
SkipDC-352897091406846,"",2019-02-11 06:04:53-07,SkipDC,electric-scooter,2019-02-11 06:05:00-07,-77.0095132,38.8867376
SkipDC-352897091280464,"",2019-02-18 06:04:54-07,SkipDC,electric-scooter,2019-02-18 06:05:00-07,-77.0539233,38.8597833
SkipDC-352897091388945,"",2019-02-18 06:04:54-07,SkipDC,electric-scooter,2019-02-18 06:05:00-07,-77.0517767,38.8372817
SkipDC-352897091452808,"",2019-02-18 06:04:54-07,SkipDC,electric-scooter,2019-02-18 06:05:00-07,-77.05081,38.8441383
SkipDC-352897091303209,"",2019-02-18 06:04:54-07,SkipDC,electric-scooter,2019-02-18 06:05:00-07,-77.0507479,38.8440739
SkipDC-352897091290380,"",2019-02-18 06:04:54-07,SkipDC,electric-scooter,2019-02-18 06:05:00-07,-77.0507956,38.8440947
SkipDC-352897091284821,"",2019-02-18 06:04:54-07,SkipDC,electric-scooter,2019-02-18 06:05:00-07,-76.9813533,38.845105
SkipDC-352897091409709,"",2019-02-18 06:04:54-07,SkipDC,electric-scooter,2019-02-18 06:05:00-07,-77.05384,38.8481183
SkipDC-352897091444987,"",2019-02-18 06:04:54-07,SkipDC,electric-scooter,2019-02-18 06:05:00-07,-77.0515783,38.8484483
SkipDC-352897090450589,"",2019-02-18 06:04:54-07,SkipDC,electric-scooter,2019-02-18 06:05:00-07,-77.06129,38.8608233
SkipDC-352897091345820,"",2019-02-18 06:04:54-07,SkipDC,electric-scooter,2019-02-18 06:05:00-07,-77.0629017,38.8616583
SkipDC-352897091458482,"",2019-02-18 06:04:54-07,SkipDC,electric-scooter,2019-02-18 06:05:00-07,-77.0595283,38.8623383
SkipDC-352897091267347,"",2019-02-18 06:04:54-07,SkipDC,electric-scooter,2019-02-18 06:05:00-07,-77.06302,38.86164
SkipDC-352897091288681,"",2019-02-18 06:04:54-07,SkipDC,electric-scooter,2019-02-18 06:05:00-07,-77.0596067,38.8627283
SkipDC-352897091434269,"",2019-02-18 06:04:54-07,SkipDC,electric-scooter,2019-02-18 06:05:00-07,-77.0634317,38.8641967
SkipDC-352897091444409,"",2019-02-18 06:04:54-07,SkipDC,electric-scooter,2019-02-18 06:05:00-07,-77.0612683,38.86073
SkipDC-352897090517403,"",2019-02-18 06:04:54-07,SkipDC,electric-scooter,2019-02-18 06:05:00-07,-77.06016,38.8607467
SkipDC-352897091305402,"",2019-02-18 06:04:54-07,SkipDC,electric-scooter,2019-02-18 06:05:00-07,-77.0611983,38.86101
SkipDC-352897091359326,"",2019-02-18 06:04:54-07,SkipDC,electric-scooter,2019-02-18 06:05:00-07,-77.0595876,38.8606997
SkipDC-352897091390008,"",2019-02-18 06:04:54-07,SkipDC,electric-scooter,2019-02-18 06:05:00-07,-77.06282,38.86169
SkipDC-352897091392327,"",2019-02-18 06:04:54-07,SkipDC,electric-scooter,2019-02-18 06:05:00-07,-77.0600667,38.86078
SkipDC-352897091342785,"",2019-02-18 06:04:54-07,SkipDC,electric-scooter,2019-02-18 06:05:00-07,-77.062845,38.8617117
SkipDC-352897091303225,"",2019-02-18 06:04:54-07,SkipDC,electric-scooter,2019-02-18 06:05:00-07,-77.06283,38.861845
SkipDC-352897091314727,"",2019-02-18 06:04:54-07,SkipDC,electric-scooter,2019-02-18 06:05:00-07,-77.0600167,38.8618333
SkipDC-352897091279466,"",2019-02-18 06:04:54-07,SkipDC,electric-scooter,2019-02-18 06:05:00-07,-77.0597717,38.862315
SkipDC-352897091382708,"",2019-02-18 06:04:54-07,SkipDC,electric-scooter,2019-02-18 06:05:00-07,-77.0593483,38.8614967
SkipDC-352897091428360,"",2019-02-18 06:04:54-07,SkipDC,electric-scooter,2019-02-18 06:05:00-07,-77.0591447,38.8637566
SkipDC-352897091384720,"",2019-02-18 06:04:54-07,SkipDC,electric-scooter,2019-02-18 06:05:00-07,-77.0625367,38.861335
SkipDC-352897091273584,"",2019-02-18 06:04:54-07,SkipDC,electric-scooter,2019-02-18 06:05:00-07,-77.061085,38.8611
SkipDC-352897091327562,"",2019-02-18 06:04:54-07,SkipDC,electric-scooter,2019-02-18 06:05:00-07,-77.062035,38.861585
SkipDC-352897091382484,"",2019-02-18 06:04:54-07,SkipDC,electric-scooter,2019-02-18 06:05:00-07,-77.0601051,38.8614836
SkipDC-352897091266828,"",2019-02-18 06:04:54-07,SkipDC,electric-scooter,2019-02-18 06:05:00-07,-77.06013,38.8606933
SkipDC-352897091380967,"",2019-02-18 06:04:54-07,SkipDC,electric-scooter,2019-02-18 06:05:00-07,-77.0597233,38.8639
SkipDC-352897091397946,"",2019-02-18 06:04:54-07,SkipDC,electric-scooter,2019-02-18 06:05:00-07,-77.0598381,38.8616839
SkipDC-352897091429608,"",2019-02-18 06:04:54-07,SkipDC,electric-scooter,2019-02-18 06:05:00-07,-77.0596343,38.8606377
SkipDC-352897091385149,"",2019-02-18 06:04:54-07,SkipDC,electric-scooter,2019-02-18 06:05:00-07,-77.0598767,38.8607285
SkipDC-352897091436983,"",2019-02-18 06:04:54-07,SkipDC,electric-scooter,2019-02-18 06:05:00-07,-77.0627517,38.8616883
SkipDC-352897091272149,"",2019-02-18 06:04:54-07,SkipDC,electric-scooter,2019-02-18 06:05:00-07,-77.0600218,38.8615951
SkipDC-352897091408867,"",2019-02-18 06:04:54-07,SkipDC,electric-scooter,2019-02-18 06:05:00-07,-77.05725,38.86093
SkipDC-352897091421969,"",2019-02-18 06:04:54-07,SkipDC,electric-scooter,2019-02-18 06:05:00-07,-77.0530733,38.8611283
SkipDC-352897091382500,"",2019-02-18 06:04:54-07,SkipDC,electric-scooter,2019-02-18 06:05:00-07,-77.0542417,38.8621433
SkipDC-352897091320765,"",2019-02-18 06:04:54-07,SkipDC,electric-scooter,2019-02-18 06:05:00-07,-77.054105,38.862085
SkipDC-352897091436181,"",2019-02-18 06:04:54-07,SkipDC,electric-scooter,2019-02-18 06:05:00-07,-77.054325,38.862285
SkipDC-352897091432180,"",2019-02-18 06:04:54-07,SkipDC,electric-scooter,2019-02-18 06:05:00-07,-77.056305,38.8612367
SkipDC-352897091451842,"",2019-02-18 06:04:54-07,SkipDC,electric-scooter,2019-02-18 06:05:00-07,-77.0544675,38.8606614
SkipDC-352897091349905,"",2019-02-18 06:04:54-07,SkipDC,electric-scooter,2019-02-18 06:05:00-07,-77.0564733,38.8627528
SkipDC-352897091310287,"",2019-02-18 06:04:54-07,SkipDC,electric-scooter,2019-02-18 06:05:00-07,-77.0551967,38.862235
SkipDC-352897091456387,"",2019-02-18 06:04:54-07,SkipDC,electric-scooter,2019-02-18 06:05:00-07,-77.0538833,38.86188
SkipDC-352897090501969,"",2019-02-18 06:04:54-07,SkipDC,electric-scooter,2019-02-18 06:05:00-07,-77.0531883,38.863955
SkipDC-352897091273006,"",2019-02-18 06:04:54-07,SkipDC,electric-scooter,2019-02-18 06:05:00-07,-77.0531183,38.8639067
SkipDC-352897091406184,"",2019-02-18 06:04:54-07,SkipDC,electric-scooter,2019-02-18 06:05:00-07,-77.056915,38.864855
SkipDC-352897091267024,"",2019-02-18 06:04:54-07,SkipDC,electric-scooter,2019-02-18 06:05:00-07,-77.0565733,38.8626717
SkipDC-352897091279920,"",2019-02-18 06:04:54-07,SkipDC,electric-scooter,2019-02-18 06:05:00-07,-77.05431,38.8621617
SkipDC-352897091297641,"",2019-02-18 06:04:54-07,SkipDC,electric-scooter,2019-02-18 06:05:00-07,-77.0533733,38.862895
SkipDC-352897091381304,"",2019-02-18 06:04:54-07,SkipDC,electric-scooter,2019-02-18 06:05:00-07,-77.0543817,38.8628333
SkipDC-352897091434822,"",2019-02-18 06:04:54-07,SkipDC,electric-scooter,2019-02-18 06:05:00-07,-77.052695,38.8606167
SkipDC-352897091327083,"",2019-02-18 06:04:54-07,SkipDC,electric-scooter,2019-02-18 06:05:00-07,-77.0498067,38.8613533
SkipDC-352897091315427,"",2019-02-18 06:04:54-07,SkipDC,electric-scooter,2019-02-18 06:05:00-07,-77.0522071,38.8632018
SkipDC-352897091279441,"",2019-02-18 06:04:54-07,SkipDC,electric-scooter,2019-02-18 06:05:00-07,-77.052075,38.863235
JumpDC-bike_23433,JUMP DC-2568,2019-02-18 06:04:09-07,JumpDC,pedal-assist-bike,2019-02-18 06:05:00-07,-76.9955283333333,38.86232
SkipDC-352897091272941,"",2019-02-18 06:04:54-07,SkipDC,electric-scooter,2019-02-18 06:05:00-07,-76.9947617,38.8626967
SkipDC-352897091346406,"",2019-02-18 06:04:54-07,SkipDC,electric-scooter,2019-02-18 06:05:00-07,-76.9946891,38.862691
SkipDC-352897091335508,"",2019-02-18 06:04:54-07,SkipDC,electric-scooter,2019-02-18 06:05:00-07,-76.9948055,38.8626086
SkipDC-352897091430143,"",2019-02-18 06:04:54-07,SkipDC,electric-scooter,2019-02-18 06:05:00-07,-76.9945387,38.8625486
JumpDC-bike_18927,JUMP DC-0806,2019-02-18 06:04:09-07,JumpDC,pedal-assist-bike,2019-02-18 06:05:00-07,-76.995555,38.86236
JumpDC-bike_23164,JUMP DC-2473,2019-02-18 06:04:09-07,JumpDC,pedal-assist-bike,2019-02-18 06:05:00-07,-76.9953633333333,38.8625133333333
SkipDC-352897091331804,"",2019-02-18 06:04:54-07,SkipDC,electric-scooter,2019-02-18 06:05:00-07,-76.9961671,38.8618084
SkipDC-352897091448129,"",2019-02-18 06:04:54-07,SkipDC,electric-scooter,2019-02-18 06:05:00-07,-76.9947723,38.8625894
SkipDC-352897091320666,"",2019-02-18 06:04:54-07,SkipDC,electric-scooter,2019-02-18 06:05:00-07,-76.9946412,38.8625581
SkipDC-352897091273048,"",2019-02-18 06:04:54-07,SkipDC,electric-scooter,2019-02-18 06:05:00-07,-76.995265,38.8624317
JumpDC-bike_23415,JUMP DC-2550,2019-02-18 06:04:09-07,JumpDC,pedal-assist-bike,2019-02-18 06:05:00-07,-76.9947316666667,38.86213
JumpDC-bike_23620,JUMP DC-2655,2019-02-18 06:04:09-07,JumpDC,pedal-assist-bike,2019-02-18 06:05:00-07,-76.9946616666667,38.8622366666667
JumpDC-bike_23209,JUMP DC-2518,2019-02-18 06:04:09-07,JumpDC,pedal-assist-bike,2019-02-18 06:05:00-07,-76.9954383333333,38.8625566666667
SkipDC-352897091306103,"",2019-02-18 06:04:54-07,SkipDC,electric-scooter,2019-02-18 06:05:00-07,-76.9954167,38.8624583
JumpDC-bike_16633,JUMP DC-0225,2019-02-18 06:04:09-07,JumpDC,pedal-assist-bike,2019-02-18 06:05:00-07,-76.97741,38.864755
SkipDC-352897091369226,"",2019-02-18 06:04:54-07,SkipDC,electric-scooter,2019-02-18 06:05:00-07,-77.0599983,38.8651467
SkipDC-352897091401805,"",2019-02-18 06:04:54-07,SkipDC,electric-scooter,2019-02-18 06:05:00-07,-77.0599633,38.86512
SkipDC-352897091383904,"",2019-02-18 06:04:54-07,SkipDC,electric-scooter,2019-02-18 06:05:00-07,-77.0603483,38.8654283
SkipDC-352897091339724,"",2019-02-18 06:04:54-07,SkipDC,electric-scooter,2019-02-18 06:05:00-07,-77.060275,38.8653483
SkipDC-352897091313687,"",2019-02-18 06:04:54-07,SkipDC,electric-scooter,2019-02-18 06:05:00-07,-77.0602583,38.86542
SkipDC-352897091316284,"",2019-02-18 06:04:54-07,SkipDC,electric-scooter,2019-02-18 06:05:00-07,-77.0602667,38.86549
SkipDC-352897091320849,"",2019-02-18 06:04:54-07,SkipDC,electric-scooter,2019-02-18 06:05:00-07,-77.0467733,38.865415
JumpDC-bike_16615,JUMP DC-0250,2019-02-18 06:04:09-07,JumpDC,pedal-assist-bike,2019-02-18 06:05:00-07,-76.9892466666667,38.866235
JumpDC-bike_16607,JUMP DC-0242,2019-02-18 06:04:09-07,JumpDC,pedal-assist-bike,2019-02-18 06:05:00-07,-76.989205,38.8662083333333
JumpDC-bike_23676,JUMP DC-2711,2019-02-18 06:04:09-07,JumpDC,pedal-assist-bike,2019-02-18 06:05:00-07,-76.9822733333333,38.8652983333333
SkipDC-352897091426547,"",2019-02-18 06:04:54-07,SkipDC,electric-scooter,2019-02-18 06:05:00-07,-77.10546,38.873835
SkipDC-352897091306384,"",2019-02-18 06:04:54-07,SkipDC,electric-scooter,2019-02-18 06:05:00-07,-77.0177233,38.8725683
SkipDC-352897091390362,"",2019-02-18 06:04:54-07,SkipDC,electric-scooter,2019-02-18 06:05:00-07,-77.0133367,38.8724017
SkipDC-352897091458029,"",2019-02-18 06:04:54-07,SkipDC,electric-scooter,2019-02-18 06:05:00-07,-77.0113867,38.8720217
SkipDC-352897091343023,"",2019-02-18 06:04:54-07,SkipDC,electric-scooter,2019-02-18 06:05:00-07,-77.00627,38.87167
SkipDC-352897091390248,"",2019-02-18 06:04:54-07,SkipDC,electric-scooter,2019-02-18 06:05:00-07,-77.0058773,38.8724512
SkipDC-352897091426505,"",2019-02-18 06:04:54-07,SkipDC,electric-scooter,2019-02-18 06:05:00-07,-77.0009195,38.8734995
SkipDC-352897091289382,"",2019-02-18 06:04:54-07,SkipDC,electric-scooter,2019-02-18 06:05:00-07,-76.97506,38.8723717
SkipDC-352897091346141,"",2019-02-18 06:04:54-07,SkipDC,electric-scooter,2019-02-18 06:05:00-07,-77.1195376,38.8780735
SkipDC-352897091456122,"",2019-02-18 06:04:54-07,SkipDC,electric-scooter,2019-02-18 06:05:00-07,-77.1054461,38.8741198
SkipDC-352897091453442,"",2019-02-18 06:04:54-07,SkipDC,electric-scooter,2019-02-18 06:05:00-07,-77.0213333,38.876965
JumpDC-bike_23188,JUMP DC-2497,2019-02-18 06:04:09-07,JumpDC,pedal-assist-bike,2019-02-18 06:05:00-07,-77.0219366666667,38.877665
SkipDC-352897091356462,"",2019-02-18 06:04:54-07,SkipDC,electric-scooter,2019-02-18 06:05:00-07,-77.0201982,38.8757948
SkipDC-352897091277981,"",2019-02-18 06:04:54-07,SkipDC,electric-scooter,2019-02-18 06:05:00-07,-77.1145883,38.8810317
SkipDC-352897091429723,"",2019-02-18 06:04:54-07,SkipDC,electric-scooter,2019-02-18 06:05:00-07,-77.111725,38.88122
SkipDC-352897091320609,"",2019-02-18 06:04:54-07,SkipDC,electric-scooter,2019-02-18 06:05:00-07,-77.1115983,38.8810367
SkipDC-352897091305626,"",2019-02-18 06:04:54-07,SkipDC,electric-scooter,2019-02-18 06:05:00-07,-77.11153,38.8811817
SkipDC-352897091356082,"",2019-02-18 06:04:54-07,SkipDC,electric-scooter,2019-02-18 06:05:00-07,-77.111155,38.8824533
SkipDC-352897091385560,"",2019-02-18 06:04:54-07,SkipDC,electric-scooter,2019-02-18 06:05:00-07,-77.1080833,38.8815417
SkipDC-352897091428964,"",2019-02-18 06:04:54-07,SkipDC,electric-scooter,2019-02-18 06:05:00-07,-77.1092517,38.8825867
SkipDC-352897091329428,"",2019-02-18 06:04:54-07,SkipDC,electric-scooter,2019-02-18 06:05:00-07,-77.1117133,38.8811233
SkipDC-352897091277262,"",2019-02-18 06:04:54-07,SkipDC,electric-scooter,2019-02-18 06:05:00-07,-77.1069383,38.8818833
SkipDC-352897091295942,"",2019-02-18 06:04:54-07,SkipDC,electric-scooter,2019-02-18 06:05:00-07,-77.1093167,38.8825083
SkipDC-352897091455066,"",2019-02-18 06:04:54-07,SkipDC,electric-scooter,2019-02-18 06:05:00-07,-77.1092721,38.8825465
SkipDC-352897091304421,"",2019-02-18 06:04:54-07,SkipDC,electric-scooter,2019-02-18 06:05:00-07,-77.1082857,38.8822931
SkipDC-352897091279508,"",2019-02-18 06:04:54-07,SkipDC,electric-scooter,2019-02-18 06:05:00-07,-77.1087141,38.8823987
SkipDC-352897091429384,"",2019-02-18 06:04:54-07,SkipDC,electric-scooter,2019-02-18 06:05:00-07,-77.111715,38.8811867
SkipDC-352897091391808,"",2019-02-18 06:04:54-07,SkipDC,electric-scooter,2019-02-18 06:05:00-07,-77.10781,38.8815617
SkipDC-352897091434947,"",2019-02-18 06:04:54-07,SkipDC,electric-scooter,2019-02-18 06:05:00-07,-77.10943,38.8827317
SkipDC-352897091379324,"",2019-02-18 06:04:54-07,SkipDC,electric-scooter,2019-02-18 06:05:00-07,-77.1090667,38.88106
SkipDC-352897091454143,"",2019-02-18 06:04:54-07,SkipDC,electric-scooter,2019-02-18 06:05:00-07,-77.1116967,38.8812217
SkipDC-352897091338007,"",2019-02-18 06:04:54-07,SkipDC,electric-scooter,2019-02-18 06:05:00-07,-77.11163,38.8812067
SkipDC-352897091277403,"",2019-02-18 06:04:54-07,SkipDC,electric-scooter,2019-02-18 06:05:00-07,-77.0864355,38.8807234
SkipDC-352897091279383,"",2019-02-18 06:04:54-07,SkipDC,electric-scooter,2019-02-18 06:05:00-07,-77.0381383,38.8786467
SkipDC-352897091438161,"",2019-02-18 06:04:54-07,SkipDC,electric-scooter,2019-02-18 06:05:00-07,-77.03201,38.8807033
SkipDC-352897091434400,"",2019-02-18 06:04:54-07,SkipDC,electric-scooter,2019-02-18 06:05:00-07,-77.03113,38.8827233
SkipDC-352897091340185,"",2019-02-18 06:04:54-07,SkipDC,electric-scooter,2019-02-18 06:05:00-07,-77.0260217,38.8825217
SkipDC-352897091434384,"",2019-02-18 06:04:54-07,SkipDC,electric-scooter,2019-02-18 06:05:00-07,-77.0267383,38.880595
SkipDC-352897091406960,"",2019-02-18 06:04:54-07,SkipDC,electric-scooter,2019-02-18 06:05:00-07,-77.0265483,38.881485
SkipDC-352897091382104,"",2019-02-18 06:04:54-07,SkipDC,electric-scooter,2019-02-18 06:05:00-07,-77.013102,38.8815291
SkipDC-352897091452089,"",2019-02-18 06:04:54-07,SkipDC,electric-scooter,2019-02-18 06:05:00-07,-77.008335,38.8786567
SkipDC-352897091287485,"",2019-02-18 06:04:54-07,SkipDC,electric-scooter,2019-02-18 06:05:00-07,-77.0073982,38.878719
SkipDC-352897091346729,"",2019-02-18 06:04:54-07,SkipDC,electric-scooter,2019-02-18 06:05:00-07,-77.0068967,38.8792467
SkipDC-352897091279904,"",2019-02-18 06:04:54-07,SkipDC,electric-scooter,2019-02-18 06:05:00-07,-77.0059415,38.8802684
SkipDC-352897091408446,"",2019-02-18 06:04:54-07,SkipDC,electric-scooter,2019-02-18 06:05:00-07,-77.0080233,38.8785117
SkipDC-352897091385529,"",2019-02-18 06:04:54-07,SkipDC,electric-scooter,2019-02-18 06:05:00-07,-77.0078417,38.8784567
SkipDC-352897091328784,"",2019-02-18 06:04:54-07,SkipDC,electric-scooter,2019-02-18 06:05:00-07,-77.007535,38.8784817
SkipDC-352897091388226,"",2019-02-18 06:04:54-07,SkipDC,electric-scooter,2019-02-18 06:05:00-07,-77.0055683,38.8806767
SkipDC-352897091430382,"",2019-02-18 06:04:54-07,SkipDC,electric-scooter,2019-02-18 06:05:00-07,-77.0054167,38.88074
SkipDC-352897091356025,"",2019-02-18 06:04:54-07,SkipDC,electric-scooter,2019-02-18 06:05:00-07,-77.0055258,38.8811705
SkipDC-352897091345283,"",2019-02-18 06:04:54-07,SkipDC,electric-scooter,2019-02-18 06:05:00-07,-77.003605,38.880565
SkipDC-352897091433782,"",2019-02-18 06:04:54-07,SkipDC,electric-scooter,2019-02-18 06:05:00-07,-77.0004333,38.8784733
SkipDC-352897091315906,"",2019-02-18 06:04:54-07,SkipDC,electric-scooter,2019-02-18 06:05:00-07,-77.0001659,38.8783995
SkipDC-352897091290463,"",2019-02-18 06:04:54-07,SkipDC,electric-scooter,2019-02-18 06:05:00-07,-76.9962191,38.8805845
SkipDC-352897091430002,"",2019-02-18 06:04:54-07,SkipDC,electric-scooter,2019-02-18 06:05:00-07,-76.9983269,38.8826063
SkipDC-352897091434905,"",2019-02-18 06:04:54-07,SkipDC,electric-scooter,2019-02-18 06:05:00-07,-76.9835844,38.8801909
SkipDC-352897091380561,"",2019-02-18 06:04:54-07,SkipDC,electric-scooter,2019-02-18 06:05:00-07,-77.1203302,38.884343
SkipDC-352897091356645,"",2019-02-18 06:04:54-07,SkipDC,electric-scooter,2019-02-18 06:05:00-07,-77.1198877,38.8842675
SkipDC-352897091306269,"",2019-02-18 06:04:54-07,SkipDC,electric-scooter,2019-02-18 06:05:00-07,-77.1087598,38.8838736
SkipDC-352897091391980,"",2019-02-18 06:04:54-07,SkipDC,electric-scooter,2019-02-18 06:05:00-07,-77.1037667,38.8871533
SkipDC-352897091279284,"",2019-02-18 06:04:54-07,SkipDC,electric-scooter,2019-02-18 06:05:00-07,-77.0966217,38.88714
SkipDC-352897091444623,"",2019-02-18 06:04:54-07,SkipDC,electric-scooter,2019-02-18 06:05:00-07,-77.0933067,38.8846567
SkipDC-352897091458524,"",2019-02-18 06:04:54-07,SkipDC,electric-scooter,2019-02-18 06:05:00-07,-77.093135,38.88463
SkipDC-352897091407265,"",2019-02-18 06:04:54-07,SkipDC,electric-scooter,2019-02-18 06:05:00-07,-77.09309,38.884565
SkipDC-352897091461544,"",2019-02-18 06:04:54-07,SkipDC,electric-scooter,2019-02-18 06:05:00-07,-77.0930405,38.8846207
SkipDC-352897091288640,"",2019-02-18 06:04:54-07,SkipDC,electric-scooter,2019-02-18 06:05:00-07,-77.09188,38.883488
SkipDC-352897091428022,"",2019-02-18 06:04:54-07,SkipDC,electric-scooter,2019-02-18 06:05:00-07,-77.0846417,38.887305
SkipDC-352897090523286,"",2019-02-18 06:04:54-07,SkipDC,electric-scooter,2019-02-18 06:05:00-07,-77.0459167,38.8831417
SkipDC-352897091350408,"",2019-02-18 06:04:54-07,SkipDC,electric-scooter,2019-02-18 06:05:00-07,-77.0443,38.8861867
SkipDC-352897091435787,"",2019-02-18 06:04:54-07,SkipDC,electric-scooter,2019-02-18 06:05:00-07,-76.9964469,38.8840031
SkipDC-352897091310683,"",2019-02-18 06:04:54-07,SkipDC,electric-scooter,2019-02-18 06:05:00-07,-76.9961667,38.885115
SkipDC-352897091327521,"",2019-02-18 06:04:54-07,SkipDC,electric-scooter,2019-02-18 06:05:00-07,-76.9974296,38.8869249
SkipDC-352897091433584,"",2019-02-18 06:04:54-07,SkipDC,electric-scooter,2019-02-18 06:05:00-07,-76.9916867,38.8832083
SkipDC-352897091274020,"",2019-02-18 06:04:54-07,SkipDC,electric-scooter,2019-02-18 06:05:00-07,-76.99169,38.8859683
SkipDC-352897091339146,"",2019-02-18 06:04:54-07,SkipDC,electric-scooter,2019-02-18 06:05:00-07,-76.9777211,38.8834565
SkipDC-352897091381585,"",2019-02-18 06:04:54-07,SkipDC,electric-scooter,2019-02-18 06:05:00-07,-76.977645,38.886075
JumpDC-bike_23473,JUMP DC-2608,2019-02-18 06:04:09-07,JumpDC,pedal-assist-bike,2019-02-18 06:05:00-07,-76.9536766666667,38.88561
SkipDC-352897091452485,"",2019-02-18 06:04:54-07,SkipDC,electric-scooter,2019-02-18 06:05:00-07,-77.0915133,38.8892133
SkipDC-352897091387848,"",2019-02-18 06:04:54-07,SkipDC,electric-scooter,2019-02-18 06:05:00-07,-77.0913583,38.8894917
SkipDC-352897091383649,"",2019-02-18 06:04:54-07,SkipDC,electric-scooter,2019-02-18 06:05:00-07,-77.0910692,38.8895659
SkipDC-352897091458227,"",2019-02-18 06:04:54-07,SkipDC,electric-scooter,2019-02-18 06:05:00-07,-77.0825427,38.8915151
SkipDC-352897091349921,"",2019-02-18 06:04:54-07,SkipDC,electric-scooter,2019-02-18 06:05:00-07,-77.0828567,38.8897
SkipDC-352897091325145,"",2019-02-18 06:04:54-07,SkipDC,electric-scooter,2019-02-18 06:05:00-07,-77.0827517,38.8896767
SkipDC-352897091279888,"",2019-02-18 06:04:54-07,SkipDC,electric-scooter,2019-02-18 06:05:00-07,-77.0826067,38.8896183
SkipDC-352897091428006,"",2019-02-18 06:04:54-07,SkipDC,electric-scooter,2019-02-18 06:05:00-07,-77.0826633,38.8915317
SkipDC-352897091272263,"",2019-02-18 06:04:54-07,SkipDC,electric-scooter,2019-02-18 06:05:00-07,-77.0834556,38.88802
SkipDC-352897091435126,"",2019-02-18 06:04:54-07,SkipDC,electric-scooter,2019-02-18 06:05:00-07,-77.085505,38.889265
SkipDC-352897091383540,"",2019-02-18 06:04:54-07,SkipDC,electric-scooter,2019-02-18 06:05:00-07,-77.0861921,38.8911073
SkipDC-352897091294507,"",2019-02-18 06:04:54-07,SkipDC,electric-scooter,2019-02-18 06:05:00-07,-77.0861517,38.89121
SkipDC-352897091429921,"",2019-02-18 06:04:54-07,SkipDC,electric-scooter,2019-02-18 06:05:00-07,-77.0839317,38.8877033
SkipDC-352897091315989,"",2019-02-18 06:04:54-07,SkipDC,electric-scooter,2019-02-18 06:05:00-07,-77.0840667,38.8878333
SkipDC-352897091428428,"",2019-02-18 06:04:54-07,SkipDC,electric-scooter,2019-02-18 06:05:00-07,-77.081565,38.8895933
SkipDC-352897091428642,"",2019-02-18 06:04:54-07,SkipDC,electric-scooter,2019-02-18 06:05:00-07,-77.082055,38.8909867
SkipDC-352897091462641,"",2019-02-18 06:04:54-07,SkipDC,electric-scooter,2019-02-18 06:05:00-07,-77.0820366,38.8910382
SkipDC-352897091388580,"",2019-02-18 06:04:54-07,SkipDC,electric-scooter,2019-02-18 06:05:00-07,-77.0809567,38.8905967
SkipDC-352897091351703,"",2019-02-18 06:04:54-07,SkipDC,electric-scooter,2019-02-18 06:05:00-07,-77.0058858,38.8914862
SkipDC-352897091302722,"",2019-02-18 06:04:54-07,SkipDC,electric-scooter,2019-02-18 06:05:00-07,-77.0057654,38.8914504
SkipDC-352897091398563,"",2019-02-18 06:04:54-07,SkipDC,electric-scooter,2019-02-18 06:05:00-07,-76.9989387,38.8875691
SkipDC-352897091267982,"",2019-02-18 06:04:54-07,SkipDC,electric-scooter,2019-02-18 06:05:00-07,-76.9982417,38.8876383
SkipDC-352897091298045,"",2019-02-18 06:04:54-07,SkipDC,electric-scooter,2019-02-18 06:05:00-07,-76.9959793,38.887709
JumpDC-bike_18877,JUMP DC-0836,2019-02-18 06:04:09-07,JumpDC,pedal-assist-bike,2019-02-18 06:05:00-07,-76.9915116666667,38.88986
JumpDC-bike_23142,JUMP DC-2451,2019-02-18 06:04:09-07,JumpDC,pedal-assist-bike,2019-02-18 06:05:00-07,-76.9914416666667,38.889955
JumpDC-bike_23441,JUMP DC-2576,2019-02-18 06:04:09-07,JumpDC,pedal-assist-bike,2019-02-18 06:05:00-07,-76.991465,38.8896416666667
SkipDC-352897091271687,"",2019-02-18 06:04:54-07,SkipDC,electric-scooter,2019-02-18 06:05:00-07,-76.991595,38.8888233
SkipDC-352897091351042,"",2019-02-18 06:04:54-07,SkipDC,electric-scooter,2019-02-18 06:05:00-07,-76.9826317,38.8909533
SkipDC-352897091346109,"",2019-02-18 06:04:54-07,SkipDC,electric-scooter,2019-02-18 06:05:00-07,-76.9794981,38.8897005
SkipDC-352897091452220,"",2019-02-18 06:04:54-07,SkipDC,electric-scooter,2019-02-18 06:05:00-07,-77.0833433,38.8925067
SkipDC-352897091320781,"",2019-02-18 06:04:54-07,SkipDC,electric-scooter,2019-02-18 06:05:00-07,-77.08274,38.8921
SkipDC-352897091323884,"",2019-02-18 06:04:54-07,SkipDC,electric-scooter,2019-02-18 06:05:00-07,-77.0826933,38.8920567
SkipDC-352897091345465,"",2019-02-18 06:04:54-07,SkipDC,electric-scooter,2019-02-18 06:05:00-07,-77.0825944,38.8922678
SkipDC-352897091331069,"",2019-02-18 06:04:54-07,SkipDC,electric-scooter,2019-02-18 06:05:00-07,-77.08267,38.8923133
SkipDC-352897091451883,"",2019-02-18 06:04:54-07,SkipDC,electric-scooter,2019-02-18 06:05:00-07,-77.07664,38.8935633
SkipDC-352897091455421,"",2019-02-18 06:04:54-07,SkipDC,electric-scooter,2019-02-18 06:05:00-07,-77.0764833,38.8934433
SkipDC-352897091345762,"",2019-02-18 06:04:54-07,SkipDC,electric-scooter,2019-02-18 06:05:00-07,-77.0765883,38.893575
SkipDC-352897091451941,"",2019-02-18 06:04:54-07,SkipDC,electric-scooter,2019-02-18 06:05:00-07,-77.0765133,38.893555
SkipDC-352897091288947,"",2019-02-18 06:04:54-07,SkipDC,electric-scooter,2019-02-18 06:05:00-07,-77.07662,38.8936417
SkipDC-352897091323900,"",2019-02-18 06:04:54-07,SkipDC,electric-scooter,2019-02-18 06:05:00-07,-77.0803867,38.8959717
SkipDC-352897091378581,"",2019-02-18 06:04:54-07,SkipDC,electric-scooter,2019-02-18 06:05:00-07,-77.0766267,38.89347
SkipDC-352897091451727,"",2019-02-18 06:04:54-07,SkipDC,electric-scooter,2019-02-18 06:05:00-07,-77.07652,38.8933133
SkipDC-352897091342520,"",2019-02-18 06:04:54-07,SkipDC,electric-scooter,2019-02-18 06:05:00-07,-77.0766433,38.8936383
SkipDC-352897091429566,"",2019-02-18 06:04:54-07,SkipDC,electric-scooter,2019-02-18 06:05:00-07,-77.076545,38.893655
SkipDC-352897091298607,"",2019-02-18 06:04:54-07,SkipDC,electric-scooter,2019-02-18 06:05:00-07,-77.081835,38.8924833
SkipDC-352897091457922,"",2019-02-18 06:04:54-07,SkipDC,electric-scooter,2019-02-18 06:05:00-07,-77.0765867,38.8936083
SkipDC-352897091358229,"",2019-02-18 06:04:54-07,SkipDC,electric-scooter,2019-02-18 06:05:00-07,-77.0818941,38.892421
SkipDC-352897091462625,"",2019-02-18 06:04:54-07,SkipDC,electric-scooter,2019-02-18 06:05:00-07,-77.0755667,38.8938767
SkipDC-352897091387020,"",2019-02-18 06:04:54-07,SkipDC,electric-scooter,2019-02-18 06:05:00-07,-77.0746917,38.8941717
SkipDC-352897090568729,"",2019-02-18 06:04:54-07,SkipDC,electric-scooter,2019-02-18 06:05:00-07,-77.07546,38.8937683
SkipDC-352897091398761,"",2019-02-18 06:04:54-07,SkipDC,electric-scooter,2019-02-18 06:05:00-07,-77.0737277,38.8944453
SkipDC-352897091321284,"",2019-02-18 06:04:54-07,SkipDC,electric-scooter,2019-02-18 06:05:00-07,-77.0733917,38.896275
SkipDC-352897091433881,"",2019-02-18 06:04:54-07,SkipDC,electric-scooter,2019-02-18 06:05:00-07,-77.0710533,38.8959067
SkipDC-352897091380140,"",2019-02-18 06:04:54-07,SkipDC,electric-scooter,2019-02-18 06:05:00-07,-77.0753483,38.8919867
SkipDC-352897091286925,"",2019-02-18 06:04:54-07,SkipDC,electric-scooter,2019-02-18 06:05:00-07,-77.0753817,38.8939767
SkipDC-352897091302789,"",2019-02-18 06:04:54-07,SkipDC,electric-scooter,2019-02-18 06:05:00-07,-77.0747606,38.894117
SkipDC-352897091389646,"",2019-02-18 06:04:54-07,SkipDC,electric-scooter,2019-02-18 06:05:00-07,-77.0746729,38.8940173
SkipDC-352897091344328,"",2019-02-18 06:04:54-07,SkipDC,electric-scooter,2019-02-18 06:05:00-07,-77.07404,38.894975
SkipDC-352897091381528,"",2019-02-18 06:04:54-07,SkipDC,electric-scooter,2019-02-18 06:05:00-07,-77.0756243,38.8937961
SkipDC-352897091278567,"",2019-02-18 06:04:54-07,SkipDC,electric-scooter,2019-02-18 06:05:00-07,-77.07093,38.89325
SkipDC-352897091409782,"",2019-02-18 06:04:54-07,SkipDC,electric-scooter,2019-02-18 06:05:00-07,-77.0718183,38.8962367
JumpDC-bike_23414,JUMP DC-2549,2019-02-18 06:04:09-07,JumpDC,pedal-assist-bike,2019-02-18 06:05:00-07,-77.0488733333333,38.8923
SkipDC-352897091338924,"",2019-02-18 06:04:54-07,SkipDC,electric-scooter,2019-02-18 06:05:00-07,-77.050385,38.8961917
SkipDC-352897091306723,"",2019-02-18 06:04:54-07,SkipDC,electric-scooter,2019-02-18 06:05:00-07,-77.0502733,38.89618
JumpDC-bike_23690,JUMP DC-2725,2019-02-18 06:04:09-07,JumpDC,pedal-assist-bike,2019-02-18 06:05:00-07,-77.0478183333333,38.893665
SkipDC-352897091411861,"",2019-02-18 06:04:54-07,SkipDC,electric-scooter,2019-02-18 06:05:00-07,-77.0416983,38.89481
SkipDC-352897091437627,"",2019-02-18 06:04:54-07,SkipDC,electric-scooter,2019-02-18 06:05:00-07,-77.0332379,38.8919986
SkipDC-352897091300445,"",2019-02-18 06:04:54-07,SkipDC,electric-scooter,2019-02-18 06:05:00-07,-77.0334917,38.8957067
SkipDC-352897091327265,"",2019-02-18 06:04:54-07,SkipDC,electric-scooter,2019-02-18 06:05:00-07,-77.0736446,38.8964661
SkipDC-352897091356140,"",2019-02-18 06:04:54-07,SkipDC,electric-scooter,2019-02-18 06:05:00-07,-77.073103,38.8965465
SkipDC-352897091301609,"",2019-02-18 06:04:54-07,SkipDC,electric-scooter,2019-02-18 06:05:00-07,-77.0572983,38.900535
SkipDC-352897091278328,"",2019-02-18 06:04:54-07,SkipDC,electric-scooter,2019-02-18 06:05:00-07,-77.05719,38.9005517
SkipDC-352897091305485,"",2019-02-18 06:04:54-07,SkipDC,electric-scooter,2019-02-18 06:05:00-07,-77.0500541,38.8982236
SkipDC-352897091307382,"",2019-02-18 06:04:54-07,SkipDC,electric-scooter,2019-02-18 06:05:00-07,-77.050485,38.8984917
SkipDC-352897091274962,"",2019-02-18 06:04:54-07,SkipDC,electric-scooter,2019-02-18 06:05:00-07,-77.0510017,38.89985
SkipDC-352897091302128,"",2019-02-18 06:04:54-07,SkipDC,electric-scooter,2019-02-18 06:05:00-07,-77.0480103,38.9007071
SkipDC-352897091345929,"",2019-02-18 06:04:54-07,SkipDC,electric-scooter,2019-02-18 06:05:00-07,-77.0501204,38.8979363
SkipDC-352897091316722,"",2019-02-18 06:04:54-07,SkipDC,electric-scooter,2019-02-18 06:05:00-07,-77.0502333,38.8982183
SkipDC-352897091358286,"",2019-02-18 06:04:54-07,SkipDC,electric-scooter,2019-02-18 06:05:00-07,-77.0464117,38.8974083
SkipDC-352897091452147,"",2019-02-18 06:04:54-07,SkipDC,electric-scooter,2019-02-18 06:05:00-07,-77.04384,38.897615
SkipDC-352897091385727,"",2019-02-18 06:04:54-07,SkipDC,electric-scooter,2019-02-18 06:05:00-07,-77.046955,38.900455
SkipDC-352897091268345,"",2019-02-18 06:04:54-07,SkipDC,electric-scooter,2019-02-18 06:05:00-07,-77.0296137,38.8972445
SkipDC-352897091454325,"",2019-02-18 06:04:54-07,SkipDC,electric-scooter,2019-02-18 06:05:00-07,-77.0295683,38.8976333
SkipDC-352897091359045,"",2019-02-18 06:04:54-07,SkipDC,electric-scooter,2019-02-18 06:05:00-07,-77.0241561,38.9003332
SkipDC-352897091340565,"",2019-02-18 06:04:54-07,SkipDC,electric-scooter,2019-02-18 06:05:00-07,-77.0216333,38.896415
SkipDC-352897091406887,"",2019-02-18 06:04:54-07,SkipDC,electric-scooter,2019-02-18 06:05:00-07,-77.0228016,38.8994926
SkipDC-352897091360027,"",2019-02-18 06:04:54-07,SkipDC,electric-scooter,2019-02-18 06:05:00-07,-77.020705,38.899815
SkipDC-352897091333248,"",2019-02-18 06:04:54-07,SkipDC,electric-scooter,2019-02-18 06:05:00-07,-77.0196648,38.8998552
SkipDC-352897091457328,"",2019-02-18 06:04:54-07,SkipDC,electric-scooter,2019-02-18 06:05:00-07,-77.0177417,38.9008983
SkipDC-352897091380108,"",2019-02-18 06:04:54-07,SkipDC,electric-scooter,2019-02-18 06:05:00-07,-77.0121396,38.9007698
SkipDC-352897091274764,"",2019-02-18 06:04:54-07,SkipDC,electric-scooter,2019-02-18 06:05:00-07,-77.0157533,38.89994
SkipDC-352897091434889,"",2019-02-18 06:04:54-07,SkipDC,electric-scooter,2019-02-18 06:05:00-07,-77.012205,38.89863
JumpDC-bike_23489,JUMP DC-2624,2019-02-18 06:04:09-07,JumpDC,pedal-assist-bike,2019-02-18 06:05:00-07,-77.0048766666667,38.89689
JumpDC-bike_23169,JUMP DC-2478,2019-02-18 06:04:09-07,JumpDC,pedal-assist-bike,2019-02-18 06:05:00-07,-77.00491,38.896825
SkipDC-352897091457187,"",2019-02-18 06:04:54-07,SkipDC,electric-scooter,2019-02-18 06:05:00-07,-77.0047024,38.8968299
SkipDC-352897091275084,"",2019-02-18 06:04:54-07,SkipDC,electric-scooter,2019-02-18 06:05:00-07,-77.0020067,38.90074
JumpDC-bike_23205,JUMP DC-2514,2019-02-18 06:04:09-07,JumpDC,pedal-assist-bike,2019-02-18 06:05:00-07,-76.994955,38.8999916666667
SkipDC-352897091323223,"",2019-02-18 06:04:54-07,SkipDC,electric-scooter,2019-02-18 06:05:00-07,-76.999435,38.8999933
SkipDC-352897091345309,"",2019-02-18 06:04:54-07,SkipDC,electric-scooter,2019-02-18 06:05:00-07,-76.99968,38.9001567
JumpDC-bike_23440,JUMP DC-2575,2019-02-18 06:04:09-07,JumpDC,pedal-assist-bike,2019-02-18 06:05:00-07,-76.9963166666667,38.9000566666667
JumpDC-bike_16501,JUMP DC-0188,2019-02-18 06:04:09-07,JumpDC,pedal-assist-bike,2019-02-18 06:05:00-07,-76.9962783333333,38.898505
JumpDC-bike_23216,JUMP DC-2525,2019-02-18 06:04:09-07,JumpDC,pedal-assist-bike,2019-02-18 06:05:00-07,-76.9984133333333,38.90006
SkipDC-352897091432321,"",2019-02-18 06:04:54-07,SkipDC,electric-scooter,2019-02-18 06:05:00-07,-76.9961671,38.9003422
JumpDC-bike_18879,JUMP DC-0838,2019-02-18 06:04:09-07,JumpDC,pedal-assist-bike,2019-02-18 06:05:00-07,-76.9962983333333,38.9000666666667
JumpDC-bike_23453,JUMP DC-2588  ,2019-02-18 06:04:09-07,JumpDC,pedal-assist-bike,2019-02-18 06:05:00-07,-76.998035,38.899895
JumpDC-bike_23425,JUMP DC-2560,2019-02-18 06:04:09-07,JumpDC,pedal-assist-bike,2019-02-18 06:05:00-07,-76.998195,38.9000883333333
SkipDC-352897091352065,"",2019-02-18 06:04:54-07,SkipDC,electric-scooter,2019-02-18 06:05:00-07,-76.9969983,38.9003167
SkipDC-352897091386220,"",2019-02-18 06:04:54-07,SkipDC,electric-scooter,2019-02-18 06:05:00-07,-76.9908695,38.8970782
SkipDC-352897091332802,"",2019-02-18 06:04:54-07,SkipDC,electric-scooter,2019-02-18 06:05:00-07,-76.9900475,38.8964411
SkipDC-352897091458821,"",2019-02-18 06:04:54-07,SkipDC,electric-scooter,2019-02-18 06:05:00-07,-76.9900475,38.8964411
SkipDC-352897091323207,"",2019-02-18 06:04:54-07,SkipDC,electric-scooter,2019-02-18 06:05:00-07,-76.9910457,38.9001098
SkipDC-352897091445141,"",2019-02-18 06:04:54-07,SkipDC,electric-scooter,2019-02-18 06:05:00-07,-76.9892577,38.900098
SkipDC-352897091434244,"",2019-02-18 06:04:54-07,SkipDC,electric-scooter,2019-02-18 06:05:00-07,-76.9858217,38.9001367
JumpDC-bike_23452,JUMP DC-2587,2019-02-18 06:04:09-07,JumpDC,pedal-assist-bike,2019-02-18 06:05:00-07,-76.9714533333333,38.89763
SkipDC-352897091444565,"",2019-02-18 06:04:54-07,SkipDC,electric-scooter,2019-02-18 06:05:00-07,-76.9742072,38.8981826
JumpDC-bike_23232,JUMP DC-2541,2019-02-18 06:04:09-07,JumpDC,pedal-assist-bike,2019-02-18 06:05:00-07,-76.9472083333333,38.897415
JumpDC-bike_23154,JUMP DC-2463,2019-02-18 06:04:09-07,JumpDC,pedal-assist-bike,2019-02-18 06:05:00-07,-76.947335,38.8974383333333
JumpDC-bike_18850,JUMP DC-0690,2019-02-18 06:04:09-07,JumpDC,pedal-assist-bike,2019-02-18 06:05:00-07,-76.9323183333333,38.8988116666667
SkipDC-352897091382740,"",2019-02-18 06:04:54-07,SkipDC,electric-scooter,2019-02-18 06:05:00-07,-77.0673411,38.9039167
SkipDC-352897091433766,"",2019-02-18 06:04:54-07,SkipDC,electric-scooter,2019-02-18 06:05:00-07,-77.0658731,38.9034265
SkipDC-352897091306087,"",2019-02-18 06:04:54-07,SkipDC,electric-scooter,2019-02-18 06:05:00-07,-77.0589694,38.9052688
JumpDC-bike_23494,JUMP DC-2629,2019-02-18 06:04:09-07,JumpDC,pedal-assist-bike,2019-02-18 06:05:00-07,-77.0627,38.9040966666667
JumpDC-bike_23630,JUMP DC-2665,2019-02-18 06:04:09-07,JumpDC,pedal-assist-bike,2019-02-18 06:05:00-07,-77.05908,38.9050333333333
SkipDC-352897091302060,"",2019-02-18 06:04:54-07,SkipDC,electric-scooter,2019-02-18 06:05:00-07,-77.06299,38.904255
SkipDC-352897091435985,"",2019-02-18 06:04:54-07,SkipDC,electric-scooter,2019-02-18 06:05:00-07,-77.0628233,38.9046517
SkipDC-352897091387285,"",2019-02-18 06:04:54-07,SkipDC,electric-scooter,2019-02-18 06:05:00-07,-77.058875,38.9043567
JumpDC-bike_23616,JUMP DC-2651,2019-02-18 06:04:09-07,JumpDC,pedal-assist-bike,2019-02-18 06:05:00-07,-77.059115,38.9050716666667
SkipDC-352897091315328,"",2019-02-18 06:04:54-07,SkipDC,electric-scooter,2019-02-18 06:05:00-07,-77.0640976,38.9029467
JumpDC-bike_23156,JUMP DC-2465,2019-02-18 06:04:09-07,JumpDC,pedal-assist-bike,2019-02-18 06:05:00-07,-77.0540516666667,38.9026266666667
JumpDC-bike_23448,JUMP DC-2583,2019-02-18 06:04:09-07,JumpDC,pedal-assist-bike,2019-02-18 06:05:00-07,-77.0581866666667,38.903875
SkipDC-352897090562524,"",2019-02-18 06:04:54-07,SkipDC,electric-scooter,2019-02-18 06:05:00-07,-77.0531633,38.9020933
SkipDC-352897090507545,"",2019-02-18 06:04:54-07,SkipDC,electric-scooter,2019-02-18 06:05:00-07,-77.0537354,38.9048156
SkipDC-352897091327828,"",2019-02-18 06:04:54-07,SkipDC,electric-scooter,2019-02-18 06:05:00-07,-77.05142,38.90512
SkipDC-352897091456726,"",2019-02-18 06:04:54-07,SkipDC,electric-scooter,2019-02-18 06:05:00-07,-77.0482533,38.90527
SkipDC-352897091330061,"",2019-02-18 06:04:54-07,SkipDC,electric-scooter,2019-02-18 06:05:00-07,-77.0497517,38.9009783
SkipDC-352897091315286,"",2019-02-18 06:04:54-07,SkipDC,electric-scooter,2019-02-18 06:05:00-07,-77.04506,38.9022533
SkipDC-352897091388408,"",2019-02-18 06:04:54-07,SkipDC,electric-scooter,2019-02-18 06:05:00-07,-77.04702,38.90274
SkipDC-352897091444268,"",2019-02-18 06:04:54-07,SkipDC,electric-scooter,2019-02-18 06:05:00-07,-77.0365,38.90286
SkipDC-352897091312986,"",2019-02-18 06:04:54-07,SkipDC,electric-scooter,2019-02-18 06:05:00-07,-77.039675,38.90149
SkipDC-352897091414188,"",2019-02-18 06:04:54-07,SkipDC,electric-scooter,2019-02-18 06:05:00-07,-77.0377517,38.9013783
SkipDC-352897091279482,"",2019-02-18 06:04:54-07,SkipDC,electric-scooter,2019-02-18 06:05:00-07,-77.0402183,38.9041217
SkipDC-352897091427008,"",2019-02-18 06:04:54-07,SkipDC,electric-scooter,2019-02-18 06:05:00-07,-77.0401035,38.9042032
SkipDC-352897091428543,"",2019-02-18 06:04:54-07,SkipDC,electric-scooter,2019-02-18 06:05:00-07,-77.0347117,38.9010083
SkipDC-352897090437164,"",2019-02-18 06:04:54-07,SkipDC,electric-scooter,2019-02-18 06:05:00-07,-77.032945,38.9016333
SkipDC-352897091431323,"",2019-02-18 06:04:54-07,SkipDC,electric-scooter,2019-02-18 06:05:00-07,-77.0319517,38.90351
SkipDC-352897091331606,"",2019-02-18 06:04:54-07,SkipDC,electric-scooter,2019-02-18 06:05:00-07,-77.0328967,38.9045767
SkipDC-352897091390107,"",2019-02-18 06:04:54-07,SkipDC,electric-scooter,2019-02-18 06:05:00-07,-77.0248433,38.9029283
SkipDC-352897091345945,"",2019-02-18 06:04:54-07,SkipDC,electric-scooter,2019-02-18 06:05:00-07,-77.0247937,38.9041042
SkipDC-352897091456320,"",2019-02-18 06:04:54-07,SkipDC,electric-scooter,2019-02-18 06:05:00-07,-77.0242717,38.90418
SkipDC-352897091453723,"",2019-02-18 06:04:54-07,SkipDC,electric-scooter,2019-02-18 06:05:00-07,-77.026385,38.9024383
SkipDC-352897091407067,"",2019-02-18 06:04:54-07,SkipDC,electric-scooter,2019-02-18 06:05:00-07,-77.0267136,38.9043063
SkipDC-352897091386048,"",2019-02-18 06:04:54-07,SkipDC,electric-scooter,2019-02-18 06:05:00-07,-77.0193505,38.9011414
SkipDC-352897091457146,"",2019-02-18 06:04:54-07,SkipDC,electric-scooter,2019-02-18 06:05:00-07,-77.018265,38.9013317
SkipDC-352897091387921,"",2019-02-18 06:04:54-07,SkipDC,electric-scooter,2019-02-18 06:05:00-07,-77.0171167,38.9052817
SkipDC-352897091274327,"",2019-02-18 06:04:54-07,SkipDC,electric-scooter,2019-02-18 06:05:00-07,-77.0124154,38.9051863
SkipDC-352897091351562,"",2019-02-18 06:04:54-07,SkipDC,electric-scooter,2019-02-18 06:05:00-07,-77.0124317,38.90529
SkipDC-352897090527006,"",2019-02-18 06:04:54-07,SkipDC,electric-scooter,2019-02-18 06:05:00-07,-77.0422949,38.9073479
SkipDC-352897091392145,"",2019-02-18 06:04:54-07,SkipDC,electric-scooter,2019-02-18 06:05:00-07,-77.0413783,38.9062498
SkipDC-352897091408685,"",2019-02-18 06:04:54-07,SkipDC,electric-scooter,2019-02-18 06:05:00-07,-77.0457067,38.909295
SkipDC-352897091288764,"",2019-02-18 06:04:54-07,SkipDC,electric-scooter,2019-02-18 06:05:00-07,-77.0411617,38.9064417
SkipDC-352897091268840,"",2019-02-18 06:04:54-07,SkipDC,electric-scooter,2019-02-18 06:05:00-07,-77.04007,38.9061617
SkipDC-352897091452667,"",2019-02-18 06:04:54-07,SkipDC,electric-scooter,2019-02-18 06:05:00-07,-77.0390945,38.9071896
SkipDC-352897091433261,"",2019-02-18 06:04:54-07,SkipDC,electric-scooter,2019-02-18 06:05:00-07,-77.0357817,38.9077483
SkipDC-352897091462203,"",2019-02-18 06:04:54-07,SkipDC,electric-scooter,2019-02-18 06:05:00-07,-77.0338812,38.9055582
SkipDC-352897091356124,"",2019-02-18 06:04:54-07,SkipDC,electric-scooter,2019-02-18 06:05:00-07,-77.0337048,38.9058078
SkipDC-352897091383862,"",2019-02-18 06:04:54-07,SkipDC,electric-scooter,2019-02-18 06:05:00-07,-77.0335483,38.905775
SkipDC-352897091268287,"",2019-02-18 06:04:54-07,SkipDC,electric-scooter,2019-02-18 06:05:00-07,-77.0337233,38.9058883
SkipDC-352897091380769,"",2019-02-18 06:04:54-07,SkipDC,electric-scooter,2019-02-18 06:05:00-07,-77.0289183,38.9072117
SkipDC-352897091298003,"",2019-02-18 06:04:54-07,SkipDC,electric-scooter,2019-02-18 06:05:00-07,-77.0284617,38.907165
SkipDC-352897091270788,"",2019-02-18 06:04:54-07,SkipDC,electric-scooter,2019-02-18 06:05:00-07,-77.0269174,38.9076446
SkipDC-352897091276421,"",2019-02-18 06:04:54-07,SkipDC,electric-scooter,2019-02-18 06:05:00-07,-77.0245567,38.9081233
SkipDC-352897091406648,"",2019-02-18 06:04:54-07,SkipDC,electric-scooter,2019-02-18 06:05:00-07,-77.0250241,38.9087798
SkipDC-352897091293608,"",2019-02-18 06:04:54-07,SkipDC,electric-scooter,2019-02-18 06:05:00-07,-77.0281817,38.90859
SkipDC-352897091459787,"",2019-02-18 06:04:54-07,SkipDC,electric-scooter,2019-02-18 06:05:00-07,-77.0274887,38.9086288
SkipDC-352897091390529,"",2019-02-18 06:04:54-07,SkipDC,electric-scooter,2019-02-18 06:05:00-07,-77.02615,38.9089067
SkipDC-352897091327166,"",2019-02-18 06:04:54-07,SkipDC,electric-scooter,2019-02-18 06:05:00-07,-77.0246867,38.9064917
SkipDC-352897091358120,"",2019-02-18 06:04:54-07,SkipDC,electric-scooter,2019-02-18 06:05:00-07,-77.0242893,38.907264
JumpDC-bike_23629,JUMP DC-2664,2019-02-18 06:04:09-07,JumpDC,pedal-assist-bike,2019-02-18 06:05:00-07,-77.02083,38.9096416666667
SkipDC-352897091350846,"",2019-02-18 06:04:54-07,SkipDC,electric-scooter,2019-02-18 06:05:00-07,-77.0219169,38.9062724
SkipDC-352897091433543,"",2019-02-18 06:04:54-07,SkipDC,electric-scooter,2019-02-18 06:05:00-07,-77.0217745,38.9064971
SkipDC-352897091401920,"",2019-02-18 06:04:54-07,SkipDC,electric-scooter,2019-02-18 06:05:00-07,-77.0189067,38.9090517
SkipDC-352897091386162,"",2019-02-18 06:04:54-07,SkipDC,electric-scooter,2019-02-18 06:05:00-07,-77.0153683,38.9066933
SkipDC-352897091345481,"",2019-02-18 06:04:54-07,SkipDC,electric-scooter,2019-02-18 06:05:00-07,-77.009985,38.9079017
SkipDC-352897091297427,"",2019-02-18 06:04:54-07,SkipDC,electric-scooter,2019-02-18 06:05:00-07,-77.0103917,38.9086071
SkipDC-352897091326606,"",2019-02-18 06:04:54-07,SkipDC,electric-scooter,2019-02-18 06:05:00-07,-77.0353117,38.914205
SkipDC-352897091428204,"",2019-02-18 06:04:54-07,SkipDC,electric-scooter,2019-02-18 06:05:00-07,-77.0335647,38.9103767
SkipDC-352897091279342,"",2019-02-18 06:04:54-07,SkipDC,electric-scooter,2019-02-18 06:05:00-07,-77.0336533,38.911985
SkipDC-352897091390123,"",2019-02-18 06:04:54-07,SkipDC,electric-scooter,2019-02-18 06:05:00-07,-77.030359,38.9125422
SkipDC-352897091342306,"",2019-02-18 06:04:54-07,SkipDC,electric-scooter,2019-02-18 06:05:00-07,-77.0273072,38.9142246
SkipDC-352897091435449,"",2019-02-18 06:04:54-07,SkipDC,electric-scooter,2019-02-18 06:05:00-07,-77.0274733,38.9123683
SkipDC-352897091434608,"",2019-02-18 06:04:54-07,SkipDC,electric-scooter,2019-02-18 06:05:00-07,-77.0220129,38.9112918
JumpDC-bike_18849,JUMP DC-0694,2019-02-18 06:04:09-07,JumpDC,pedal-assist-bike,2019-02-18 06:05:00-07,-77.0223783333333,38.91409
SkipDC-352897091273600,"",2019-02-18 06:04:54-07,SkipDC,electric-scooter,2019-02-18 06:05:00-07,-77.0219183,38.9105067
SkipDC-352897091437429,"",2019-02-18 06:04:54-07,SkipDC,electric-scooter,2019-02-18 06:05:00-07,-77.023185,38.9128333
SkipDC-352897091352347,"",2019-02-18 06:04:54-07,SkipDC,electric-scooter,2019-02-18 06:05:00-07,-77.0219264,38.9108455
JumpDC-bike_23695,JUMP DC-2730,2019-02-18 06:04:09-07,JumpDC,pedal-assist-bike,2019-02-18 06:05:00-07,-77.0141666666667,38.913395
JumpDC-bike_18930,JUMP DC-0809,2019-02-18 06:04:09-07,JumpDC,pedal-assist-bike,2019-02-18 06:05:00-07,-76.995745,38.912055
JumpDC-bike_16532,JUMP DC-0223,2019-02-18 06:04:09-07,JumpDC,pedal-assist-bike,2019-02-18 06:05:00-07,-76.9718916666667,38.9126183333333
SkipDC-352897091305527,"",2019-02-18 06:04:54-07,SkipDC,electric-scooter,2019-02-18 06:05:00-07,-77.0743045,38.9162224
SkipDC-352897091358724,"",2019-02-18 06:04:54-07,SkipDC,electric-scooter,2019-02-18 06:05:00-07,-77.0705283,38.9145783
SkipDC-352897091409907,"",2019-02-18 06:04:54-07,SkipDC,electric-scooter,2019-02-18 06:05:00-07,-77.0526246,38.9146009
SkipDC-352897091273964,"",2019-02-18 06:04:54-07,SkipDC,electric-scooter,2019-02-18 06:05:00-07,-77.0483983,38.9162933
SkipDC-352897091457021,"",2019-02-18 06:04:54-07,SkipDC,electric-scooter,2019-02-18 06:05:00-07,-77.04387,38.91586
SkipDC-352897091340425,"",2019-02-18 06:04:54-07,SkipDC,electric-scooter,2019-02-18 06:05:00-07,-77.0416283,38.9162933
SkipDC-352897091428725,"",2019-02-18 06:04:54-07,SkipDC,electric-scooter,2019-02-18 06:05:00-07,-77.0423446,38.9170183
SkipDC-352897091359383,"",2019-02-18 06:04:54-07,SkipDC,electric-scooter,2019-02-18 06:05:00-07,-77.0458133,38.91617
SkipDC-352897091331481,"",2019-02-18 06:04:54-07,SkipDC,electric-scooter,2019-02-18 06:05:00-07,-77.0434467,38.916033
SkipDC-352897091429343,"",2019-02-18 06:04:54-07,SkipDC,electric-scooter,2019-02-18 06:05:00-07,-77.0443742,38.9178124
SkipDC-352897091295207,"",2019-02-18 06:04:54-07,SkipDC,electric-scooter,2019-02-18 06:05:00-07,-77.0441683,38.9177383
JumpDC-bike_23449,JUMP DC-2584,2019-02-18 06:04:09-07,JumpDC,pedal-assist-bike,2019-02-18 06:05:00-07,-77.04174,38.9185616666667
JumpDC-bike_23461,JUMP DC-2596,2019-02-18 06:04:09-07,JumpDC,pedal-assist-bike,2019-02-18 06:05:00-07,-77.040525,38.917645
SkipDC-352897091444581,"",2019-02-18 06:04:54-07,SkipDC,electric-scooter,2019-02-18 06:05:00-07,-77.037715,38.9159933
SkipDC-352897091315021,"",2019-02-18 06:04:54-07,SkipDC,electric-scooter,2019-02-18 06:05:00-07,-77.0396467,38.9165817
SkipDC-352897091322829,"",2019-02-18 06:04:54-07,SkipDC,electric-scooter,2019-02-18 06:05:00-07,-77.0321583,38.9169174
JumpDC-bike_23202,JUMP DC-2511,2019-02-18 06:04:09-07,JumpDC,pedal-assist-bike,2019-02-18 06:05:00-07,-77.0319133333333,38.9180533333333
JumpDC-bike_18883,JUMP DC-0842,2019-02-18 06:04:09-07,JumpDC,pedal-assist-bike,2019-02-18 06:05:00-07,-77.03177,38.917965
JumpDC-bike_23175,JUMP DC-2484,2019-02-18 06:04:09-07,JumpDC,pedal-assist-bike,2019-02-18 06:05:00-07,-77.0317483333333,38.9158233333333
JumpDC-bike_18874,JUMP DC-0833,2019-02-18 06:04:09-07,JumpDC,pedal-assist-bike,2019-02-18 06:05:00-07,-77.0315833333333,38.9169716666667
SkipDC-352897091326648,"",2019-02-18 06:04:54-07,SkipDC,electric-scooter,2019-02-18 06:05:00-07,-77.031935,38.915735
SkipDC-352897091385941,"",2019-02-18 06:04:54-07,SkipDC,electric-scooter,2019-02-18 06:05:00-07,-77.0342333,38.91699
JumpDC-bike_23177,JUMP DC-2486,2019-02-18 06:04:09-07,JumpDC,pedal-assist-bike,2019-02-18 06:05:00-07,-77.0289466666667,38.91718
SkipDC-352897091311582,"",2019-02-18 06:04:54-07,SkipDC,electric-scooter,2019-02-18 06:05:00-07,-77.028245,38.9175283
SkipDC-352897091389448,"",2019-02-18 06:04:54-07,SkipDC,electric-scooter,2019-02-18 06:05:00-07,-77.0241235,38.9164637
SkipDC-352897091392103,"",2019-02-18 06:04:54-07,SkipDC,electric-scooter,2019-02-18 06:05:00-07,-77.0249609,38.9183538
JumpDC-bike_23633,JUMP DC-2668,2019-02-18 06:04:09-07,JumpDC,pedal-assist-bike,2019-02-18 06:05:00-07,-77.0289566666667,38.9171733333333
JumpDC-bike_23694,JUMP DC-2729,2019-02-18 06:04:09-07,JumpDC,pedal-assist-bike,2019-02-18 06:05:00-07,-77.021885,38.9144183333333
SkipDC-352897091269665,"",2019-02-18 06:04:54-07,SkipDC,electric-scooter,2019-02-18 06:05:00-07,-77.0207467,38.9158933
SkipDC-352897091331028,"",2019-02-18 06:04:54-07,SkipDC,electric-scooter,2019-02-18 06:05:00-07,-77.012305,38.9158717
JumpDC-bike_18901,JUMP DC-0780,2019-02-18 06:04:09-07,JumpDC,pedal-assist-bike,2019-02-18 06:05:00-07,-76.9620716666667,38.9186083333333
SkipDC-352897091266943,"",2019-02-18 06:04:54-07,SkipDC,electric-scooter,2019-02-18 06:05:00-07,-77.0804017,38.9207517
JumpDC-bike_23457,JUMP DC-2592,2019-02-18 06:04:09-07,JumpDC,pedal-assist-bike,2019-02-18 06:05:00-07,-77.04089,38.9243733333333
JumpDC-bike_23662,JUMP DC-2697,2019-02-18 06:04:09-07,JumpDC,pedal-assist-bike,2019-02-18 06:05:00-07,-77.03933,38.92709
JumpDC-bike_23683,JUMP DC-2718,2019-02-18 06:04:09-07,JumpDC,pedal-assist-bike,2019-02-18 06:05:00-07,-77.038815,38.9250633333333
SkipDC-352897091287246,"",2019-02-18 06:04:54-07,SkipDC,electric-scooter,2019-02-18 06:05:00-07,-77.0368364,38.9241838
SkipDC-352897091267289,"",2019-02-18 06:04:54-07,SkipDC,electric-scooter,2019-02-18 06:05:00-07,-77.0372954,38.9260866
SkipDC-352897091431349,"",2019-02-18 06:04:54-07,SkipDC,electric-scooter,2019-02-18 06:05:00-07,-77.0362149,38.9278019
JumpDC-bike_18851,JUMP DC-0696 (Dummy Controller),2019-02-18 06:04:09-07,JumpDC,pedal-assist-bike,2019-02-18 06:05:00-07,-77.02966,38.9260566666667
SkipDC-352897091325921,"",2019-02-18 06:04:54-07,SkipDC,electric-scooter,2019-02-18 06:05:00-07,-77.0300939,38.9239552
JumpDC-bike_23681,JUMP DC-2716,2019-02-18 06:04:09-07,JumpDC,pedal-assist-bike,2019-02-18 06:05:00-07,-77.0271466666667,38.9261583333333
SkipDC-352897091381726,"",2019-02-18 06:04:54-07,SkipDC,electric-scooter,2019-02-18 06:05:00-07,-77.0276517,38.9238883
SkipDC-352897091298029,"",2019-02-18 06:04:54-07,SkipDC,electric-scooter,2019-02-18 06:05:00-07,-77.029085,38.9268
SkipDC-352897091406481,"",2019-02-18 06:04:54-07,SkipDC,electric-scooter,2019-02-18 06:05:00-07,-77.0237459,38.9270252
JumpDC-bike_23487,JUMP DC-2622,2019-02-18 06:04:09-07,JumpDC,pedal-assist-bike,2019-02-18 06:05:00-07,-77.0228583333333,38.92509
SkipDC-352897091398621,"",2019-02-18 06:04:54-07,SkipDC,electric-scooter,2019-02-18 06:05:00-07,-77.022795,38.927393
SkipDC-352897091384548,"",2019-02-18 06:04:54-07,SkipDC,electric-scooter,2019-02-18 06:05:00-07,-77.0227467,38.927475
SkipDC-352897091287709,"",2019-02-18 06:04:54-07,SkipDC,electric-scooter,2019-02-18 06:05:00-07,-77.0071436,38.9255209
SkipDC-352897091315880,"",2019-02-18 06:04:54-07,SkipDC,electric-scooter,2019-02-18 06:05:00-07,-76.9977233,38.9268883
JumpDC-bike_23624,JUMP DC-2659,2019-02-18 06:04:09-07,JumpDC,pedal-assist-bike,2019-02-18 06:05:00-07,-76.960375,38.9241966666667
JumpDC-bike_23189,JUMP DC-2498,2019-02-18 06:04:09-07,JumpDC,pedal-assist-bike,2019-02-18 06:05:00-07,-77.082265,38.930375
SkipDC-352897091273261,"",2019-02-18 06:04:54-07,SkipDC,electric-scooter,2019-02-18 06:05:00-07,-77.064075,38.9291117
SkipDC-352897091421340,"",2019-02-18 06:04:54-07,SkipDC,electric-scooter,2019-02-18 06:05:00-07,-77.060865,38.930095
SkipDC-352897091306202,"",2019-02-18 06:04:54-07,SkipDC,electric-scooter,2019-02-18 06:05:00-07,-77.0528567,38.9279283
SkipDC-352897091329824,"",2019-02-18 06:04:54-07,SkipDC,electric-scooter,2019-02-18 06:05:00-07,-77.0444597,38.9303217
SkipDC-352897091435746,"",2019-02-18 06:04:54-07,SkipDC,electric-scooter,2019-02-18 06:05:00-07,-77.0373667,38.9285067
JumpDC-bike_23445,JUMP DC-2580,2019-02-18 06:04:09-07,JumpDC,pedal-assist-bike,2019-02-18 06:05:00-07,-77.0327466666667,38.9320266666667
JumpDC-bike_23680,JUMP DC-2715,2019-02-18 06:04:09-07,JumpDC,pedal-assist-bike,2019-02-18 06:05:00-07,-77.03167,38.9321966666667
JumpDC-bike_18871,JUMP DC-0830,2019-02-18 06:04:09-07,JumpDC,pedal-assist-bike,2019-02-18 06:05:00-07,-77.031975,38.930335
JumpDC-bike_23697,JUMP DC-2732,2019-02-18 06:04:09-07,JumpDC,pedal-assist-bike,2019-02-18 06:05:00-07,-77.0320083333333,38.9305783333333
SkipDC-352897091379589,"",2019-02-18 06:04:54-07,SkipDC,electric-scooter,2019-02-18 06:05:00-07,-77.0325283,38.9301933
JumpDC-bike_23490,JUMP DC-2625,2019-02-18 06:04:09-07,JumpDC,pedal-assist-bike,2019-02-18 06:05:00-07,-77.0270866666667,38.9311183333333
JumpDC-bike_18884,JUMP DC-0843,2019-02-18 06:04:09-07,JumpDC,pedal-assist-bike,2019-02-18 06:05:00-07,-77.0247333333333,38.932005
SkipDC-352897091437585,"",2019-02-18 06:04:54-07,SkipDC,electric-scooter,2019-02-18 06:05:00-07,-77.0214665,38.9290866
SkipDC-352897091427206,"",2019-02-18 06:04:54-07,SkipDC,electric-scooter,2019-02-18 06:05:00-07,-77.0053141,38.929543
JumpDC-bike_23213,JUMP DC-2522,2019-02-18 06:04:09-07,JumpDC,pedal-assist-bike,2019-02-18 06:05:00-07,-76.972295,38.9322466666667
JumpDC-bike_18853,JUMP DC-0695,2019-02-18 06:04:09-07,JumpDC,pedal-assist-bike,2019-02-18 06:05:00-07,-76.9722383333333,38.9322266666667
JumpDC-bike_23701,JUMP DC-2736,2019-02-18 06:04:09-07,JumpDC,pedal-assist-bike,2019-02-18 06:05:00-07,-76.95764,38.9294083333333
JumpDC-bike_23684,JUMP DC-2719,2019-02-18 06:04:09-07,JumpDC,pedal-assist-bike,2019-02-18 06:05:00-07,-77.1090066666667,38.9356583333333
JumpDC-bike_23497,JUMP DC-2632,2019-02-18 06:04:09-07,JumpDC,pedal-assist-bike,2019-02-18 06:05:00-07,-77.08715,38.9363566666667
JumpDC-bike_23484,JUMP DC-2619,2019-02-18 06:04:09-07,JumpDC,pedal-assist-bike,2019-02-18 06:05:00-07,-77.082335,38.9343816666667
SkipDC-352897091328800,"",2019-02-18 06:04:54-07,SkipDC,electric-scooter,2019-02-18 06:05:00-07,-77.082,38.9355083
SkipDC-352897091389828,"",2019-02-18 06:04:54-07,SkipDC,electric-scooter,2019-02-18 06:05:00-07,-77.073325,38.9357117
SkipDC-352897091408768,"",2019-02-18 06:04:54-07,SkipDC,electric-scooter,2019-02-18 06:05:00-07,-77.0732517,38.93574
SkipDC-352897091315260,"",2019-02-18 06:04:54-07,SkipDC,electric-scooter,2019-02-18 06:05:00-07,-77.0725446,38.9335664
SkipDC-352897091280100,"",2019-02-18 06:04:54-07,SkipDC,electric-scooter,2019-02-18 06:05:00-07,-77.0727767,38.9346417
SkipDC-352897091435761,"",2019-02-18 06:04:54-07,SkipDC,electric-scooter,2019-02-18 06:05:00-07,-77.0727483,38.93478
SkipDC-352897091463045,"",2019-02-18 06:04:54-07,SkipDC,electric-scooter,2019-02-18 06:05:00-07,-77.0588633,38.935705
JumpDC-bike_18845,JUMP DC-0722,2019-02-18 06:04:09-07,JumpDC,pedal-assist-bike,2019-02-18 06:05:00-07,-77.0586133333333,38.9360366666667
SkipDC-352897091437189,"",2019-02-18 06:04:54-07,SkipDC,electric-scooter,2019-02-18 06:05:00-07,-77.0580133,38.9351717
SkipDC-352897091295660,"",2019-02-18 06:04:54-07,SkipDC,electric-scooter,2019-02-18 06:05:00-07,-77.0411083,38.9333017
SkipDC-352897091338742,"",2019-02-18 06:04:54-07,SkipDC,electric-scooter,2019-02-18 06:05:00-07,-77.0387299,38.9340683
SkipDC-352897091461429,"",2019-02-18 06:04:54-07,SkipDC,electric-scooter,2019-02-18 06:05:00-07,-77.0340333,38.9346317
SkipDC-352897091314644,"",2019-02-18 06:04:54-07,SkipDC,electric-scooter,2019-02-18 06:05:00-07,-77.0782936,38.9460104
SkipDC-352897091294705,"",2019-02-18 06:04:54-07,SkipDC,electric-scooter,2019-02-18 06:05:00-07,-77.06466,38.9492508
JumpDC-bike_23617,JUMP DC-2652,2019-02-18 06:04:09-07,JumpDC,pedal-assist-bike,2019-02-18 06:05:00-07,-77.06209,38.9549316666667
SkipDC-352897091456007,"",2019-02-18 06:04:54-07,SkipDC,electric-scooter,2019-02-18 06:05:00-07,-77.0199033,38.9565733
JumpDC-bike_23207,JUMP DC-2516,2019-02-18 06:04:09-07,JumpDC,pedal-assist-bike,2019-02-18 06:05:00-07,-77.074795,38.96339
SkipDC-352897091279748,"",2019-02-18 06:04:54-07,SkipDC,electric-scooter,2019-02-18 06:05:00-07,-77.0181663,38.9613186
JumpDC-bike_23430,JUMP DC-2565,2019-02-18 06:04:09-07,JumpDC,pedal-assist-bike,2019-02-18 06:05:00-07,-77.0181566666667,38.974095
SkipDC-352897091388945,"",2019-02-18 06:19:55-07,SkipDC,electric-scooter,2019-02-18 06:20:00-07,-77.0516659,38.8372585
SkipDC-352897091303209,"",2019-02-18 06:19:55-07,SkipDC,electric-scooter,2019-02-18 06:20:00-07,-77.0507782,38.8441047
SkipDC-352897091290380,"",2019-02-18 06:19:55-07,SkipDC,electric-scooter,2019-02-18 06:20:00-07,-77.0506417,38.8440733
SkipDC-352897091452808,"",2019-02-18 06:19:55-07,SkipDC,electric-scooter,2019-02-18 06:20:00-07,-77.0506317,38.8440733
SkipDC-352897091284821,"",2019-02-18 06:19:55-07,SkipDC,electric-scooter,2019-02-18 06:20:00-07,-76.981385,38.844985
SkipDC-352897091409709,"",2019-02-18 06:19:55-07,SkipDC,electric-scooter,2019-02-18 06:20:00-07,-77.05384,38.8481183
SkipDC-352897090512669,"",2019-02-18 06:19:55-07,SkipDC,electric-scooter,2019-02-18 06:20:00-07,-77.05222,38.848145
SkipDC-352897091457963,"",2019-02-18 06:19:55-07,SkipDC,electric-scooter,2019-02-18 06:20:00-07,-77.0515433,38.8484367
SkipDC-352897091444987,"",2019-02-18 06:19:55-07,SkipDC,electric-scooter,2019-02-18 06:20:00-07,-77.0514583,38.8484333
SkipDC-352897091321227,"",2019-02-18 06:19:55-07,SkipDC,electric-scooter,2019-02-18 06:20:00-07,-77.05096,38.849365
SkipDC-352897091305006,"",2019-02-18 06:19:55-07,SkipDC,electric-scooter,2019-02-18 06:20:00-07,-77.0521267,38.8481517
SkipDC-352897091383144,"",2019-02-18 06:19:55-07,SkipDC,electric-scooter,2019-02-18 06:20:00-07,-77.051055,38.8495833
SkipDC-352897091263627,"",2019-02-18 06:19:55-07,SkipDC,electric-scooter,2019-02-18 06:20:00-07,-77.0538654,38.8543471
SkipDC-352897091356207,"",2019-02-18 06:19:55-07,SkipDC,electric-scooter,2019-02-18 06:20:00-07,-77.0529917,38.85832
SkipDC-352897091315583,"",2019-02-18 06:19:55-07,SkipDC,electric-scooter,2019-02-18 06:20:00-07,-77.0561817,38.859545
SkipDC-352897091358583,"",2019-02-18 06:19:55-07,SkipDC,electric-scooter,2019-02-18 06:20:00-07,-77.0537198,38.8596439
SkipDC-352897091321805,"",2019-02-18 06:19:55-07,SkipDC,electric-scooter,2019-02-18 06:20:00-07,-77.0537267,38.8597133
SkipDC-352897091310709,"",2019-02-18 06:19:55-07,SkipDC,electric-scooter,2019-02-18 06:20:00-07,-77.0536533,38.8597933
JumpDC-bike_23221,JUMP DC-2530,2019-02-18 06:18:58-07,JumpDC,pedal-assist-bike,2019-02-18 06:20:00-07,-77.0576966666667,38.8600916666667
SkipDC-352897091385404,"",2019-02-18 06:19:55-07,SkipDC,electric-scooter,2019-02-18 06:20:00-07,-77.0533417,38.8574967
SkipDC-352897091295827,"",2019-02-18 06:19:55-07,SkipDC,electric-scooter,2019-02-18 06:20:00-07,-77.05351,38.8583533
SkipDC-352897091267669,"",2019-02-18 06:19:55-07,SkipDC,electric-scooter,2019-02-18 06:20:00-07,-77.0558383,38.859525
SkipDC-352897091452287,"",2019-02-18 06:19:55-07,SkipDC,electric-scooter,2019-02-18 06:20:00-07,-77.0537479,38.8592955
SkipDC-352897091381007,"",2019-02-18 06:19:55-07,SkipDC,electric-scooter,2019-02-18 06:20:00-07,-77.0537479,38.8573679
SkipDC-352897091452766,"",2019-02-18 06:19:55-07,SkipDC,electric-scooter,2019-02-18 06:20:00-07,-77.0530404,38.8574189
SkipDC-352897091432065,"",2019-02-18 06:19:55-07,SkipDC,electric-scooter,2019-02-18 06:20:00-07,-77.0531517,38.8574583
SkipDC-352897091324007,"",2019-02-18 06:19:55-07,SkipDC,electric-scooter,2019-02-18 06:20:00-07,-77.0528646,38.8572423
SkipDC-352897091315922,"",2019-02-18 06:19:55-07,SkipDC,electric-scooter,2019-02-18 06:20:00-07,-77.0526817,38.8597
SkipDC-352897091315047,"",2019-02-18 06:19:55-07,SkipDC,electric-scooter,2019-02-18 06:20:00-07,-77.05281,38.8599217
SkipDC-352897091444185,"",2019-02-18 06:19:55-07,SkipDC,electric-scooter,2019-02-18 06:20:00-07,-77.0495183,38.860175
SkipDC-352897091280381,"",2019-02-18 06:19:55-07,SkipDC,electric-scooter,2019-02-18 06:20:00-07,-77.051255,38.8594783
SkipDC-352897091384506,"",2019-02-18 06:19:55-07,SkipDC,electric-scooter,2019-02-18 06:20:00-07,-77.0509817,38.8592983
SkipDC-352897091287626,"",2019-02-18 06:19:55-07,SkipDC,electric-scooter,2019-02-18 06:20:00-07,-77.0512283,38.8594733
SkipDC-352897091356546,"",2019-02-18 06:19:55-07,SkipDC,electric-scooter,2019-02-18 06:20:00-07,-77.0529133,38.8581933
SkipDC-352897091445265,"",2019-02-18 06:19:55-07,SkipDC,electric-scooter,2019-02-18 06:20:00-07,-77.0526783,38.8597333
SkipDC-352897091272867,"",2019-02-18 06:19:55-07,SkipDC,electric-scooter,2019-02-18 06:20:00-07,-77.0527634,38.859798
SkipDC-352897091278229,"",2019-02-18 06:19:55-07,SkipDC,electric-scooter,2019-02-18 06:20:00-07,-77.0528525,38.8571962
SkipDC-352897091408784,"",2019-02-18 06:19:55-07,SkipDC,electric-scooter,2019-02-18 06:20:00-07,-77.0490705,38.8594126
SkipDC-352897091391469,"",2019-02-18 06:19:55-07,SkipDC,electric-scooter,2019-02-18 06:20:00-07,-77.0529347,38.8597865
SkipDC-352897091387046,"",2019-02-18 06:19:55-07,SkipDC,electric-scooter,2019-02-18 06:20:00-07,-77.0527317,38.8599183
SkipDC-352897091432206,"",2019-02-18 06:19:55-07,SkipDC,electric-scooter,2019-02-18 06:20:00-07,-77.0526067,38.8598
SkipDC-352897091306889,"",2019-02-18 06:19:55-07,SkipDC,electric-scooter,2019-02-18 06:20:00-07,-77.0490705,38.8590914
SkipDC-352897091291768,"",2019-02-18 06:19:55-07,SkipDC,electric-scooter,2019-02-18 06:20:00-07,-76.9877749,38.8591371
SkipDC-352897091303225,"",2019-02-18 06:19:55-07,SkipDC,electric-scooter,2019-02-18 06:20:00-07,-77.0628533,38.8618083
SkipDC-352897091397946,"",2019-02-18 06:19:55-07,SkipDC,electric-scooter,2019-02-18 06:20:00-07,-77.0597983,38.8623733
SkipDC-352897091273584,"",2019-02-18 06:19:55-07,SkipDC,electric-scooter,2019-02-18 06:20:00-07,-77.0611,38.8610067
SkipDC-352897091272149,"",2019-02-18 06:19:55-07,SkipDC,electric-scooter,2019-02-18 06:20:00-07,-77.0598547,38.8619292
SkipDC-352897091288681,"",2019-02-18 06:19:55-07,SkipDC,electric-scooter,2019-02-18 06:20:00-07,-77.05956,38.8628117
SkipDC-352897091342785,"",2019-02-18 06:19:55-07,SkipDC,electric-scooter,2019-02-18 06:20:00-07,-77.0629,38.861795
SkipDC-352897091382708,"",2019-02-18 06:19:55-07,SkipDC,electric-scooter,2019-02-18 06:20:00-07,-77.059105,38.8617817
SkipDC-352897090517403,"",2019-02-18 06:19:55-07,SkipDC,electric-scooter,2019-02-18 06:20:00-07,-77.06016,38.8607467
SkipDC-352897091385149,"",2019-02-18 06:19:55-07,SkipDC,electric-scooter,2019-02-18 06:20:00-07,-77.0597344,38.8608637
SkipDC-352897091390008,"",2019-02-18 06:19:55-07,SkipDC,electric-scooter,2019-02-18 06:20:00-07,-77.0628067,38.86163
SkipDC-352897091382484,"",2019-02-18 06:19:55-07,SkipDC,electric-scooter,2019-02-18 06:20:00-07,-77.0598,38.8624367
SkipDC-352897091434269,"",2019-02-18 06:19:55-07,SkipDC,electric-scooter,2019-02-18 06:20:00-07,-77.0635717,38.8641433
SkipDC-352897091345820,"",2019-02-18 06:19:55-07,SkipDC,electric-scooter,2019-02-18 06:20:00-07,-77.0629967,38.8615983
SkipDC-352897091327562,"",2019-02-18 06:19:55-07,SkipDC,electric-scooter,2019-02-18 06:20:00-07,-77.0622167,38.861585
SkipDC-352897091384720,"",2019-02-18 06:19:55-07,SkipDC,electric-scooter,2019-02-18 06:20:00-07,-77.0624217,38.861625
SkipDC-352897091458482,"",2019-02-18 06:19:55-07,SkipDC,electric-scooter,2019-02-18 06:20:00-07,-77.05968,38.862215
SkipDC-352897091428360,"",2019-02-18 06:19:55-07,SkipDC,electric-scooter,2019-02-18 06:20:00-07,-77.0591447,38.8637566
SkipDC-352897091444409,"",2019-02-18 06:19:55-07,SkipDC,electric-scooter,2019-02-18 06:20:00-07,-77.0612783,38.8608233
SkipDC-352897091436983,"",2019-02-18 06:19:55-07,SkipDC,electric-scooter,2019-02-18 06:20:00-07,-77.0629683,38.8616583
SkipDC-352897091267347,"",2019-02-18 06:19:55-07,SkipDC,electric-scooter,2019-02-18 06:20:00-07,-77.0629973,38.861704
SkipDC-352897091266828,"",2019-02-18 06:19:55-07,SkipDC,electric-scooter,2019-02-18 06:20:00-07,-77.06013,38.8606933
SkipDC-352897091314727,"",2019-02-18 06:19:55-07,SkipDC,electric-scooter,2019-02-18 06:20:00-07,-77.05996,38.8617683
SkipDC-352897091429608,"",2019-02-18 06:19:55-07,SkipDC,electric-scooter,2019-02-18 06:20:00-07,-77.0596052,38.8606941
SkipDC-352897091392327,"",2019-02-18 06:19:55-07,SkipDC,electric-scooter,2019-02-18 06:20:00-07,-77.0600667,38.86078
SkipDC-352897091279466,"",2019-02-18 06:19:55-07,SkipDC,electric-scooter,2019-02-18 06:20:00-07,-77.059705,38.86239
SkipDC-352897090450589,"",2019-02-18 06:19:55-07,SkipDC,electric-scooter,2019-02-18 06:20:00-07,-77.061325,38.8607333
SkipDC-352897091305402,"",2019-02-18 06:19:55-07,SkipDC,electric-scooter,2019-02-18 06:20:00-07,-77.0610833,38.8609917
SkipDC-352897091320765,"",2019-02-18 06:19:55-07,SkipDC,electric-scooter,2019-02-18 06:20:00-07,-77.0541297,38.8622203
SkipDC-352897091436181,"",2019-02-18 06:19:55-07,SkipDC,electric-scooter,2019-02-18 06:20:00-07,-77.054325,38.862285
SkipDC-352897091456387,"",2019-02-18 06:19:55-07,SkipDC,electric-scooter,2019-02-18 06:20:00-07,-77.0538833,38.86188
SkipDC-352897091297641,"",2019-02-18 06:19:55-07,SkipDC,electric-scooter,2019-02-18 06:20:00-07,-77.0533733,38.862895
SkipDC-352897091267024,"",2019-02-18 06:19:55-07,SkipDC,electric-scooter,2019-02-18 06:20:00-07,-77.0566283,38.8627533
SkipDC-352897091279920,"",2019-02-18 06:19:55-07,SkipDC,electric-scooter,2019-02-18 06:20:00-07,-77.0541933,38.86216
SkipDC-352897090501969,"",2019-02-18 06:19:55-07,SkipDC,electric-scooter,2019-02-18 06:20:00-07,-77.0532117,38.8639983
SkipDC-352897091273006,"",2019-02-18 06:19:55-07,SkipDC,electric-scooter,2019-02-18 06:20:00-07,-77.053185,38.8640233
SkipDC-352897091381304,"",2019-02-18 06:19:55-07,SkipDC,electric-scooter,2019-02-18 06:20:00-07,-77.0543183,38.8629583
SkipDC-352897091421969,"",2019-02-18 06:19:55-07,SkipDC,electric-scooter,2019-02-18 06:20:00-07,-77.0530533,38.8610317
SkipDC-352897091432180,"",2019-02-18 06:19:55-07,SkipDC,electric-scooter,2019-02-18 06:20:00-07,-77.05615,38.86139
SkipDC-352897091310287,"",2019-02-18 06:19:55-07,SkipDC,electric-scooter,2019-02-18 06:20:00-07,-77.0552233,38.8623233
SkipDC-352897091380967,"",2019-02-18 06:19:55-07,SkipDC,electric-scooter,2019-02-18 06:20:00-07,-77.0587531,38.8642259
SkipDC-352897091408867,"",2019-02-18 06:19:55-07,SkipDC,electric-scooter,2019-02-18 06:20:00-07,-77.0572767,38.8608233
JumpDC-bike_23676,JUMP DC-2711,2019-02-18 06:18:58-07,JumpDC,pedal-assist-bike,2019-02-18 06:20:00-07,-76.9822733333333,38.8652983333333
SkipDC-352897091426547,"",2019-02-18 06:19:55-07,SkipDC,electric-scooter,2019-02-18 06:20:00-07,-77.1053267,38.8738667
SkipDC-352897091306384,"",2019-02-18 06:19:55-07,SkipDC,electric-scooter,2019-02-18 06:20:00-07,-77.0177233,38.8725683
SkipDC-352897091390362,"",2019-02-18 06:19:55-07,SkipDC,electric-scooter,2019-02-18 06:20:00-07,-77.0134033,38.872445
SkipDC-352897091458029,"",2019-02-18 06:19:55-07,SkipDC,electric-scooter,2019-02-18 06:20:00-07,-77.0113867,38.8720217
SkipDC-352897091343023,"",2019-02-18 06:19:55-07,SkipDC,electric-scooter,2019-02-18 06:20:00-07,-77.00627,38.87167
SkipDC-352897091390248,"",2019-02-18 06:19:55-07,SkipDC,electric-scooter,2019-02-18 06:20:00-07,-77.0059922,38.8722724
SkipDC-352897091426505,"",2019-02-18 06:19:55-07,SkipDC,electric-scooter,2019-02-18 06:20:00-07,-77.0009167,38.8734867
SkipDC-352897091289382,"",2019-02-18 06:19:55-07,SkipDC,electric-scooter,2019-02-18 06:20:00-07,-76.97506,38.8723717
SkipDC-352897091346141,"",2019-02-18 06:19:55-07,SkipDC,electric-scooter,2019-02-18 06:20:00-07,-77.1195717,38.8780878
SkipDC-352897091456122,"",2019-02-18 06:19:55-07,SkipDC,electric-scooter,2019-02-18 06:20:00-07,-77.1055886,38.874192
JumpDC-bike_23188,JUMP DC-2497,2019-02-18 06:18:58-07,JumpDC,pedal-assist-bike,2019-02-18 06:20:00-07,-77.0219366666667,38.877665
SkipDC-352897091356462,"",2019-02-18 06:19:55-07,SkipDC,electric-scooter,2019-02-18 06:20:00-07,-77.0202119,38.8757824
SkipDC-352897091453442,"",2019-02-18 06:19:55-07,SkipDC,electric-scooter,2019-02-18 06:20:00-07,-77.0213333,38.876965
SkipDC-352897091422348,"",2019-02-18 06:19:55-07,SkipDC,electric-scooter,2019-02-18 06:20:00-07,-77.010623,38.8750179
SkipDC-352897091288707,"",2019-02-18 06:19:55-07,SkipDC,electric-scooter,2019-02-18 06:20:00-07,-77.0062499,38.8745846
SkipDC-352897091285844,"",2019-02-18 06:19:55-07,SkipDC,electric-scooter,2019-02-18 06:20:00-07,-77.0004432,38.8762254
SkipDC-352897091298383,"",2019-02-18 06:19:55-07,SkipDC,electric-scooter,2019-02-18 06:20:00-07,-77.00129,38.8778
JumpDC-bike_23696,JUMP DC-2731,2019-02-18 06:18:58-07,JumpDC,pedal-assist-bike,2019-02-18 06:20:00-07,-77.0007866666667,38.8749966666667
SkipDC-352897091339120,"",2019-02-18 06:19:55-07,SkipDC,electric-scooter,2019-02-18 06:20:00-07,-77.0006136,38.8747546
SkipDC-352897091409022,"",2019-02-18 06:19:55-07,SkipDC,electric-scooter,2019-02-18 06:20:00-07,-77.0007317,38.8760333
SkipDC-352897091279581,"",2019-02-18 06:19:55-07,SkipDC,electric-scooter,2019-02-18 06:20:00-07,-77.0004284,38.8763536
SkipDC-352897091333529,"",2019-02-18 06:19:55-07,SkipDC,electric-scooter,2019-02-18 06:20:00-07,-77.0004818,38.8764362
SkipDC-352897091327687,"",2019-02-18 06:19:55-07,SkipDC,electric-scooter,2019-02-18 06:20:00-07,-77.0007243,38.8747875
SkipDC-352897091351869,"",2019-02-18 06:19:55-07,SkipDC,electric-scooter,2019-02-18 06:20:00-07,-77.0007817,38.8760167
SkipDC-352897091379621,"",2019-02-18 06:19:55-07,SkipDC,electric-scooter,2019-02-18 06:20:00-07,-77.0007533,38.8759933
JumpDC-bike_23637,JUMP DC-2672,2019-02-18 06:18:58-07,JumpDC,pedal-assist-bike,2019-02-18 06:20:00-07,-77.0043433333333,38.8753
SkipDC-352897091280449,"",2019-02-18 06:19:55-07,SkipDC,electric-scooter,2019-02-18 06:20:00-07,-77.0019383,38.87495
SkipDC-352897091326788,"",2019-02-18 06:19:55-07,SkipDC,electric-scooter,2019-02-18 06:20:00-07,-77.0043336,38.8771816
JumpDC-bike_23658,JUMP DC-2693,2019-02-18 06:18:58-07,JumpDC,pedal-assist-bike,2019-02-18 06:20:00-07,-77.0010066666667,38.87512
JumpDC-bike_23171,JUMP DC-2480,2019-02-18 06:18:58-07,JumpDC,pedal-assist-bike,2019-02-18 06:20:00-07,-77.0003816666667,38.8749833333333
SkipDC-352897091408743,"",2019-02-18 06:19:55-07,SkipDC,electric-scooter,2019-02-18 06:20:00-07,-76.9949495,38.8778349
SkipDC-352897091437643,"",2019-02-18 06:19:55-07,SkipDC,electric-scooter,2019-02-18 06:20:00-07,-76.9948056,38.87736
SkipDC-352897091302706,"",2019-02-18 06:19:55-07,SkipDC,electric-scooter,2019-02-18 06:20:00-07,-76.9948167,38.87759
SkipDC-352897091288582,"",2019-02-18 06:19:55-07,SkipDC,electric-scooter,2019-02-18 06:20:00-07,-76.9937267,38.8766183
SkipDC-352897091302482,"",2019-02-18 06:19:55-07,SkipDC,electric-scooter,2019-02-18 06:20:00-07,-77.1147883,38.8797183
SkipDC-352897091302300,"",2019-02-18 06:19:55-07,SkipDC,electric-scooter,2019-02-18 06:20:00-07,-77.115257,38.8812855
SkipDC-352897091350762,"",2019-02-18 06:19:55-07,SkipDC,electric-scooter,2019-02-18 06:20:00-07,-77.11492,38.88071
SkipDC-352897091426042,"",2019-02-18 06:19:55-07,SkipDC,electric-scooter,2019-02-18 06:20:00-07,-77.1129,38.88228
SkipDC-352897091313083,"",2019-02-18 06:19:55-07,SkipDC,electric-scooter,2019-02-18 06:20:00-07,-77.1151933,38.8805017
SkipDC-352897091351844,"",2019-02-18 06:19:55-07,SkipDC,electric-scooter,2019-02-18 06:20:00-07,-77.11504,38.880775
SkipDC-352897091379522,"",2019-02-18 06:19:55-07,SkipDC,electric-scooter,2019-02-18 06:20:00-07,-77.1148667,38.8808717
SkipDC-352897091429145,"",2019-02-18 06:19:55-07,SkipDC,electric-scooter,2019-02-18 06:20:00-07,-77.1145378,38.8808839
SkipDC-352897091277981,"",2019-02-18 06:19:55-07,SkipDC,electric-scooter,2019-02-18 06:20:00-07,-77.11445,38.88138
SkipDC-352897091273287,"",2019-02-18 06:19:55-07,SkipDC,electric-scooter,2019-02-18 06:20:00-07,-77.1127322,38.8823548
SkipDC-352897091455066,"",2019-02-18 06:19:55-07,SkipDC,electric-scooter,2019-02-18 06:20:00-07,-77.1092712,38.8825459
SkipDC-352897091277262,"",2019-02-18 06:19:55-07,SkipDC,electric-scooter,2019-02-18 06:20:00-07,-77.1068667,38.88189
SkipDC-352897091329428,"",2019-02-18 06:19:55-07,SkipDC,electric-scooter,2019-02-18 06:20:00-07,-77.1117483,38.8811783
SkipDC-352897091338007,"",2019-02-18 06:19:55-07,SkipDC,electric-scooter,2019-02-18 06:20:00-07,-77.1117183,38.881215
SkipDC-352897091356082,"",2019-02-18 06:19:55-07,SkipDC,electric-scooter,2019-02-18 06:20:00-07,-77.1112267,38.88238
SkipDC-352897091391808,"",2019-02-18 06:19:55-07,SkipDC,electric-scooter,2019-02-18 06:20:00-07,-77.1078383,38.881425
SkipDC-352897091430382,"",2019-02-18 06:19:55-07,SkipDC,electric-scooter,2019-02-18 06:20:00-07,-77.0055067,38.8807633
SkipDC-352897091290463,"",2019-02-18 06:19:55-07,SkipDC,electric-scooter,2019-02-18 06:20:00-07,-76.9962183,38.8805817
SkipDC-352897091430002,"",2019-02-18 06:19:55-07,SkipDC,electric-scooter,2019-02-18 06:20:00-07,-76.9983269,38.8826063
SkipDC-352897091385206,"",2019-02-18 06:19:55-07,SkipDC,electric-scooter,2019-02-18 06:20:00-07,-76.9836831,38.8784266
SkipDC-352897091434905,"",2019-02-18 06:19:55-07,SkipDC,electric-scooter,2019-02-18 06:20:00-07,-76.9836013,38.8800852
SkipDC-352897091380561,"",2019-02-18 06:19:55-07,SkipDC,electric-scooter,2019-02-18 06:20:00-07,-77.1201333,38.8840983
SkipDC-352897091356645,"",2019-02-18 06:19:55-07,SkipDC,electric-scooter,2019-02-18 06:20:00-07,-77.1198768,38.8840419
SkipDC-352897091306269,"",2019-02-18 06:19:55-07,SkipDC,electric-scooter,2019-02-18 06:20:00-07,-77.1087658,38.8838947
SkipDC-352897091391980,"",2019-02-18 06:19:55-07,SkipDC,electric-scooter,2019-02-18 06:20:00-07,-77.1038833,38.8871683
SkipDC-352897091279284,"",2019-02-18 06:19:55-07,SkipDC,electric-scooter,2019-02-18 06:20:00-07,-77.0966867,38.8871383
SkipDC-352897091407265,"",2019-02-18 06:19:55-07,SkipDC,electric-scooter,2019-02-18 06:20:00-07,-77.093225,38.88464
SkipDC-352897091458524,"",2019-02-18 06:19:55-07,SkipDC,electric-scooter,2019-02-18 06:20:00-07,-77.093135,38.88463
SkipDC-352897091444623,"",2019-02-18 06:19:55-07,SkipDC,electric-scooter,2019-02-18 06:20:00-07,-77.0932183,38.8847333
SkipDC-352897091461544,"",2019-02-18 06:19:55-07,SkipDC,electric-scooter,2019-02-18 06:20:00-07,-77.0930967,38.884695
SkipDC-352897091288640,"",2019-02-18 06:19:55-07,SkipDC,electric-scooter,2019-02-18 06:20:00-07,-77.09188,38.883488
SkipDC-352897090523286,"",2019-02-18 06:19:55-07,SkipDC,electric-scooter,2019-02-18 06:20:00-07,-77.0459167,38.8831417
SkipDC-352897091350408,"",2019-02-18 06:19:55-07,SkipDC,electric-scooter,2019-02-18 06:20:00-07,-77.044275,38.8860383
SkipDC-352897091406382,"",2019-02-18 06:19:55-07,SkipDC,electric-scooter,2019-02-18 06:20:00-07,-77.0376283,38.886875
SkipDC-352897091278302,"",2019-02-18 06:19:55-07,SkipDC,electric-scooter,2019-02-18 06:20:00-07,-77.03726,38.887365
JumpDC-bike_23623,JUMP DC-2658,2019-02-18 06:18:58-07,JumpDC,pedal-assist-bike,2019-02-18 06:20:00-07,-77.0338883333333,38.886595
SkipDC-352897090558449,"",2019-02-18 06:19:55-07,SkipDC,electric-scooter,2019-02-18 06:20:00-07,-77.0311583,38.8833517
JumpDC-bike_23163,JUMP DC-2472,2019-02-18 06:18:58-07,JumpDC,pedal-assist-bike,2019-02-18 06:20:00-07,-77.0282283333333,38.885315
SkipDC-352897091428485,"",2019-02-18 06:19:55-07,SkipDC,electric-scooter,2019-02-18 06:20:00-07,-77.0258233,38.887255
SkipDC-352897091339146,"",2019-02-18 06:19:55-07,SkipDC,electric-scooter,2019-02-18 06:20:00-07,-76.9776,38.8835167
SkipDC-352897091381585,"",2019-02-18 06:19:55-07,SkipDC,electric-scooter,2019-02-18 06:20:00-07,-76.97757,38.8861517
JumpDC-bike_23473,JUMP DC-2608,2019-02-18 06:18:58-07,JumpDC,pedal-assist-bike,2019-02-18 06:20:00-07,-76.9536766666667,38.88561
SkipDC-352897091383649,"",2019-02-18 06:19:55-07,SkipDC,electric-scooter,2019-02-18 06:20:00-07,-77.0913717,38.8894467
SkipDC-352897091452485,"",2019-02-18 06:19:55-07,SkipDC,electric-scooter,2019-02-18 06:20:00-07,-77.0915509,38.8892582
SkipDC-352897091387848,"",2019-02-18 06:19:55-07,SkipDC,electric-scooter,2019-02-18 06:20:00-07,-77.09159,38.8894583
SkipDC-352897091435126,"",2019-02-18 06:19:55-07,SkipDC,electric-scooter,2019-02-18 06:20:00-07,-77.0855067,38.8893
SkipDC-352897091279888,"",2019-02-18 06:19:55-07,SkipDC,electric-scooter,2019-02-18 06:20:00-07,-77.0826067,38.8896183
SkipDC-352897091325145,"",2019-02-18 06:19:55-07,SkipDC,electric-scooter,2019-02-18 06:20:00-07,-77.082775,38.8897683
SkipDC-352897091429921,"",2019-02-18 06:19:55-07,SkipDC,electric-scooter,2019-02-18 06:20:00-07,-77.0837683,38.887715
SkipDC-352897091315989,"",2019-02-18 06:19:55-07,SkipDC,electric-scooter,2019-02-18 06:20:00-07,-77.0840383,38.8878533
SkipDC-352897091272263,"",2019-02-18 06:19:55-07,SkipDC,electric-scooter,2019-02-18 06:20:00-07,-77.0840267,38.8879717
SkipDC-352897091294507,"",2019-02-18 06:19:55-07,SkipDC,electric-scooter,2019-02-18 06:20:00-07,-77.0861167,38.8912876
SkipDC-352897091428022,"",2019-02-18 06:19:55-07,SkipDC,electric-scooter,2019-02-18 06:20:00-07,-77.0845917,38.8874383
SkipDC-352897091349921,"",2019-02-18 06:19:55-07,SkipDC,electric-scooter,2019-02-18 06:20:00-07,-77.0829667,38.88967
SkipDC-352897091458227,"",2019-02-18 06:19:55-07,SkipDC,electric-scooter,2019-02-18 06:20:00-07,-77.0824414,38.8915184
SkipDC-352897091383540,"",2019-02-18 06:19:55-07,SkipDC,electric-scooter,2019-02-18 06:20:00-07,-77.086165,38.8911067
SkipDC-352897091406788,"",2019-02-18 06:19:55-07,SkipDC,electric-scooter,2019-02-18 06:20:00-07,-77.0818467,38.8897317
SkipDC-352897091306426,"",2019-02-18 06:19:55-07,SkipDC,electric-scooter,2019-02-18 06:20:00-07,-77.0821557,38.8912161
SkipDC-352897091380504,"",2019-02-18 06:19:55-07,SkipDC,electric-scooter,2019-02-18 06:20:00-07,-77.0768946,38.8908175
SkipDC-352897091335888,"",2019-02-18 06:19:55-07,SkipDC,electric-scooter,2019-02-18 06:20:00-07,-77.081815,38.8896633
SkipDC-352897091428428,"",2019-02-18 06:19:55-07,SkipDC,electric-scooter,2019-02-18 06:20:00-07,-77.0817117,38.8896033
SkipDC-352897091428642,"",2019-02-18 06:19:55-07,SkipDC,electric-scooter,2019-02-18 06:20:00-07,-77.082055,38.8909867
SkipDC-352897091357049,"",2019-02-18 06:19:55-07,SkipDC,electric-scooter,2019-02-18 06:20:00-07,-77.0811767,38.8904367
SkipDC-352897091388580,"",2019-02-18 06:19:55-07,SkipDC,electric-scooter,2019-02-18 06:20:00-07,-77.0810783,38.8906167
SkipDC-352897091462146,"",2019-02-18 06:19:55-07,SkipDC,electric-scooter,2019-02-18 06:20:00-07,-77.0771,38.8916367
SkipDC-352897091283708,"",2019-02-18 06:19:55-07,SkipDC,electric-scooter,2019-02-18 06:20:00-07,-77.0806283,38.8891033
SkipDC-352897091428667,"",2019-02-18 06:19:55-07,SkipDC,electric-scooter,2019-02-18 06:20:00-07,-77.0813033,38.8917083
SkipDC-352897091398464,"",2019-02-18 06:19:55-07,SkipDC,electric-scooter,2019-02-18 06:20:00-07,-77.0793705,38.88995
SkipDC-352897091342900,"",2019-02-18 06:19:55-07,SkipDC,electric-scooter,2019-02-18 06:20:00-07,-77.0818233,38.8896517
JumpDC-bike_23142,JUMP DC-2451,2019-02-18 06:18:58-07,JumpDC,pedal-assist-bike,2019-02-18 06:20:00-07,-76.9914416666667,38.889955
JumpDC-bike_23441,JUMP DC-2576,2019-02-18 06:18:58-07,JumpDC,pedal-assist-bike,2019-02-18 06:20:00-07,-76.991465,38.8896416666667
SkipDC-352897091271687,"",2019-02-18 06:19:55-07,SkipDC,electric-scooter,2019-02-18 06:20:00-07,-76.991595,38.8888233
SkipDC-352897091351042,"",2019-02-18 06:19:55-07,SkipDC,electric-scooter,2019-02-18 06:20:00-07,-76.9826317,38.8909533
SkipDC-352897091346109,"",2019-02-18 06:19:55-07,SkipDC,electric-scooter,2019-02-18 06:20:00-07,-76.9795077,38.8896984
SkipDC-352897091331069,"",2019-02-18 06:19:55-07,SkipDC,electric-scooter,2019-02-18 06:20:00-07,-77.0827833,38.89232
SkipDC-352897091345465,"",2019-02-18 06:19:55-07,SkipDC,electric-scooter,2019-02-18 06:20:00-07,-77.0825876,38.8922927
SkipDC-352897091320781,"",2019-02-18 06:19:55-07,SkipDC,electric-scooter,2019-02-18 06:20:00-07,-77.0825629,38.8923049
SkipDC-352897091452220,"",2019-02-18 06:19:55-07,SkipDC,electric-scooter,2019-02-18 06:20:00-07,-77.0832383,38.8925517
SkipDC-352897091323884,"",2019-02-18 06:19:55-07,SkipDC,electric-scooter,2019-02-18 06:20:00-07,-77.0826833,38.8921533
SkipDC-352897091451941,"",2019-02-18 06:19:55-07,SkipDC,electric-scooter,2019-02-18 06:20:00-07,-77.076565,38.8934809
SkipDC-352897091451883,"",2019-02-18 06:19:55-07,SkipDC,electric-scooter,2019-02-18 06:20:00-07,-77.07664,38.8935633
SkipDC-352897091323900,"",2019-02-18 06:19:55-07,SkipDC,electric-scooter,2019-02-18 06:20:00-07,-77.0804675,38.8959019
SkipDC-352897091451727,"",2019-02-18 06:19:55-07,SkipDC,electric-scooter,2019-02-18 06:20:00-07,-77.0765133,38.8933717
SkipDC-352897091429566,"",2019-02-18 06:19:55-07,SkipDC,electric-scooter,2019-02-18 06:20:00-07,-77.0766083,38.89351
SkipDC-352897091358229,"",2019-02-18 06:19:55-07,SkipDC,electric-scooter,2019-02-18 06:20:00-07,-77.0819017,38.8924267
SkipDC-352897091345762,"",2019-02-18 06:19:55-07,SkipDC,electric-scooter,2019-02-18 06:20:00-07,-77.0765434,38.8934926
SkipDC-352897091457922,"",2019-02-18 06:19:55-07,SkipDC,electric-scooter,2019-02-18 06:20:00-07,-77.0765867,38.8936083
SkipDC-352897091378581,"",2019-02-18 06:19:55-07,SkipDC,electric-scooter,2019-02-18 06:20:00-07,-77.0766367,38.893465
SkipDC-352897091342520,"",2019-02-18 06:19:55-07,SkipDC,electric-scooter,2019-02-18 06:20:00-07,-77.076625,38.89355
SkipDC-352897091288947,"",2019-02-18 06:19:55-07,SkipDC,electric-scooter,2019-02-18 06:20:00-07,-77.0766033,38.89355
SkipDC-352897091298607,"",2019-02-18 06:19:55-07,SkipDC,electric-scooter,2019-02-18 06:20:00-07,-77.0819433,38.892445
SkipDC-352897091356140,"",2019-02-18 06:19:55-07,SkipDC,electric-scooter,2019-02-18 06:20:00-07,-77.0732621,38.8962328
SkipDC-352897091380140,"",2019-02-18 06:19:55-07,SkipDC,electric-scooter,2019-02-18 06:20:00-07,-77.0752283,38.892035
SkipDC-352897091302789,"",2019-02-18 06:19:55-07,SkipDC,electric-scooter,2019-02-18 06:20:00-07,-77.0747238,38.8938228
SkipDC-352897091389646,"",2019-02-18 06:19:55-07,SkipDC,electric-scooter,2019-02-18 06:20:00-07,-77.0748333,38.894135
SkipDC-352897091344328,"",2019-02-18 06:19:55-07,SkipDC,electric-scooter,2019-02-18 06:20:00-07,-77.073885,38.8950633
SkipDC-352897091455421,"",2019-02-18 06:19:55-07,SkipDC,electric-scooter,2019-02-18 06:20:00-07,-77.07633,38.8933883
SkipDC-352897091381528,"",2019-02-18 06:19:55-07,SkipDC,electric-scooter,2019-02-18 06:20:00-07,-77.0756799,38.8938161
SkipDC-352897091462625,"",2019-02-18 06:19:55-07,SkipDC,electric-scooter,2019-02-18 06:20:00-07,-77.0755667,38.8938767
SkipDC-352897091286925,"",2019-02-18 06:19:55-07,SkipDC,electric-scooter,2019-02-18 06:20:00-07,-77.0754344,38.8939191
SkipDC-352897091387020,"",2019-02-18 06:19:55-07,SkipDC,electric-scooter,2019-02-18 06:20:00-07,-77.0745921,38.8941239
SkipDC-352897091398761,"",2019-02-18 06:19:55-07,SkipDC,electric-scooter,2019-02-18 06:20:00-07,-77.0738672,38.8944174
SkipDC-352897091321284,"",2019-02-18 06:19:55-07,SkipDC,electric-scooter,2019-02-18 06:20:00-07,-77.0735721,38.8963686
SkipDC-352897091409782,"",2019-02-18 06:19:55-07,SkipDC,electric-scooter,2019-02-18 06:20:00-07,-77.0717283,38.8963333
SkipDC-352897090568729,"",2019-02-18 06:19:55-07,SkipDC,electric-scooter,2019-02-18 06:20:00-07,-77.0755317,38.8938467
SkipDC-352897091278567,"",2019-02-18 06:19:55-07,SkipDC,electric-scooter,2019-02-18 06:20:00-07,-77.0711084,38.8937469
SkipDC-352897091433881,"",2019-02-18 06:19:55-07,SkipDC,electric-scooter,2019-02-18 06:20:00-07,-77.07102,38.8959933
SkipDC-352897091293145,"",2019-02-18 06:19:55-07,SkipDC,electric-scooter,2019-02-18 06:20:00-07,-77.0699457,38.8922139
SkipDC-352897091338924,"",2019-02-18 06:19:55-07,SkipDC,electric-scooter,2019-02-18 06:20:00-07,-77.0505004,38.8962538
SkipDC-352897091306723,"",2019-02-18 06:19:55-07,SkipDC,electric-scooter,2019-02-18 06:20:00-07,-77.05026,38.8962567
JumpDC-bike_23690,JUMP DC-2725,2019-02-18 06:18:58-07,JumpDC,pedal-assist-bike,2019-02-18 06:20:00-07,-77.0478183333333,38.893665
JumpDC-bike_23414,JUMP DC-2549,2019-02-18 06:18:58-07,JumpDC,pedal-assist-bike,2019-02-18 06:20:00-07,-77.0488733333333,38.8923
SkipDC-352897091411861,"",2019-02-18 06:19:55-07,SkipDC,electric-scooter,2019-02-18 06:20:00-07,-77.0418621,38.895
SkipDC-352897091300445,"",2019-02-18 06:19:55-07,SkipDC,electric-scooter,2019-02-18 06:20:00-07,-77.0335033,38.8957967
SkipDC-352897091327349,"",2019-02-18 06:19:55-07,SkipDC,electric-scooter,2019-02-18 06:20:00-07,-77.0332379,38.8919986
SkipDC-352897091437627,"",2019-02-18 06:19:55-07,SkipDC,electric-scooter,2019-02-18 06:20:00-07,-77.0332379,38.8919986
SkipDC-352897091290109,"",2019-02-18 06:19:55-07,SkipDC,electric-scooter,2019-02-18 06:20:00-07,-77.0311087,38.8961476
SkipDC-352897091304926,"",2019-02-18 06:19:55-07,SkipDC,electric-scooter,2019-02-18 06:20:00-07,-77.0295302,38.8962626
JumpDC-bike_18862,JUMP DC-0821,2019-02-18 06:18:58-07,JumpDC,pedal-assist-bike,2019-02-18 06:20:00-07,-77.0331716666667,38.8922516666667
SkipDC-352897091327265,"",2019-02-18 06:19:55-07,SkipDC,electric-scooter,2019-02-18 06:20:00-07,-77.0736383,38.89647
SkipDC-352897091301609,"",2019-02-18 06:19:55-07,SkipDC,electric-scooter,2019-02-18 06:20:00-07,-77.0573867,38.9005283
SkipDC-352897091278328,"",2019-02-18 06:19:55-07,SkipDC,electric-scooter,2019-02-18 06:20:00-07,-77.0572733,38.9006283
SkipDC-352897091316722,"",2019-02-18 06:19:55-07,SkipDC,electric-scooter,2019-02-18 06:20:00-07,-77.0502333,38.8982183
SkipDC-352897091307382,"",2019-02-18 06:19:55-07,SkipDC,electric-scooter,2019-02-18 06:20:00-07,-77.05046,38.8984283
SkipDC-352897091305485,"",2019-02-18 06:19:55-07,SkipDC,electric-scooter,2019-02-18 06:20:00-07,-77.0499217,38.8981833
SkipDC-352897091330061,"",2019-02-18 06:19:55-07,SkipDC,electric-scooter,2019-02-18 06:20:00-07,-77.0497901,38.9002815
SkipDC-352897091345929,"",2019-02-18 06:19:55-07,SkipDC,electric-scooter,2019-02-18 06:20:00-07,-77.0500641,38.8978965
SkipDC-352897091274962,"",2019-02-18 06:19:55-07,SkipDC,electric-scooter,2019-02-18 06:20:00-07,-77.050935,38.8997733
SkipDC-352897091302128,"",2019-02-18 06:19:55-07,SkipDC,electric-scooter,2019-02-18 06:20:00-07,-77.0479911,38.9007039
SkipDC-352897091358286,"",2019-02-18 06:19:55-07,SkipDC,electric-scooter,2019-02-18 06:20:00-07,-77.0462011,38.8973499
SkipDC-352897091452147,"",2019-02-18 06:19:55-07,SkipDC,electric-scooter,2019-02-18 06:20:00-07,-77.0440567,38.89755
SkipDC-352897091385727,"",2019-02-18 06:19:55-07,SkipDC,electric-scooter,2019-02-18 06:20:00-07,-77.0468733,38.9004117
SkipDC-352897091454325,"",2019-02-18 06:19:55-07,SkipDC,electric-scooter,2019-02-18 06:20:00-07,-77.029825,38.897515
SkipDC-352897091268345,"",2019-02-18 06:19:55-07,SkipDC,electric-scooter,2019-02-18 06:20:00-07,-77.0296945,38.8972738
SkipDC-352897091359045,"",2019-02-18 06:19:55-07,SkipDC,electric-scooter,2019-02-18 06:20:00-07,-77.024025,38.900365
SkipDC-352897091406887,"",2019-02-18 06:19:55-07,SkipDC,electric-scooter,2019-02-18 06:20:00-07,-77.0219833,38.8998983
SkipDC-352897091333248,"",2019-02-18 06:19:55-07,SkipDC,electric-scooter,2019-02-18 06:20:00-07,-77.0196421,38.899842
SkipDC-352897091360027,"",2019-02-18 06:19:55-07,SkipDC,electric-scooter,2019-02-18 06:20:00-07,-77.02076,38.8996383
SkipDC-352897091274764,"",2019-02-18 06:19:55-07,SkipDC,electric-scooter,2019-02-18 06:20:00-07,-77.0157083,38.8998567
SkipDC-352897091434889,"",2019-02-18 06:19:55-07,SkipDC,electric-scooter,2019-02-18 06:20:00-07,-77.012205,38.89863
SkipDC-352897091380108,"",2019-02-18 06:19:55-07,SkipDC,electric-scooter,2019-02-18 06:20:00-07,-77.0112711,38.9000611
JumpDC-bike_23489,JUMP DC-2624,2019-02-18 06:18:58-07,JumpDC,pedal-assist-bike,2019-02-18 06:20:00-07,-77.0048766666667,38.89689
JumpDC-bike_23169,JUMP DC-2478,2019-02-18 06:18:58-07,JumpDC,pedal-assist-bike,2019-02-18 06:20:00-07,-77.00491,38.896825
SkipDC-352897091457187,"",2019-02-18 06:19:55-07,SkipDC,electric-scooter,2019-02-18 06:20:00-07,-77.0048706,38.8968861
SkipDC-352897091275084,"",2019-02-18 06:19:55-07,SkipDC,electric-scooter,2019-02-18 06:20:00-07,-77.0022617,38.9007783
JumpDC-bike_18879,JUMP DC-0838,2019-02-18 06:18:58-07,JumpDC,pedal-assist-bike,2019-02-18 06:20:00-07,-76.9962983333333,38.9000666666667
JumpDC-bike_23205,JUMP DC-2514,2019-02-18 06:18:58-07,JumpDC,pedal-assist-bike,2019-02-18 06:20:00-07,-76.994955,38.8999916666667
JumpDC-bike_23216,JUMP DC-2525,2019-02-18 06:18:58-07,JumpDC,pedal-assist-bike,2019-02-18 06:20:00-07,-76.9984133333333,38.90006
JumpDC-bike_16501,JUMP DC-0188,2019-02-18 06:18:58-07,JumpDC,pedal-assist-bike,2019-02-18 06:20:00-07,-76.9962783333333,38.898505
SkipDC-352897091432321,"",2019-02-18 06:19:55-07,SkipDC,electric-scooter,2019-02-18 06:20:00-07,-76.99617,38.8998317
SkipDC-352897091323223,"",2019-02-18 06:19:55-07,SkipDC,electric-scooter,2019-02-18 06:20:00-07,-76.999435,38.8999933
SkipDC-352897091334766,"",2019-02-18 06:19:55-07,SkipDC,electric-scooter,2019-02-18 06:20:00-07,-76.9994285,38.9008793
JumpDC-bike_23440,JUMP DC-2575,2019-02-18 06:18:58-07,JumpDC,pedal-assist-bike,2019-02-18 06:20:00-07,-76.9963166666667,38.9000566666667
JumpDC-bike_23453,JUMP DC-2588  ,2019-02-18 06:18:58-07,JumpDC,pedal-assist-bike,2019-02-18 06:20:00-07,-76.998035,38.899895
JumpDC-bike_23425,JUMP DC-2560,2019-02-18 06:18:58-07,JumpDC,pedal-assist-bike,2019-02-18 06:20:00-07,-76.998195,38.9000883333333
SkipDC-352897091345309,"",2019-02-18 06:19:55-07,SkipDC,electric-scooter,2019-02-18 06:20:00-07,-76.99968,38.9001567
SkipDC-352897091352065,"",2019-02-18 06:19:55-07,SkipDC,electric-scooter,2019-02-18 06:20:00-07,-76.9968833,38.9004983
SkipDC-352897091386220,"",2019-02-18 06:19:55-07,SkipDC,electric-scooter,2019-02-18 06:20:00-07,-76.9908811,38.8970888
SkipDC-352897091332802,"",2019-02-18 06:19:55-07,SkipDC,electric-scooter,2019-02-18 06:20:00-07,-76.9900475,38.8964411
SkipDC-352897091323207,"",2019-02-18 06:19:55-07,SkipDC,electric-scooter,2019-02-18 06:20:00-07,-76.9910289,38.9001377
SkipDC-352897091445141,"",2019-02-18 06:19:55-07,SkipDC,electric-scooter,2019-02-18 06:20:00-07,-76.9890871,38.9000747
SkipDC-352897091434244,"",2019-02-18 06:19:55-07,SkipDC,electric-scooter,2019-02-18 06:20:00-07,-76.9858217,38.9001367
SkipDC-352897091312986,"",2019-02-18 06:19:55-07,SkipDC,electric-scooter,2019-02-18 06:20:00-07,-77.03963,38.901445
SkipDC-352897091414188,"",2019-02-18 06:19:55-07,SkipDC,electric-scooter,2019-02-18 06:20:00-07,-77.03774,38.9014417
SkipDC-352897091279482,"",2019-02-18 06:19:55-07,SkipDC,electric-scooter,2019-02-18 06:20:00-07,-77.0404183,38.9039533
SkipDC-352897091427008,"",2019-02-18 06:19:55-07,SkipDC,electric-scooter,2019-02-18 06:20:00-07,-77.0403933,38.9040733
SkipDC-352897091444268,"",2019-02-18 06:19:55-07,SkipDC,electric-scooter,2019-02-18 06:20:00-07,-77.0365,38.90286
SkipDC-352897091428543,"",2019-02-18 06:19:55-07,SkipDC,electric-scooter,2019-02-18 06:20:00-07,-77.0347233,38.9012467
SkipDC-352897090437164,"",2019-02-18 06:19:55-07,SkipDC,electric-scooter,2019-02-18 06:20:00-07,-77.0331,38.9014533
SkipDC-352897091431323,"",2019-02-18 06:19:55-07,SkipDC,electric-scooter,2019-02-18 06:20:00-07,-77.031855,38.903785
SkipDC-352897091331606,"",2019-02-18 06:19:55-07,SkipDC,electric-scooter,2019-02-18 06:20:00-07,-77.0327867,38.9046017
SkipDC-352897091453723,"",2019-02-18 06:19:55-07,SkipDC,electric-scooter,2019-02-18 06:20:00-07,-77.0267391,38.9025698
SkipDC-352897091390107,"",2019-02-18 06:19:55-07,SkipDC,electric-scooter,2019-02-18 06:20:00-07,-77.02521,38.9028917
SkipDC-352897091407067,"",2019-02-18 06:19:55-07,SkipDC,electric-scooter,2019-02-18 06:20:00-07,-77.0266454,38.9043124
SkipDC-352897091345945,"",2019-02-18 06:19:55-07,SkipDC,electric-scooter,2019-02-18 06:20:00-07,-77.0246852,38.9041685
SkipDC-352897091456320,"",2019-02-18 06:19:55-07,SkipDC,electric-scooter,2019-02-18 06:20:00-07,-77.0244272,38.9040357
SkipDC-352897091386048,"",2019-02-18 06:19:55-07,SkipDC,electric-scooter,2019-02-18 06:20:00-07,-77.0193949,38.9011669
SkipDC-352897091457328,"",2019-02-18 06:19:55-07,SkipDC,electric-scooter,2019-02-18 06:20:00-07,-77.0177317,38.9009417
SkipDC-352897091457146,"",2019-02-18 06:19:55-07,SkipDC,electric-scooter,2019-02-18 06:20:00-07,-77.01821,38.9014133
SkipDC-352897091274327,"",2019-02-18 06:19:55-07,SkipDC,electric-scooter,2019-02-18 06:20:00-07,-77.01265,38.9051964
SkipDC-352897091351562,"",2019-02-18 06:19:55-07,SkipDC,electric-scooter,2019-02-18 06:20:00-07,-77.0124978,38.905281
SkipDC-352897091398266,"",2019-02-18 06:19:55-07,SkipDC,electric-scooter,2019-02-18 06:20:00-07,-77.01763,38.9039967
SkipDC-352897091387921,"",2019-02-18 06:19:55-07,SkipDC,electric-scooter,2019-02-18 06:20:00-07,-77.01715,38.905235
SkipDC-352897091302508,"",2019-02-18 06:19:55-07,SkipDC,electric-scooter,2019-02-18 06:20:00-07,-77.0094851,38.9015235
SkipDC-352897091372642,"",2019-02-18 06:19:55-07,SkipDC,electric-scooter,2019-02-18 06:20:00-07,-77.0091617,38.901755
SkipDC-352897091429244,"",2019-02-18 06:19:55-07,SkipDC,electric-scooter,2019-02-18 06:20:00-07,-77.0079006,38.9038665
SkipDC-352897091288764,"",2019-02-18 06:19:55-07,SkipDC,electric-scooter,2019-02-18 06:20:00-07,-77.0411583,38.906365
SkipDC-352897091268840,"",2019-02-18 06:19:55-07,SkipDC,electric-scooter,2019-02-18 06:20:00-07,-77.03998,38.9060967
SkipDC-352897091452667,"",2019-02-18 06:19:55-07,SkipDC,electric-scooter,2019-02-18 06:20:00-07,-77.0389183,38.9072567
SkipDC-352897091433261,"",2019-02-18 06:19:55-07,SkipDC,electric-scooter,2019-02-18 06:20:00-07,-77.0357783,38.9076817
JumpDC-bike_23508,JUMP DC-2643,2019-02-18 06:18:58-07,JumpDC,pedal-assist-bike,2019-02-18 06:20:00-07,-77.03372,38.9096383333333
JumpDC-bike_23165,JUMP DC-2474,2019-02-18 06:18:58-07,JumpDC,pedal-assist-bike,2019-02-18 06:20:00-07,-77.0336416666667,38.9098133333333
SkipDC-352897091383862,"",2019-02-18 06:19:55-07,SkipDC,electric-scooter,2019-02-18 06:20:00-07,-77.0336283,38.9056967
SkipDC-352897091356124,"",2019-02-18 06:19:55-07,SkipDC,electric-scooter,2019-02-18 06:20:00-07,-77.0335349,38.9056925
SkipDC-352897091268287,"",2019-02-18 06:19:55-07,SkipDC,electric-scooter,2019-02-18 06:20:00-07,-77.0334533,38.9058083
SkipDC-352897091462203,"",2019-02-18 06:19:55-07,SkipDC,electric-scooter,2019-02-18 06:20:00-07,-77.0334155,38.9058897
SkipDC-352897091298003,"",2019-02-18 06:19:55-07,SkipDC,electric-scooter,2019-02-18 06:20:00-07,-77.0284817,38.90726
SkipDC-352897091293608,"",2019-02-18 06:19:55-07,SkipDC,electric-scooter,2019-02-18 06:20:00-07,-77.0281845,38.9085902
SkipDC-352897091327166,"",2019-02-18 06:19:55-07,SkipDC,electric-scooter,2019-02-18 06:20:00-07,-77.0246867,38.9064917
SkipDC-352897091406648,"",2019-02-18 06:19:55-07,SkipDC,electric-scooter,2019-02-18 06:20:00-07,-77.0250304,38.9087851
SkipDC-352897091380769,"",2019-02-18 06:19:55-07,SkipDC,electric-scooter,2019-02-18 06:20:00-07,-77.0290583,38.9072
SkipDC-352897091459787,"",2019-02-18 06:19:55-07,SkipDC,electric-scooter,2019-02-18 06:20:00-07,-77.0275074,38.9086215
SkipDC-352897091390529,"",2019-02-18 06:19:55-07,SkipDC,electric-scooter,2019-02-18 06:20:00-07,-77.0261467,38.9089067
SkipDC-352897091358120,"",2019-02-18 06:19:55-07,SkipDC,electric-scooter,2019-02-18 06:20:00-07,-77.0242678,38.9072943
SkipDC-352897091276421,"",2019-02-18 06:19:55-07,SkipDC,electric-scooter,2019-02-18 06:20:00-07,-77.0245549,38.9081286
SkipDC-352897091270788,"",2019-02-18 06:19:55-07,SkipDC,electric-scooter,2019-02-18 06:20:00-07,-77.0268638,38.907653
SkipDC-352897091433543,"",2019-02-18 06:19:55-07,SkipDC,electric-scooter,2019-02-18 06:20:00-07,-77.0219617,38.906325
SkipDC-352897091350846,"",2019-02-18 06:19:55-07,SkipDC,electric-scooter,2019-02-18 06:20:00-07,-77.0219067,38.9063667
SkipDC-352897091401920,"",2019-02-18 06:19:55-07,SkipDC,electric-scooter,2019-02-18 06:20:00-07,-77.0188736,38.9090087
JumpDC-bike_23629,JUMP DC-2664,2019-02-18 06:18:58-07,JumpDC,pedal-assist-bike,2019-02-18 06:20:00-07,-77.02083,38.9096416666667
SkipDC-352897091386162,"",2019-02-18 06:19:55-07,SkipDC,electric-scooter,2019-02-18 06:20:00-07,-77.0152617,38.9066367
JumpDC-bike_23237,JUMP DC-2546,2019-02-18 06:18:58-07,JumpDC,pedal-assist-bike,2019-02-18 06:20:00-07,-77.01036,38.9096783333333
SkipDC-352897091273089,"",2019-02-18 06:19:55-07,SkipDC,electric-scooter,2019-02-18 06:20:00-07,-77.0100591,38.9078835
SkipDC-352897091345481,"",2019-02-18 06:19:55-07,SkipDC,electric-scooter,2019-02-18 06:20:00-07,-77.0100585,38.9078839
SkipDC-352897091301989,"",2019-02-18 06:19:55-07,SkipDC,electric-scooter,2019-02-18 06:20:00-07,-77.0087652,38.9078625
SkipDC-352897091297427,"",2019-02-18 06:19:55-07,SkipDC,electric-scooter,2019-02-18 06:20:00-07,-77.0103147,38.9086289
SkipDC-352897091386964,"",2019-02-18 06:19:55-07,SkipDC,electric-scooter,2019-02-18 06:20:00-07,-77.0047748,38.9057499
SkipDC-352897091272081,"",2019-02-18 06:19:55-07,SkipDC,electric-scooter,2019-02-18 06:20:00-07,-77.0051617,38.9088967
SkipDC-352897091420623,"",2019-02-18 06:19:55-07,SkipDC,electric-scooter,2019-02-18 06:20:00-07,-77.0027796,38.9056177
SkipDC-352897091338304,"",2019-02-18 06:19:55-07,SkipDC,electric-scooter,2019-02-18 06:20:00-07,-77.0000324,38.9079681
JumpDC-bike_16514,JUMP DC-0202,2019-02-18 06:18:58-07,JumpDC,pedal-assist-bike,2019-02-18 06:20:00-07,-76.997165,38.9081516666667
SkipDC-352897091444920,"",2019-02-18 06:19:55-07,SkipDC,electric-scooter,2019-02-18 06:20:00-07,-76.9943907,38.9062076
SkipDC-352897091389968,"",2019-02-18 06:19:55-07,SkipDC,electric-scooter,2019-02-18 06:20:00-07,-76.9944803,38.9072445
JumpDC-bike_18843,JUMP DC-0720,2019-02-18 06:18:58-07,JumpDC,pedal-assist-bike,2019-02-18 06:20:00-07,-76.9972566666667,38.90809
JumpDC-bike_23196,JUMP DC-2505,2019-02-18 06:18:58-07,JumpDC,pedal-assist-bike,2019-02-18 06:20:00-07,-76.9979016666667,38.90857
SkipDC-352897091315666,"",2019-02-18 06:19:55-07,SkipDC,electric-scooter,2019-02-18 06:20:00-07,-76.9896516,38.9062094
SkipDC-352897091359102,"",2019-02-18 06:19:55-07,SkipDC,electric-scooter,2019-02-18 06:20:00-07,-76.9873351,38.906994
JumpDC-bike_23643,JUMP DC-2678,2019-02-18 06:18:58-07,JumpDC,pedal-assist-bike,2019-02-18 06:20:00-07,-76.9525316666667,38.905895
SkipDC-352897091314529,"",2019-02-18 06:19:55-07,SkipDC,electric-scooter,2019-02-18 06:20:00-07,-77.0771983,38.9109467
SkipDC-352897091430184,"",2019-02-18 06:19:55-07,SkipDC,electric-scooter,2019-02-18 06:20:00-07,-77.0726573,38.9117076
SkipDC-352897091356363,"",2019-02-18 06:19:55-07,SkipDC,electric-scooter,2019-02-18 06:20:00-07,-77.0645412,38.9102855
SkipDC-352897091279847,"",2019-02-18 06:19:55-07,SkipDC,electric-scooter,2019-02-18 06:20:00-07,-77.0646867,38.911985
SkipDC-352897091288905,"",2019-02-18 06:19:55-07,SkipDC,electric-scooter,2019-02-18 06:20:00-07,-77.055395,38.91004
SkipDC-352897091272503,"",2019-02-18 06:19:55-07,SkipDC,electric-scooter,2019-02-18 06:20:00-07,-77.0457333,38.910665
SkipDC-352897091333263,"",2019-02-18 06:19:55-07,SkipDC,electric-scooter,2019-02-18 06:20:00-07,-77.04337,38.9132067
JumpDC-bike_23667,JUMP DC-2702,2019-02-18 06:18:58-07,JumpDC,pedal-assist-bike,2019-02-18 06:20:00-07,-77.046655,38.9116916666667
JumpDC-bike_23493,JUMP DC-2628,2019-02-18 06:18:58-07,JumpDC,pedal-assist-bike,2019-02-18 06:20:00-07,-77.0466183333333,38.9101266666667
SkipDC-352897091334642,"",2019-02-18 06:19:55-07,SkipDC,electric-scooter,2019-02-18 06:20:00-07,-77.0401199,38.9111712
SkipDC-352897091306301,"",2019-02-18 06:19:55-07,SkipDC,electric-scooter,2019-02-18 06:20:00-07,-77.0374333,38.91126
SkipDC-352897091428204,"",2019-02-18 06:19:55-07,SkipDC,electric-scooter,2019-02-18 06:20:00-07,-77.033545,38.9103767
SkipDC-352897091279342,"",2019-02-18 06:19:55-07,SkipDC,electric-scooter,2019-02-18 06:20:00-07,-77.0336533,38.911985
SkipDC-352897091326606,"",2019-02-18 06:19:55-07,SkipDC,electric-scooter,2019-02-18 06:20:00-07,-77.0346773,38.9133492
SkipDC-352897091390123,"",2019-02-18 06:19:55-07,SkipDC,electric-scooter,2019-02-18 06:20:00-07,-77.0307189,38.9129037
JumpDC-bike_18874,JUMP DC-0833,2019-02-18 06:18:58-07,JumpDC,pedal-assist-bike,2019-02-18 06:20:00-07,-77.0315833333333,38.9169716666667
SkipDC-352897091326648,"",2019-02-18 06:19:55-07,SkipDC,electric-scooter,2019-02-18 06:20:00-07,-77.031935,38.915735
SkipDC-352897091385941,"",2019-02-18 06:19:55-07,SkipDC,electric-scooter,2019-02-18 06:20:00-07,-77.0342817,38.916875
SkipDC-352897091322829,"",2019-02-18 06:19:55-07,SkipDC,electric-scooter,2019-02-18 06:20:00-07,-77.0314386,38.9174783
JumpDC-bike_23202,JUMP DC-2511,2019-02-18 06:18:58-07,JumpDC,pedal-assist-bike,2019-02-18 06:20:00-07,-77.0319133333333,38.9180533333333
JumpDC-bike_18883,JUMP DC-0842,2019-02-18 06:18:58-07,JumpDC,pedal-assist-bike,2019-02-18 06:20:00-07,-77.03177,38.917965
JumpDC-bike_23175,JUMP DC-2484,2019-02-18 06:18:58-07,JumpDC,pedal-assist-bike,2019-02-18 06:20:00-07,-77.0317483333333,38.9158233333333
SkipDC-352897091311582,"",2019-02-18 06:19:55-07,SkipDC,electric-scooter,2019-02-18 06:20:00-07,-77.028245,38.9175283
SkipDC-352897091389448,"",2019-02-18 06:19:55-07,SkipDC,electric-scooter,2019-02-18 06:20:00-07,-77.0241417,38.9165917
SkipDC-352897091392103,"",2019-02-18 06:19:55-07,SkipDC,electric-scooter,2019-02-18 06:20:00-07,-77.0249609,38.9183538
JumpDC-bike_23458,JUMP DC-2593,2019-02-18 06:18:58-07,JumpDC,pedal-assist-bike,2019-02-18 06:20:00-07,-77.028825,38.9169483333333
JumpDC-bike_23633,JUMP DC-2668,2019-02-18 06:18:58-07,JumpDC,pedal-assist-bike,2019-02-18 06:20:00-07,-77.0289566666667,38.9171733333333
JumpDC-bike_23177,JUMP DC-2486,2019-02-18 06:18:58-07,JumpDC,pedal-assist-bike,2019-02-18 06:20:00-07,-77.0289466666667,38.91718
JumpDC-bike_23694,JUMP DC-2729,2019-02-18 06:18:58-07,JumpDC,pedal-assist-bike,2019-02-18 06:20:00-07,-77.021885,38.9144183333333
SkipDC-352897091269665,"",2019-02-18 06:19:55-07,SkipDC,electric-scooter,2019-02-18 06:20:00-07,-77.020738,38.9158769
SkipDC-352897091331028,"",2019-02-18 06:19:55-07,SkipDC,electric-scooter,2019-02-18 06:20:00-07,-77.0127244,38.9156913
JumpDC-bike_18901,JUMP DC-0780,2019-02-18 06:18:58-07,JumpDC,pedal-assist-bike,2019-02-18 06:20:00-07,-76.9620716666667,38.9186083333333
SkipDC-352897091266943,"",2019-02-18 06:19:55-07,SkipDC,electric-scooter,2019-02-18 06:20:00-07,-77.0804983,38.9207117
JumpDC-bike_23482,JUMP DC-2617,2019-02-18 06:18:58-07,JumpDC,pedal-assist-bike,2019-02-18 06:20:00-07,-77.042125,38.9206766666667
JumpDC-bike_23639,JUMP DC-2674,2019-02-18 06:18:58-07,JumpDC,pedal-assist-bike,2019-02-18 06:20:00-07,-77.0416633333333,38.9198766666667
SkipDC-352897091287246,"",2019-02-18 06:19:55-07,SkipDC,electric-scooter,2019-02-18 06:20:00-07,-77.0368364,38.9241838
SkipDC-352897091267289,"",2019-02-18 06:19:55-07,SkipDC,electric-scooter,2019-02-18 06:20:00-07,-77.0374283,38.926055
SkipDC-352897091431349,"",2019-02-18 06:19:55-07,SkipDC,electric-scooter,2019-02-18 06:20:00-07,-77.036207,38.9278027
JumpDC-bike_23457,JUMP DC-2592,2019-02-18 06:18:58-07,JumpDC,pedal-assist-bike,2019-02-18 06:20:00-07,-77.04089,38.9243733333333
JumpDC-bike_23662,JUMP DC-2697,2019-02-18 06:18:58-07,JumpDC,pedal-assist-bike,2019-02-18 06:20:00-07,-77.03933,38.92709
JumpDC-bike_18851,JUMP DC-0696 (Dummy Controller),2019-02-18 06:18:58-07,JumpDC,pedal-assist-bike,2019-02-18 06:20:00-07,-77.02966,38.9260566666667
SkipDC-352897091325921,"",2019-02-18 06:19:55-07,SkipDC,electric-scooter,2019-02-18 06:20:00-07,-77.0301117,38.92388
JumpDC-bike_23681,JUMP DC-2716,2019-02-18 06:18:58-07,JumpDC,pedal-assist-bike,2019-02-18 06:20:00-07,-77.0271466666667,38.9261583333333
SkipDC-352897091381726,"",2019-02-18 06:19:55-07,SkipDC,electric-scooter,2019-02-18 06:20:00-07,-77.0277583,38.9238667
SkipDC-352897091298029,"",2019-02-18 06:19:55-07,SkipDC,electric-scooter,2019-02-18 06:20:00-07,-77.029085,38.9268
SkipDC-352897091406481,"",2019-02-18 06:19:55-07,SkipDC,electric-scooter,2019-02-18 06:20:00-07,-77.0237502,38.9270795
JumpDC-bike_23487,JUMP DC-2622,2019-02-18 06:18:58-07,JumpDC,pedal-assist-bike,2019-02-18 06:20:00-07,-77.0228583333333,38.92509
SkipDC-352897091398621,"",2019-02-18 06:19:55-07,SkipDC,electric-scooter,2019-02-18 06:20:00-07,-77.0228917,38.9274433
SkipDC-352897091384548,"",2019-02-18 06:19:55-07,SkipDC,electric-scooter,2019-02-18 06:20:00-07,-77.0227985,38.9274695
SkipDC-352897091287709,"",2019-02-18 06:19:55-07,SkipDC,electric-scooter,2019-02-18 06:20:00-07,-77.00698,38.9254667
SkipDC-352897091315880,"",2019-02-18 06:19:55-07,SkipDC,electric-scooter,2019-02-18 06:20:00-07,-76.9975967,38.9269
JumpDC-bike_23624,JUMP DC-2659,2019-02-18 06:18:58-07,JumpDC,pedal-assist-bike,2019-02-18 06:20:00-07,-76.960375,38.9241966666667
JumpDC-bike_23189,JUMP DC-2498,2019-02-18 06:18:58-07,JumpDC,pedal-assist-bike,2019-02-18 06:20:00-07,-77.082265,38.930375
SkipDC-352897091273261,"",2019-02-18 06:19:55-07,SkipDC,electric-scooter,2019-02-18 06:20:00-07,-77.064075,38.9291117
SkipDC-352897091421340,"",2019-02-18 06:19:55-07,SkipDC,electric-scooter,2019-02-18 06:20:00-07,-77.0608717,38.930255
SkipDC-352897091385602,"",2019-02-18 06:19:55-07,SkipDC,electric-scooter,2019-02-18 06:20:00-07,-77.0528007,38.9279349
SkipDC-352897091329824,"",2019-02-18 06:19:55-07,SkipDC,electric-scooter,2019-02-18 06:20:00-07,-77.04461,38.9304433
SkipDC-352897091435746,"",2019-02-18 06:19:55-07,SkipDC,electric-scooter,2019-02-18 06:20:00-07,-77.0373667,38.9285067
JumpDC-bike_23697,JUMP DC-2732,2019-02-18 06:18:58-07,JumpDC,pedal-assist-bike,2019-02-18 06:20:00-07,-77.0320083333333,38.9305783333333
SkipDC-352897091379589,"",2019-02-18 06:19:55-07,SkipDC,electric-scooter,2019-02-18 06:20:00-07,-77.032455,38.9301233
SkipDC-352897091300627,"",2019-02-18 06:19:55-07,SkipDC,electric-scooter,2019-02-18 06:20:00-07,-76.9954583,38.933575
JumpDC-bike_23424,JUMP DC-2559,2019-02-18 06:18:58-07,JumpDC,pedal-assist-bike,2019-02-18 06:20:00-07,-76.9938233333333,38.9332083333333
JumpDC-bike_23506,JUMP DC-2641,2019-02-18 06:18:58-07,JumpDC,pedal-assist-bike,2019-02-18 06:20:00-07,-76.9937916666667,38.933205
SkipDC-352897091301823,"",2019-02-18 06:19:55-07,SkipDC,electric-scooter,2019-02-18 06:20:00-07,-77.0840733,38.9399483
SkipDC-352897091286487,"",2019-02-18 06:19:55-07,SkipDC,electric-scooter,2019-02-18 06:20:00-07,-77.0753567,38.9393667
SkipDC-352897091390040,"",2019-02-18 06:19:55-07,SkipDC,electric-scooter,2019-02-18 06:20:00-07,-77.0685842,38.9392243
SkipDC-352897091296064,"",2019-02-18 06:19:55-07,SkipDC,electric-scooter,2019-02-18 06:20:00-07,-77.0326907,38.9376845
JumpDC-bike_23419,JUMP DC-2554,2019-02-18 06:18:58-07,JumpDC,pedal-assist-bike,2019-02-18 06:20:00-07,-77.025755,38.9376483333333
JumpDC-bike_23466,JUMP DC-2601,2019-02-18 06:18:58-07,JumpDC,pedal-assist-bike,2019-02-18 06:20:00-07,-77.0210616666667,38.939905
SkipDC-352897091350820,"",2019-02-18 06:19:55-07,SkipDC,electric-scooter,2019-02-18 06:20:00-07,-77.0154217,38.9400033
JumpDC-bike_23499,JUMP DC-2634 ,2019-02-18 06:18:58-07,JumpDC,pedal-assist-bike,2019-02-18 06:20:00-07,-76.9987216666667,38.939135
JumpDC-bike_23418,JUMP DC-2553,2019-02-18 06:18:58-07,JumpDC,pedal-assist-bike,2019-02-18 06:20:00-07,-76.9992116666667,38.9373883333333
JumpDC-bike_18894,JUMP DC-0773,2019-02-18 06:18:58-07,JumpDC,pedal-assist-bike,2019-02-18 06:20:00-07,-76.9985466666667,38.9392083333333
SkipDC-352897091428089,"",2019-02-18 06:19:55-07,SkipDC,electric-scooter,2019-02-18 06:20:00-07,-77.0942583,38.94392
SkipDC-352897090563944,"",2019-02-18 06:19:55-07,SkipDC,electric-scooter,2019-02-18 06:20:00-07,-77.0694417,38.9414667
SkipDC-352897091456205,"",2019-02-18 06:19:55-07,SkipDC,electric-scooter,2019-02-18 06:20:00-07,-77.03766,38.94199
SkipDC-352897091294283,"",2019-02-18 06:19:55-07,SkipDC,electric-scooter,2019-02-18 06:20:00-07,-77.0279767,38.9416333
SkipDC-352897091361124,"",2019-02-18 06:19:55-07,SkipDC,electric-scooter,2019-02-18 06:20:00-07,-77.0239913,38.9418214
SkipDC-352897091279425,"",2019-02-18 06:19:55-07,SkipDC,electric-scooter,2019-02-18 06:20:00-07,-77.0165183,38.9420867
SkipDC-352897091302680,"",2019-02-18 06:19:55-07,SkipDC,electric-scooter,2019-02-18 06:20:00-07,-77.0042233,38.9435417
SkipDC-352897091426828,"",2019-02-18 06:19:55-07,SkipDC,electric-scooter,2019-02-18 06:20:00-07,-77.09068,38.947345
SkipDC-352897091301906,"",2019-02-18 06:19:55-07,SkipDC,electric-scooter,2019-02-18 06:20:00-07,-77.0910261,38.9474968
SkipDC-352897091358666,"",2019-02-18 06:19:55-07,SkipDC,electric-scooter,2019-02-18 06:20:00-07,-77.0851583,38.9491733
SkipDC-352897091314644,"",2019-02-18 06:19:55-07,SkipDC,electric-scooter,2019-02-18 06:20:00-07,-77.0783166,38.9460769
SkipDC-352897091388945,"",2019-02-18 06:34:55-07,SkipDC,electric-scooter,2019-02-18 06:35:00-07,-77.0516707,38.8372597
SkipDC-352897091290380,"",2019-02-18 06:34:55-07,SkipDC,electric-scooter,2019-02-18 06:35:00-07,-77.0506417,38.8440733
SkipDC-352897091452808,"",2019-02-18 06:34:55-07,SkipDC,electric-scooter,2019-02-18 06:35:00-07,-77.0506017,38.8441733
SkipDC-352897091303209,"",2019-02-18 06:34:55-07,SkipDC,electric-scooter,2019-02-18 06:35:00-07,-77.0505917,38.8442183
SkipDC-352897091284821,"",2019-02-18 06:34:55-07,SkipDC,electric-scooter,2019-02-18 06:35:00-07,-76.981385,38.844985
SkipDC-352897091409709,"",2019-02-18 06:34:55-07,SkipDC,electric-scooter,2019-02-18 06:35:00-07,-77.05384,38.8481183
SkipDC-352897091383144,"",2019-02-18 06:34:55-07,SkipDC,electric-scooter,2019-02-18 06:35:00-07,-77.0507267,38.8495
SkipDC-352897090512669,"",2019-02-18 06:34:55-07,SkipDC,electric-scooter,2019-02-18 06:35:00-07,-77.0521567,38.848105
SkipDC-352897091321227,"",2019-02-18 06:34:55-07,SkipDC,electric-scooter,2019-02-18 06:35:00-07,-77.0510591,38.8495307
SkipDC-352897091444987,"",2019-02-18 06:34:55-07,SkipDC,electric-scooter,2019-02-18 06:35:00-07,-77.0516333,38.848305
SkipDC-352897091305006,"",2019-02-18 06:34:55-07,SkipDC,electric-scooter,2019-02-18 06:35:00-07,-77.0522675,38.8484964
SkipDC-352897091457963,"",2019-02-18 06:34:55-07,SkipDC,electric-scooter,2019-02-18 06:35:00-07,-77.0515433,38.8484367
SkipDC-352897091269509,"",2019-02-18 06:34:55-07,SkipDC,electric-scooter,2019-02-18 06:35:00-07,-77.0544233,38.8533067
SkipDC-352897091433105,"",2019-02-18 06:34:55-07,SkipDC,electric-scooter,2019-02-18 06:35:00-07,-77.0535041,38.853161
SkipDC-352897091293202,"",2019-02-18 06:34:55-07,SkipDC,electric-scooter,2019-02-18 06:35:00-07,-77.0535683,38.853635
SkipDC-352897091263627,"",2019-02-18 06:34:55-07,SkipDC,electric-scooter,2019-02-18 06:35:00-07,-77.0538916,38.854402
SkipDC-352897091286784,"",2019-02-18 06:34:55-07,SkipDC,electric-scooter,2019-02-18 06:35:00-07,-77.0514122,38.8552319
SkipDC-352897091427446,"",2019-02-18 06:34:55-07,SkipDC,electric-scooter,2019-02-18 06:35:00-07,-77.0496483,38.8536017
SkipDC-352897091285968,"",2019-02-18 06:34:55-07,SkipDC,electric-scooter,2019-02-18 06:35:00-07,-77.04946,38.85351
SkipDC-352897091352164,"",2019-02-18 06:34:55-07,SkipDC,electric-scooter,2019-02-18 06:35:00-07,-77.049285,38.8539002
SkipDC-352897091292048,"",2019-02-18 06:34:55-07,SkipDC,electric-scooter,2019-02-18 06:35:00-07,-77.0492167,38.8546833
SkipDC-352897091431661,"",2019-02-18 06:34:55-07,SkipDC,electric-scooter,2019-02-18 06:35:00-07,-77.0521233,38.8554517
SkipDC-352897091434343,"",2019-02-18 06:34:55-07,SkipDC,electric-scooter,2019-02-18 06:35:00-07,-77.0495033,38.8536017
SkipDC-352897091305543,"",2019-02-18 06:34:55-07,SkipDC,electric-scooter,2019-02-18 06:35:00-07,-77.04951,38.8537167
SkipDC-352897091461163,"",2019-02-18 06:34:55-07,SkipDC,electric-scooter,2019-02-18 06:35:00-07,-77.051275,38.8524633
SkipDC-352897091381742,"",2019-02-18 06:34:55-07,SkipDC,electric-scooter,2019-02-18 06:35:00-07,-77.0524033,38.855515
SkipDC-352897091293541,"",2019-02-18 06:34:55-07,SkipDC,electric-scooter,2019-02-18 06:35:00-07,-77.06379,38.8599467
SkipDC-352897091273469,"",2019-02-18 06:34:55-07,SkipDC,electric-scooter,2019-02-18 06:35:00-07,-77.0598642,38.8603035
SkipDC-352897091378987,"",2019-02-18 06:34:55-07,SkipDC,electric-scooter,2019-02-18 06:35:00-07,-77.059605,38.8603117
SkipDC-352897091458243,"",2019-02-18 06:34:55-07,SkipDC,electric-scooter,2019-02-18 06:35:00-07,-77.0593877,38.8603532
SkipDC-352897091295827,"",2019-02-18 06:34:55-07,SkipDC,electric-scooter,2019-02-18 06:35:00-07,-77.0533783,38.8585067
SkipDC-352897091267669,"",2019-02-18 06:34:55-07,SkipDC,electric-scooter,2019-02-18 06:35:00-07,-77.0559067,38.8594467
SkipDC-352897091280464,"",2019-02-18 06:34:55-07,SkipDC,electric-scooter,2019-02-18 06:35:00-07,-77.05369,38.8601083
SkipDC-352897091333966,"",2019-02-18 06:34:55-07,SkipDC,electric-scooter,2019-02-18 06:35:00-07,-77.0533333,38.8575833
SkipDC-352897091356546,"",2019-02-18 06:34:55-07,SkipDC,electric-scooter,2019-02-18 06:35:00-07,-77.0533082,38.8583454
SkipDC-352897091316003,"",2019-02-18 06:34:55-07,SkipDC,electric-scooter,2019-02-18 06:35:00-07,-77.0535167,38.8585017
SkipDC-352897091389901,"",2019-02-18 06:34:55-07,SkipDC,electric-scooter,2019-02-18 06:35:00-07,-77.0531383,38.8574783
SkipDC-352897091315583,"",2019-02-18 06:34:55-07,SkipDC,electric-scooter,2019-02-18 06:35:00-07,-77.0562033,38.85965
JumpDC-bike_23221,JUMP DC-2530,2019-02-18 06:34:05-07,JumpDC,pedal-assist-bike,2019-02-18 06:35:00-07,-77.0576966666667,38.8600916666667
SkipDC-352897091324007,"",2019-02-18 06:34:55-07,SkipDC,electric-scooter,2019-02-18 06:35:00-07,-77.0529665,38.8572668
SkipDC-352897090563001,"",2019-02-18 06:34:55-07,SkipDC,electric-scooter,2019-02-18 06:35:00-07,-77.0537479,38.8573679
SkipDC-352897091385404,"",2019-02-18 06:34:55-07,SkipDC,electric-scooter,2019-02-18 06:35:00-07,-77.0533417,38.8574967
SkipDC-352897091380488,"",2019-02-18 06:34:55-07,SkipDC,electric-scooter,2019-02-18 06:35:00-07,-77.0534817,38.860215
SkipDC-352897091452766,"",2019-02-18 06:34:55-07,SkipDC,electric-scooter,2019-02-18 06:35:00-07,-77.0531324,38.8574935
SkipDC-352897091290000,"",2019-02-18 06:34:55-07,SkipDC,electric-scooter,2019-02-18 06:35:00-07,-77.0560139,38.8589216
SkipDC-352897091452287,"",2019-02-18 06:34:55-07,SkipDC,electric-scooter,2019-02-18 06:35:00-07,-77.05365,38.8597567
SkipDC-352897091358583,"",2019-02-18 06:34:55-07,SkipDC,electric-scooter,2019-02-18 06:35:00-07,-77.0537717,38.8598067
SkipDC-352897091410566,"",2019-02-18 06:34:55-07,SkipDC,electric-scooter,2019-02-18 06:35:00-07,-77.0558815,38.859538
SkipDC-352897091310709,"",2019-02-18 06:34:55-07,SkipDC,electric-scooter,2019-02-18 06:35:00-07,-77.053655,38.8597167
SkipDC-352897091321805,"",2019-02-18 06:34:55-07,SkipDC,electric-scooter,2019-02-18 06:35:00-07,-77.0536655,38.8598928
SkipDC-352897091438906,"",2019-02-18 06:34:55-07,SkipDC,electric-scooter,2019-02-18 06:35:00-07,-77.053605,38.8598567
SkipDC-352897091381007,"",2019-02-18 06:34:55-07,SkipDC,electric-scooter,2019-02-18 06:35:00-07,-77.0544675,38.8574487
SkipDC-352897091432065,"",2019-02-18 06:34:55-07,SkipDC,electric-scooter,2019-02-18 06:35:00-07,-77.0531517,38.8574583
SkipDC-352897091305949,"",2019-02-18 06:34:55-07,SkipDC,electric-scooter,2019-02-18 06:35:00-07,-77.053605,38.8580517
SkipDC-352897091280381,"",2019-02-18 06:34:55-07,SkipDC,electric-scooter,2019-02-18 06:35:00-07,-77.0511117,38.8595783
SkipDC-352897091306889,"",2019-02-18 06:34:55-07,SkipDC,electric-scooter,2019-02-18 06:35:00-07,-77.0490705,38.8590914
SkipDC-352897091315047,"",2019-02-18 06:34:55-07,SkipDC,electric-scooter,2019-02-18 06:35:00-07,-77.0527424,38.8597626
SkipDC-352897091445265,"",2019-02-18 06:34:55-07,SkipDC,electric-scooter,2019-02-18 06:35:00-07,-77.0526883,38.859825
SkipDC-352897091387046,"",2019-02-18 06:34:55-07,SkipDC,electric-scooter,2019-02-18 06:35:00-07,-77.0527317,38.8599183
SkipDC-352897091384506,"",2019-02-18 06:34:55-07,SkipDC,electric-scooter,2019-02-18 06:35:00-07,-77.050965,38.8591867
SkipDC-352897091287626,"",2019-02-18 06:34:55-07,SkipDC,electric-scooter,2019-02-18 06:35:00-07,-77.0511567,38.8595167
SkipDC-352897091444185,"",2019-02-18 06:34:55-07,SkipDC,electric-scooter,2019-02-18 06:35:00-07,-77.0494733,38.86026
SkipDC-352897091278229,"",2019-02-18 06:34:55-07,SkipDC,electric-scooter,2019-02-18 06:35:00-07,-77.0528456,38.8572228
SkipDC-352897091432206,"",2019-02-18 06:34:55-07,SkipDC,electric-scooter,2019-02-18 06:35:00-07,-77.0526233,38.8598967
SkipDC-352897091315922,"",2019-02-18 06:34:55-07,SkipDC,electric-scooter,2019-02-18 06:35:00-07,-77.05257,38.8597883
SkipDC-352897091391469,"",2019-02-18 06:34:55-07,SkipDC,electric-scooter,2019-02-18 06:35:00-07,-77.0529058,38.8597712
SkipDC-352897091408784,"",2019-02-18 06:34:55-07,SkipDC,electric-scooter,2019-02-18 06:35:00-07,-77.0512333,38.8596583
SkipDC-352897091356207,"",2019-02-18 06:34:55-07,SkipDC,electric-scooter,2019-02-18 06:35:00-07,-77.052875,38.8583183
SkipDC-352897091272867,"",2019-02-18 06:34:55-07,SkipDC,electric-scooter,2019-02-18 06:35:00-07,-77.052785,38.8596917
SkipDC-352897091291768,"",2019-02-18 06:34:55-07,SkipDC,electric-scooter,2019-02-18 06:35:00-07,-76.9880417,38.859185
SkipDC-352897091436983,"",2019-02-18 06:34:55-07,SkipDC,electric-scooter,2019-02-18 06:35:00-07,-77.0627483,38.8617317
SkipDC-352897091384720,"",2019-02-18 06:34:55-07,SkipDC,electric-scooter,2019-02-18 06:35:00-07,-77.0624483,38.8617267
SkipDC-352897091390008,"",2019-02-18 06:34:55-07,SkipDC,electric-scooter,2019-02-18 06:35:00-07,-77.0629933,38.8616467
SkipDC-352897091429608,"",2019-02-18 06:34:55-07,SkipDC,electric-scooter,2019-02-18 06:35:00-07,-77.059701,38.8607991
SkipDC-352897091327562,"",2019-02-18 06:34:55-07,SkipDC,electric-scooter,2019-02-18 06:35:00-07,-77.0622717,38.8616767
SkipDC-352897091382484,"",2019-02-18 06:34:55-07,SkipDC,electric-scooter,2019-02-18 06:35:00-07,-77.060069,38.8616583
SkipDC-352897091398829,"",2019-02-18 06:34:55-07,SkipDC,electric-scooter,2019-02-18 06:35:00-07,-77.0594867,38.86041
SkipDC-352897091392327,"",2019-02-18 06:34:55-07,SkipDC,electric-scooter,2019-02-18 06:35:00-07,-77.0600667,38.86078
SkipDC-352897090517403,"",2019-02-18 06:34:55-07,SkipDC,electric-scooter,2019-02-18 06:35:00-07,-77.06016,38.8607467
SkipDC-352897091385149,"",2019-02-18 06:34:55-07,SkipDC,electric-scooter,2019-02-18 06:35:00-07,-77.0600437,38.86092
SkipDC-352897091359326,"",2019-02-18 06:34:55-07,SkipDC,electric-scooter,2019-02-18 06:35:00-07,-77.0598063,38.8607358
SkipDC-352897091434269,"",2019-02-18 06:34:55-07,SkipDC,electric-scooter,2019-02-18 06:35:00-07,-77.0635606,38.8641283
SkipDC-352897091272149,"",2019-02-18 06:34:55-07,SkipDC,electric-scooter,2019-02-18 06:35:00-07,-77.059958,38.8618031
SkipDC-352897091305402,"",2019-02-18 06:34:55-07,SkipDC,electric-scooter,2019-02-18 06:35:00-07,-77.0612883,38.8609483
SkipDC-352897091266828,"",2019-02-18 06:34:55-07,SkipDC,electric-scooter,2019-02-18 06:35:00-07,-77.06013,38.8606933
SkipDC-352897090450589,"",2019-02-18 06:34:55-07,SkipDC,electric-scooter,2019-02-18 06:35:00-07,-77.061035,38.8608033
SkipDC-352897091273584,"",2019-02-18 06:34:55-07,SkipDC,electric-scooter,2019-02-18 06:35:00-07,-77.061415,38.8609617
SkipDC-352897091458482,"",2019-02-18 06:34:55-07,SkipDC,electric-scooter,2019-02-18 06:35:00-07,-77.0595,38.8624567
SkipDC-352897091345820,"",2019-02-18 06:34:55-07,SkipDC,electric-scooter,2019-02-18 06:35:00-07,-77.062885,38.861625
SkipDC-352897091397946,"",2019-02-18 06:34:55-07,SkipDC,electric-scooter,2019-02-18 06:35:00-07,-77.0597983,38.8623733
SkipDC-352897091444409,"",2019-02-18 06:34:55-07,SkipDC,electric-scooter,2019-02-18 06:35:00-07,-77.0612783,38.8608233
SkipDC-352897091267347,"",2019-02-18 06:34:55-07,SkipDC,electric-scooter,2019-02-18 06:35:00-07,-77.0629517,38.861695
SkipDC-352897091303225,"",2019-02-18 06:34:55-07,SkipDC,electric-scooter,2019-02-18 06:35:00-07,-77.0629183,38.8617433
SkipDC-352897091279466,"",2019-02-18 06:34:55-07,SkipDC,electric-scooter,2019-02-18 06:35:00-07,-77.060061,38.8616937
SkipDC-352897091314727,"",2019-02-18 06:34:55-07,SkipDC,electric-scooter,2019-02-18 06:35:00-07,-77.060005,38.86181
SkipDC-352897091382708,"",2019-02-18 06:34:55-07,SkipDC,electric-scooter,2019-02-18 06:35:00-07,-77.0596217,38.8617847
SkipDC-352897091288681,"",2019-02-18 06:34:55-07,SkipDC,electric-scooter,2019-02-18 06:35:00-07,-77.0594733,38.8628717
SkipDC-352897091287766,"",2019-02-18 06:34:55-07,SkipDC,electric-scooter,2019-02-18 06:35:00-07,-77.0634148,38.8604193
SkipDC-352897091342785,"",2019-02-18 06:34:55-07,SkipDC,electric-scooter,2019-02-18 06:35:00-07,-77.0626933,38.86174
SkipDC-352897091428360,"",2019-02-18 06:34:55-07,SkipDC,electric-scooter,2019-02-18 06:35:00-07,-77.0597433,38.8622467
SkipDC-352897091380967,"",2019-02-18 06:34:55-07,SkipDC,electric-scooter,2019-02-18 06:35:00-07,-77.0587937,38.864
SkipDC-352897091279920,"",2019-02-18 06:34:55-07,SkipDC,electric-scooter,2019-02-18 06:35:00-07,-77.0541933,38.86216
SkipDC-352897091382500,"",2019-02-18 06:34:55-07,SkipDC,electric-scooter,2019-02-18 06:35:00-07,-77.0542617,38.8622967
SkipDC-352897091456387,"",2019-02-18 06:34:55-07,SkipDC,electric-scooter,2019-02-18 06:35:00-07,-77.053905,38.8619733
SkipDC-352897091297641,"",2019-02-18 06:34:55-07,SkipDC,electric-scooter,2019-02-18 06:35:00-07,-77.0533617,38.86299
SkipDC-352897091408867,"",2019-02-18 06:34:55-07,SkipDC,electric-scooter,2019-02-18 06:35:00-07,-77.0572183,38.8607233
SkipDC-352897091451842,"",2019-02-18 06:34:55-07,SkipDC,electric-scooter,2019-02-18 06:35:00-07,-77.0544675,38.8606614
SkipDC-352897091310287,"",2019-02-18 06:34:55-07,SkipDC,electric-scooter,2019-02-18 06:35:00-07,-77.0553367,38.8623433
SkipDC-352897091381304,"",2019-02-18 06:34:55-07,SkipDC,electric-scooter,2019-02-18 06:35:00-07,-77.0543133,38.8629517
SkipDC-352897091273006,"",2019-02-18 06:34:55-07,SkipDC,electric-scooter,2019-02-18 06:35:00-07,-77.0529833,38.8643617
SkipDC-352897091349905,"",2019-02-18 06:34:55-07,SkipDC,electric-scooter,2019-02-18 06:35:00-07,-77.0567223,38.8629147
SkipDC-352897091436181,"",2019-02-18 06:34:55-07,SkipDC,electric-scooter,2019-02-18 06:35:00-07,-77.054325,38.862285
SkipDC-352897091432180,"",2019-02-18 06:34:55-07,SkipDC,electric-scooter,2019-02-18 06:35:00-07,-77.0557983,38.861195
SkipDC-352897091267024,"",2019-02-18 06:34:55-07,SkipDC,electric-scooter,2019-02-18 06:35:00-07,-77.0565167,38.86273
SkipDC-352897091320765,"",2019-02-18 06:34:55-07,SkipDC,electric-scooter,2019-02-18 06:35:00-07,-77.0540367,38.8621783
SkipDC-352897090501969,"",2019-02-18 06:34:55-07,SkipDC,electric-scooter,2019-02-18 06:35:00-07,-77.05316,38.863795
SkipDC-352897091421969,"",2019-02-18 06:34:55-07,SkipDC,electric-scooter,2019-02-18 06:35:00-07,-77.05294,38.8610617
SkipDC-352897091279441,"",2019-02-18 06:34:55-07,SkipDC,electric-scooter,2019-02-18 06:35:00-07,-77.0520683,38.8634817
SkipDC-352897091315427,"",2019-02-18 06:34:55-07,SkipDC,electric-scooter,2019-02-18 06:35:00-07,-77.05196,38.863815
SkipDC-352897091327083,"",2019-02-18 06:34:55-07,SkipDC,electric-scooter,2019-02-18 06:35:00-07,-77.0494733,38.8615433
SkipDC-352897091434822,"",2019-02-18 06:34:55-07,SkipDC,electric-scooter,2019-02-18 06:35:00-07,-77.0527467,38.860695
JumpDC-bike_23415,JUMP DC-2550,2019-02-18 06:34:05-07,JumpDC,pedal-assist-bike,2019-02-18 06:35:00-07,-76.9947316666667,38.86213
JumpDC-bike_23209,JUMP DC-2518,2019-02-18 06:34:05-07,JumpDC,pedal-assist-bike,2019-02-18 06:35:00-07,-76.9954383333333,38.8625566666667
SkipDC-352897091335508,"",2019-02-18 06:34:55-07,SkipDC,electric-scooter,2019-02-18 06:35:00-07,-76.994799,38.8626587
JumpDC-bike_18927,JUMP DC-0806,2019-02-18 06:34:05-07,JumpDC,pedal-assist-bike,2019-02-18 06:35:00-07,-76.995555,38.86236
SkipDC-352897091331804,"",2019-02-18 06:34:55-07,SkipDC,electric-scooter,2019-02-18 06:35:00-07,-76.9958071,38.862089
JumpDC-bike_23164,JUMP DC-2473,2019-02-18 06:34:05-07,JumpDC,pedal-assist-bike,2019-02-18 06:35:00-07,-76.9953633333333,38.8625133333333
SkipDC-352897091272941,"",2019-02-18 06:34:55-07,SkipDC,electric-scooter,2019-02-18 06:35:00-07,-76.9946583,38.8627467
SkipDC-352897091320666,"",2019-02-18 06:34:55-07,SkipDC,electric-scooter,2019-02-18 06:35:00-07,-76.9951342,38.8625531
SkipDC-352897091448129,"",2019-02-18 06:34:55-07,SkipDC,electric-scooter,2019-02-18 06:35:00-07,-76.9947485,38.8624939
SkipDC-352897091346406,"",2019-02-18 06:34:55-07,SkipDC,electric-scooter,2019-02-18 06:35:00-07,-76.9947806,38.8626739
SkipDC-352897091430143,"",2019-02-18 06:34:55-07,SkipDC,electric-scooter,2019-02-18 06:35:00-07,-76.9945203,38.8624643
JumpDC-bike_23620,JUMP DC-2655,2019-02-18 06:34:05-07,JumpDC,pedal-assist-bike,2019-02-18 06:35:00-07,-76.9946616666667,38.8622366666667
JumpDC-bike_23433,JUMP DC-2568,2019-02-18 06:34:05-07,JumpDC,pedal-assist-bike,2019-02-18 06:35:00-07,-76.9955283333333,38.86232
SkipDC-352897091306103,"",2019-02-18 06:34:55-07,SkipDC,electric-scooter,2019-02-18 06:35:00-07,-76.9954167,38.8624583
SkipDC-352897091273048,"",2019-02-18 06:34:55-07,SkipDC,electric-scooter,2019-02-18 06:35:00-07,-76.9940073,38.8634919
JumpDC-bike_16633,JUMP DC-0225,2019-02-18 06:34:05-07,JumpDC,pedal-assist-bike,2019-02-18 06:35:00-07,-76.97741,38.864755
SkipDC-352897091383904,"",2019-02-18 06:34:55-07,SkipDC,electric-scooter,2019-02-18 06:35:00-07,-77.0603483,38.8654283
SkipDC-352897091313687,"",2019-02-18 06:34:55-07,SkipDC,electric-scooter,2019-02-18 06:35:00-07,-77.0603417,38.8654883
SkipDC-352897091316284,"",2019-02-18 06:34:55-07,SkipDC,electric-scooter,2019-02-18 06:35:00-07,-77.0602667,38.86549
SkipDC-352897091339724,"",2019-02-18 06:34:55-07,SkipDC,electric-scooter,2019-02-18 06:35:00-07,-77.0602367,38.8654967
SkipDC-352897091369226,"",2019-02-18 06:34:55-07,SkipDC,electric-scooter,2019-02-18 06:35:00-07,-77.059995,38.8651333
SkipDC-352897091401805,"",2019-02-18 06:34:55-07,SkipDC,electric-scooter,2019-02-18 06:35:00-07,-77.05992,38.8652467
SkipDC-352897091406184,"",2019-02-18 06:34:55-07,SkipDC,electric-scooter,2019-02-18 06:35:00-07,-77.05696,38.865005
SkipDC-352897091320849,"",2019-02-18 06:34:55-07,SkipDC,electric-scooter,2019-02-18 06:35:00-07,-77.0467733,38.865415
JumpDC-bike_16615,JUMP DC-0250,2019-02-18 06:34:05-07,JumpDC,pedal-assist-bike,2019-02-18 06:35:00-07,-76.9892466666667,38.866235
JumpDC-bike_16607,JUMP DC-0242,2019-02-18 06:34:05-07,JumpDC,pedal-assist-bike,2019-02-18 06:35:00-07,-76.989205,38.8662083333333
JumpDC-bike_23676,JUMP DC-2711,2019-02-18 06:34:05-07,JumpDC,pedal-assist-bike,2019-02-18 06:35:00-07,-76.9822733333333,38.8652983333333
SkipDC-352897091426547,"",2019-02-18 06:34:55-07,SkipDC,electric-scooter,2019-02-18 06:35:00-07,-77.1055117,38.87384
SkipDC-352897091306384,"",2019-02-18 06:34:55-07,SkipDC,electric-scooter,2019-02-18 06:35:00-07,-77.0177233,38.8725683
SkipDC-352897091390362,"",2019-02-18 06:34:55-07,SkipDC,electric-scooter,2019-02-18 06:35:00-07,-77.01326,38.8724733
SkipDC-352897091343023,"",2019-02-18 06:34:55-07,SkipDC,electric-scooter,2019-02-18 06:35:00-07,-77.00627,38.87167
SkipDC-352897091390248,"",2019-02-18 06:34:55-07,SkipDC,electric-scooter,2019-02-18 06:35:00-07,-77.0059762,38.8723885
SkipDC-352897091458029,"",2019-02-18 06:34:55-07,SkipDC,electric-scooter,2019-02-18 06:35:00-07,-77.0114075,38.8719195
SkipDC-352897091426505,"",2019-02-18 06:34:55-07,SkipDC,electric-scooter,2019-02-18 06:35:00-07,-77.0007983,38.8735417
SkipDC-352897091289382,"",2019-02-18 06:34:55-07,SkipDC,electric-scooter,2019-02-18 06:35:00-07,-76.9742072,38.8715332
SkipDC-352897091346141,"",2019-02-18 06:34:55-07,SkipDC,electric-scooter,2019-02-18 06:35:00-07,-77.1195438,38.8780709
SkipDC-352897091456122,"",2019-02-18 06:34:55-07,SkipDC,electric-scooter,2019-02-18 06:35:00-07,-77.1054816,38.8742795
JumpDC-bike_23188,JUMP DC-2497,2019-02-18 06:34:05-07,JumpDC,pedal-assist-bike,2019-02-18 06:35:00-07,-77.0219366666667,38.877665
SkipDC-352897091356462,"",2019-02-18 06:34:55-07,SkipDC,electric-scooter,2019-02-18 06:35:00-07,-77.0201351,38.8757825
SkipDC-352897091453442,"",2019-02-18 06:34:55-07,SkipDC,electric-scooter,2019-02-18 06:35:00-07,-77.0213333,38.876965
SkipDC-352897091422348,"",2019-02-18 06:34:55-07,SkipDC,electric-scooter,2019-02-18 06:35:00-07,-77.0106717,38.8750933
SkipDC-352897091288707,"",2019-02-18 06:34:55-07,SkipDC,electric-scooter,2019-02-18 06:35:00-07,-77.0062759,38.8745956
SkipDC-352897091298383,"",2019-02-18 06:34:55-07,SkipDC,electric-scooter,2019-02-18 06:35:00-07,-77.0012792,38.8777209
SkipDC-352897091351869,"",2019-02-18 06:34:55-07,SkipDC,electric-scooter,2019-02-18 06:35:00-07,-77.000705,38.8760867
SkipDC-352897091327687,"",2019-02-18 06:34:55-07,SkipDC,electric-scooter,2019-02-18 06:35:00-07,-77.000505,38.8749833
SkipDC-352897091409022,"",2019-02-18 06:34:55-07,SkipDC,electric-scooter,2019-02-18 06:35:00-07,-77.0007317,38.8760333
SkipDC-352897091279581,"",2019-02-18 06:34:55-07,SkipDC,electric-scooter,2019-02-18 06:35:00-07,-77.0005483,38.8761617
JumpDC-bike_23637,JUMP DC-2672,2019-02-18 06:34:05-07,JumpDC,pedal-assist-bike,2019-02-18 06:35:00-07,-77.0043433333333,38.8753
JumpDC-bike_23171,JUMP DC-2480,2019-02-18 06:34:05-07,JumpDC,pedal-assist-bike,2019-02-18 06:35:00-07,-77.0003816666667,38.8749833333333
SkipDC-352897091326788,"",2019-02-18 06:34:55-07,SkipDC,electric-scooter,2019-02-18 06:35:00-07,-77.0042633,38.8771167
SkipDC-352897091280449,"",2019-02-18 06:34:55-07,SkipDC,electric-scooter,2019-02-18 06:35:00-07,-77.0019817,38.8750367
SkipDC-352897091339120,"",2019-02-18 06:34:55-07,SkipDC,electric-scooter,2019-02-18 06:35:00-07,-77.0006633,38.8750417
SkipDC-352897091333529,"",2019-02-18 06:34:55-07,SkipDC,electric-scooter,2019-02-18 06:35:00-07,-77.0004669,38.8762849
SkipDC-352897091285844,"",2019-02-18 06:34:55-07,SkipDC,electric-scooter,2019-02-18 06:35:00-07,-77.0003796,38.8762333
JumpDC-bike_23658,JUMP DC-2693,2019-02-18 06:34:05-07,JumpDC,pedal-assist-bike,2019-02-18 06:35:00-07,-77.0010066666667,38.87512
SkipDC-352897091379621,"",2019-02-18 06:34:55-07,SkipDC,electric-scooter,2019-02-18 06:35:00-07,-77.0007717,38.8760933
JumpDC-bike_23696,JUMP DC-2731,2019-02-18 06:34:05-07,JumpDC,pedal-assist-bike,2019-02-18 06:35:00-07,-77.0007866666667,38.8749966666667
SkipDC-352897091302706,"",2019-02-18 06:34:55-07,SkipDC,electric-scooter,2019-02-18 06:35:00-07,-76.9948167,38.87759
SkipDC-352897091408743,"",2019-02-18 06:34:55-07,SkipDC,electric-scooter,2019-02-18 06:35:00-07,-76.9948559,38.8778598
SkipDC-352897091437643,"",2019-02-18 06:34:55-07,SkipDC,electric-scooter,2019-02-18 06:35:00-07,-76.9948448,38.8773285
SkipDC-352897091288582,"",2019-02-18 06:34:55-07,SkipDC,electric-scooter,2019-02-18 06:35:00-07,-76.9937267,38.8766183
SkipDC-352897091302482,"",2019-02-18 06:34:55-07,SkipDC,electric-scooter,2019-02-18 06:35:00-07,-77.1148217,38.8797083
SkipDC-352897091351844,"",2019-02-18 06:34:55-07,SkipDC,electric-scooter,2019-02-18 06:35:00-07,-77.115047,38.880564
SkipDC-352897091313083,"",2019-02-18 06:34:55-07,SkipDC,electric-scooter,2019-02-18 06:35:00-07,-77.1149233,38.8806917
SkipDC-352897091350762,"",2019-02-18 06:34:55-07,SkipDC,electric-scooter,2019-02-18 06:35:00-07,-77.114865,38.88079
SkipDC-352897091426042,"",2019-02-18 06:34:55-07,SkipDC,electric-scooter,2019-02-18 06:35:00-07,-77.1128927,38.8825186
SkipDC-352897091302300,"",2019-02-18 06:34:55-07,SkipDC,electric-scooter,2019-02-18 06:35:00-07,-77.115257,38.8812855
SkipDC-352897091379522,"",2019-02-18 06:34:55-07,SkipDC,electric-scooter,2019-02-18 06:35:00-07,-77.1148667,38.8808717
SkipDC-352897091429145,"",2019-02-18 06:34:55-07,SkipDC,electric-scooter,2019-02-18 06:35:00-07,-77.1148467,38.8808883
SkipDC-352897091277981,"",2019-02-18 06:34:55-07,SkipDC,electric-scooter,2019-02-18 06:35:00-07,-77.1145233,38.8815483
SkipDC-352897091273287,"",2019-02-18 06:34:55-07,SkipDC,electric-scooter,2019-02-18 06:35:00-07,-77.1127193,38.882349
SkipDC-352897091277262,"",2019-02-18 06:34:55-07,SkipDC,electric-scooter,2019-02-18 06:35:00-07,-77.10686,38.8818983
SkipDC-352897091320609,"",2019-02-18 06:34:55-07,SkipDC,electric-scooter,2019-02-18 06:35:00-07,-77.1116717,38.8811883
SkipDC-352897091329428,"",2019-02-18 06:34:55-07,SkipDC,electric-scooter,2019-02-18 06:35:00-07,-77.1116717,38.881255
SkipDC-352897091429384,"",2019-02-18 06:34:55-07,SkipDC,electric-scooter,2019-02-18 06:35:00-07,-77.1115433,38.8811683
SkipDC-352897091429723,"",2019-02-18 06:34:55-07,SkipDC,electric-scooter,2019-02-18 06:35:00-07,-77.11152,38.8812717
SkipDC-352897091356082,"",2019-02-18 06:34:55-07,SkipDC,electric-scooter,2019-02-18 06:35:00-07,-77.1116608,38.8824895
SkipDC-352897091391808,"",2019-02-18 06:34:55-07,SkipDC,electric-scooter,2019-02-18 06:35:00-07,-77.108005,38.8815167
SkipDC-352897091338007,"",2019-02-18 06:34:55-07,SkipDC,electric-scooter,2019-02-18 06:35:00-07,-77.111685,38.8812667
SkipDC-352897091454143,"",2019-02-18 06:34:55-07,SkipDC,electric-scooter,2019-02-18 06:35:00-07,-77.11166,38.8813483
SkipDC-352897091295942,"",2019-02-18 06:34:55-07,SkipDC,electric-scooter,2019-02-18 06:35:00-07,-77.10912,38.88255
SkipDC-352897091434947,"",2019-02-18 06:34:55-07,SkipDC,electric-scooter,2019-02-18 06:35:00-07,-77.109495,38.8827667
SkipDC-352897091385560,"",2019-02-18 06:34:55-07,SkipDC,electric-scooter,2019-02-18 06:35:00-07,-77.1079617,38.8817267
SkipDC-352897091428964,"",2019-02-18 06:34:55-07,SkipDC,electric-scooter,2019-02-18 06:35:00-07,-77.109355,38.88263
SkipDC-352897091304421,"",2019-02-18 06:34:55-07,SkipDC,electric-scooter,2019-02-18 06:35:00-07,-77.108302,38.8822671
SkipDC-352897091305626,"",2019-02-18 06:34:55-07,SkipDC,electric-scooter,2019-02-18 06:35:00-07,-77.111565,38.8812433
SkipDC-352897091379324,"",2019-02-18 06:34:55-07,SkipDC,electric-scooter,2019-02-18 06:35:00-07,-77.1091917,38.8812533
SkipDC-352897091455066,"",2019-02-18 06:34:55-07,SkipDC,electric-scooter,2019-02-18 06:35:00-07,-77.1091475,38.8825478
SkipDC-352897091279508,"",2019-02-18 06:34:55-07,SkipDC,electric-scooter,2019-02-18 06:35:00-07,-77.1091,38.8825983
SkipDC-352897091277403,"",2019-02-18 06:34:55-07,SkipDC,electric-scooter,2019-02-18 06:35:00-07,-77.0866517,38.8808117
SkipDC-352897091279383,"",2019-02-18 06:34:55-07,SkipDC,electric-scooter,2019-02-18 06:35:00-07,-77.0381883,38.8787283
SkipDC-352897091438161,"",2019-02-18 06:34:55-07,SkipDC,electric-scooter,2019-02-18 06:35:00-07,-77.03201,38.8807033
SkipDC-352897091434400,"",2019-02-18 06:34:55-07,SkipDC,electric-scooter,2019-02-18 06:35:00-07,-77.03113,38.8827233
SkipDC-352897091434384,"",2019-02-18 06:34:55-07,SkipDC,electric-scooter,2019-02-18 06:35:00-07,-77.0267567,38.8806517
SkipDC-352897091406960,"",2019-02-18 06:34:55-07,SkipDC,electric-scooter,2019-02-18 06:35:00-07,-77.0265783,38.8815267
SkipDC-352897091340185,"",2019-02-18 06:34:55-07,SkipDC,electric-scooter,2019-02-18 06:35:00-07,-77.02608,38.8826017
SkipDC-352897091382104,"",2019-02-18 06:34:55-07,SkipDC,electric-scooter,2019-02-18 06:35:00-07,-77.0130674,38.8815321
SkipDC-352897091385529,"",2019-02-18 06:34:55-07,SkipDC,electric-scooter,2019-02-18 06:35:00-07,-77.0078417,38.8784567
SkipDC-352897091328784,"",2019-02-18 06:34:55-07,SkipDC,electric-scooter,2019-02-18 06:35:00-07,-77.0075883,38.8784383
SkipDC-352897091287485,"",2019-02-18 06:34:55-07,SkipDC,electric-scooter,2019-02-18 06:35:00-07,-77.0079567,38.878625
SkipDC-352897091346729,"",2019-02-18 06:34:55-07,SkipDC,electric-scooter,2019-02-18 06:35:00-07,-77.0068917,38.8793483
SkipDC-352897091279904,"",2019-02-18 06:34:55-07,SkipDC,electric-scooter,2019-02-18 06:35:00-07,-77.0060678,38.8799436
SkipDC-352897091452089,"",2019-02-18 06:34:55-07,SkipDC,electric-scooter,2019-02-18 06:35:00-07,-77.0081883,38.8785333
SkipDC-352897091408446,"",2019-02-18 06:34:55-07,SkipDC,electric-scooter,2019-02-18 06:35:00-07,-77.0079317,38.8784467
SkipDC-352897091345283,"",2019-02-18 06:34:55-07,SkipDC,electric-scooter,2019-02-18 06:35:00-07,-77.0040774,38.8804155
SkipDC-352897091315906,"",2019-02-18 06:34:55-07,SkipDC,electric-scooter,2019-02-18 06:35:00-07,-77.0004983,38.8785367
SkipDC-352897091433782,"",2019-02-18 06:34:55-07,SkipDC,electric-scooter,2019-02-18 06:35:00-07,-77.0004583,38.8785633
SkipDC-352897091388226,"",2019-02-18 06:34:55-07,SkipDC,electric-scooter,2019-02-18 06:35:00-07,-77.0055683,38.8806767
SkipDC-352897091430382,"",2019-02-18 06:34:55-07,SkipDC,electric-scooter,2019-02-18 06:35:00-07,-77.005485,38.88067
SkipDC-352897091356025,"",2019-02-18 06:34:55-07,SkipDC,electric-scooter,2019-02-18 06:35:00-07,-77.005575,38.8807983
SkipDC-352897091430002,"",2019-02-18 06:34:55-07,SkipDC,electric-scooter,2019-02-18 06:35:00-07,-76.9983269,38.8826063
SkipDC-352897091290463,"",2019-02-18 06:34:55-07,SkipDC,electric-scooter,2019-02-18 06:35:00-07,-76.9962183,38.8805817
SkipDC-352897091385206,"",2019-02-18 06:34:55-07,SkipDC,electric-scooter,2019-02-18 06:35:00-07,-76.983698,38.8784138
SkipDC-352897091434905,"",2019-02-18 06:34:55-07,SkipDC,electric-scooter,2019-02-18 06:35:00-07,-76.98355,38.8798017
SkipDC-352897091380561,"",2019-02-18 06:34:55-07,SkipDC,electric-scooter,2019-02-18 06:35:00-07,-77.1201333,38.8840983
SkipDC-352897091356645,"",2019-02-18 06:34:55-07,SkipDC,electric-scooter,2019-02-18 06:35:00-07,-77.1197415,38.8841793
SkipDC-352897091306269,"",2019-02-18 06:34:55-07,SkipDC,electric-scooter,2019-02-18 06:35:00-07,-77.1087819,38.883849
SkipDC-352897091391980,"",2019-02-18 06:34:55-07,SkipDC,electric-scooter,2019-02-18 06:35:00-07,-77.1038833,38.8871683
SkipDC-352897091279284,"",2019-02-18 06:34:55-07,SkipDC,electric-scooter,2019-02-18 06:35:00-07,-77.0965667,38.8871683
SkipDC-352897091461544,"",2019-02-18 06:34:55-07,SkipDC,electric-scooter,2019-02-18 06:35:00-07,-77.0930967,38.884695
SkipDC-352897091288640,"",2019-02-18 06:34:55-07,SkipDC,electric-scooter,2019-02-18 06:35:00-07,-77.092985,38.8846983
SkipDC-352897091444623,"",2019-02-18 06:34:55-07,SkipDC,electric-scooter,2019-02-18 06:35:00-07,-77.0931567,38.8846467
SkipDC-352897091458524,"",2019-02-18 06:34:55-07,SkipDC,electric-scooter,2019-02-18 06:35:00-07,-77.092875,38.8845617
SkipDC-352897091407265,"",2019-02-18 06:34:55-07,SkipDC,electric-scooter,2019-02-18 06:35:00-07,-77.0929883,38.8846333
SkipDC-352897091428022,"",2019-02-18 06:34:55-07,SkipDC,electric-scooter,2019-02-18 06:35:00-07,-77.0846083,38.887135
SkipDC-352897090523286,"",2019-02-18 06:34:55-07,SkipDC,electric-scooter,2019-02-18 06:35:00-07,-77.0458183,38.8831933
SkipDC-352897091350408,"",2019-02-18 06:34:55-07,SkipDC,electric-scooter,2019-02-18 06:35:00-07,-77.0442417,38.8860433
SkipDC-352897091406382,"",2019-02-18 06:34:55-07,SkipDC,electric-scooter,2019-02-18 06:35:00-07,-77.0376283,38.886875
JumpDC-bike_23623,JUMP DC-2658,2019-02-18 06:34:05-07,JumpDC,pedal-assist-bike,2019-02-18 06:35:00-07,-77.0338883333333,38.886595
SkipDC-352897090558449,"",2019-02-18 06:34:55-07,SkipDC,electric-scooter,2019-02-18 06:35:00-07,-77.0310283,38.8833267
SkipDC-352897091428485,"",2019-02-18 06:34:55-07,SkipDC,electric-scooter,2019-02-18 06:35:00-07,-77.02577,38.8872483
SkipDC-352897091268543,"",2019-02-18 06:34:55-07,SkipDC,electric-scooter,2019-02-18 06:35:00-07,-77.02442,38.8851317
JumpDC-bike_23656,JUMP DC-2691 ,2019-02-18 06:34:05-07,JumpDC,pedal-assist-bike,2019-02-18 06:35:00-07,-77.02824,38.88646
JumpDC-bike_23163,JUMP DC-2472,2019-02-18 06:34:05-07,JumpDC,pedal-assist-bike,2019-02-18 06:35:00-07,-77.0282283333333,38.885315
SkipDC-352897091287444,"",2019-02-18 06:34:55-07,SkipDC,electric-scooter,2019-02-18 06:35:00-07,-77.021745,38.8834433
SkipDC-352897091346240,"",2019-02-18 06:34:55-07,SkipDC,electric-scooter,2019-02-18 06:35:00-07,-77.0201381,38.885873
SkipDC-352897091378862,"",2019-02-18 06:34:55-07,SkipDC,electric-scooter,2019-02-18 06:35:00-07,-77.0200047,38.886125
SkipDC-352897091453541,"",2019-02-18 06:34:55-07,SkipDC,electric-scooter,2019-02-18 06:35:00-07,-77.01921,38.8862933
JumpDC-bike_16634,JUMP DC-0226,2019-02-18 06:34:05-07,JumpDC,pedal-assist-bike,2019-02-18 06:35:00-07,-77.0078783333333,38.8862433333333
SkipDC-352897091320906,"",2019-02-18 06:34:55-07,SkipDC,electric-scooter,2019-02-18 06:35:00-07,-77.0068217,38.8840333
SkipDC-352897091299720,"",2019-02-18 06:34:55-07,SkipDC,electric-scooter,2019-02-18 06:35:00-07,-77.003414,38.8861016
SkipDC-352897091351281,"",2019-02-18 06:34:55-07,SkipDC,electric-scooter,2019-02-18 06:35:00-07,-77.0032681,38.8862246
SkipDC-352897091435001,"",2019-02-18 06:34:55-07,SkipDC,electric-scooter,2019-02-18 06:35:00-07,-77.0033961,38.8864101
SkipDC-352897091338247,"",2019-02-18 06:34:55-07,SkipDC,electric-scooter,2019-02-18 06:35:00-07,-77.0032659,38.8872644
SkipDC-352897091340789,"",2019-02-18 06:34:55-07,SkipDC,electric-scooter,2019-02-18 06:35:00-07,-77.0005063,38.8847169
SkipDC-352897091298185,"",2019-02-18 06:34:55-07,SkipDC,electric-scooter,2019-02-18 06:35:00-07,-77.0023122,38.8852083
SkipDC-352897091387681,"",2019-02-18 06:34:55-07,SkipDC,electric-scooter,2019-02-18 06:35:00-07,-77.0011102,38.8866966
SkipDC-352897091426489,"",2019-02-18 06:34:55-07,SkipDC,electric-scooter,2019-02-18 06:35:00-07,-77.0049467,38.8832417
SkipDC-352897091428709,"",2019-02-18 06:34:55-07,SkipDC,electric-scooter,2019-02-18 06:35:00-07,-77.004886,38.8833053
SkipDC-352897091382120,"",2019-02-18 06:34:55-07,SkipDC,electric-scooter,2019-02-18 06:35:00-07,-77.0035668,38.886018
SkipDC-352897091321300,"",2019-02-18 06:34:55-07,SkipDC,electric-scooter,2019-02-18 06:35:00-07,-77.0011399,38.8866174
SkipDC-352897091435787,"",2019-02-18 06:34:55-07,SkipDC,electric-scooter,2019-02-18 06:35:00-07,-76.9962982,38.8839381
SkipDC-352897091310683,"",2019-02-18 06:34:55-07,SkipDC,electric-scooter,2019-02-18 06:35:00-07,-76.99599,38.885165
SkipDC-352897091327521,"",2019-02-18 06:34:55-07,SkipDC,electric-scooter,2019-02-18 06:35:00-07,-76.9973711,38.8869053
JumpDC-bike_23471,JUMP DC-2606,2019-02-18 06:34:05-07,JumpDC,pedal-assist-bike,2019-02-18 06:35:00-07,-76.99597,38.8842783333333
JumpDC-bike_23462,JUMP DC-2597,2019-02-18 06:34:05-07,JumpDC,pedal-assist-bike,2019-02-18 06:35:00-07,-76.9959,38.884285
JumpDC-bike_23647,JUMP DC-2682,2019-02-18 06:34:05-07,JumpDC,pedal-assist-bike,2019-02-18 06:35:00-07,-76.995965,38.884215
SkipDC-352897091433584,"",2019-02-18 06:34:55-07,SkipDC,electric-scooter,2019-02-18 06:35:00-07,-76.9916867,38.8832083
SkipDC-352897091274020,"",2019-02-18 06:34:55-07,SkipDC,electric-scooter,2019-02-18 06:35:00-07,-76.9917433,38.8859983
SkipDC-352897091381585,"",2019-02-18 06:34:55-07,SkipDC,electric-scooter,2019-02-18 06:35:00-07,-76.9775717,38.8861133
SkipDC-352897091339146,"",2019-02-18 06:34:55-07,SkipDC,electric-scooter,2019-02-18 06:35:00-07,-76.9776,38.8835167
JumpDC-bike_23473,JUMP DC-2608,2019-02-18 06:34:05-07,JumpDC,pedal-assist-bike,2019-02-18 06:35:00-07,-76.9536766666667,38.88561
SkipDC-352897091383649,"",2019-02-18 06:34:55-07,SkipDC,electric-scooter,2019-02-18 06:35:00-07,-77.0912583,38.88946
SkipDC-352897091452485,"",2019-02-18 06:34:55-07,SkipDC,electric-scooter,2019-02-18 06:35:00-07,-77.0915338,38.8892494
SkipDC-352897091387848,"",2019-02-18 06:34:55-07,SkipDC,electric-scooter,2019-02-18 06:35:00-07,-77.0913883,38.889475
SkipDC-352897091383540,"",2019-02-18 06:34:55-07,SkipDC,electric-scooter,2019-02-18 06:35:00-07,-77.0860633,38.8912633
SkipDC-352897091435126,"",2019-02-18 06:34:55-07,SkipDC,electric-scooter,2019-02-18 06:35:00-07,-77.085135,38.8893383
SkipDC-352897091349921,"",2019-02-18 06:34:55-07,SkipDC,electric-scooter,2019-02-18 06:35:00-07,-77.0828867,38.8897367
SkipDC-352897091458227,"",2019-02-18 06:34:55-07,SkipDC,electric-scooter,2019-02-18 06:35:00-07,-77.0824186,38.8914548
SkipDC-352897091428006,"",2019-02-18 06:34:55-07,SkipDC,electric-scooter,2019-02-18 06:35:00-07,-77.0824344,38.8916111
SkipDC-352897091429921,"",2019-02-18 06:34:55-07,SkipDC,electric-scooter,2019-02-18 06:35:00-07,-77.083715,38.8876
SkipDC-352897091272263,"",2019-02-18 06:34:55-07,SkipDC,electric-scooter,2019-02-18 06:35:00-07,-77.0838583,38.8878783
SkipDC-352897091325145,"",2019-02-18 06:34:55-07,SkipDC,electric-scooter,2019-02-18 06:35:00-07,-77.0828867,38.8897417
SkipDC-352897091294507,"",2019-02-18 06:34:55-07,SkipDC,electric-scooter,2019-02-18 06:35:00-07,-77.0861813,38.8912046
SkipDC-352897091315989,"",2019-02-18 06:34:55-07,SkipDC,electric-scooter,2019-02-18 06:35:00-07,-77.0840517,38.887765
SkipDC-352897091279888,"",2019-02-18 06:34:55-07,SkipDC,electric-scooter,2019-02-18 06:35:00-07,-77.0825917,38.8897145
SkipDC-352897091306426,"",2019-02-18 06:34:55-07,SkipDC,electric-scooter,2019-02-18 06:35:00-07,-77.0825417,38.891675
SkipDC-352897091462641,"",2019-02-18 06:34:55-07,SkipDC,electric-scooter,2019-02-18 06:35:00-07,-77.0820809,38.8909623
SkipDC-352897091283708,"",2019-02-18 06:34:55-07,SkipDC,electric-scooter,2019-02-18 06:35:00-07,-77.0805725,38.8890632
SkipDC-352897091386865,"",2019-02-18 06:34:55-07,SkipDC,electric-scooter,2019-02-18 06:35:00-07,-77.0818748,38.8910178
SkipDC-352897091388580,"",2019-02-18 06:34:55-07,SkipDC,electric-scooter,2019-02-18 06:35:00-07,-77.0810217,38.8905483
SkipDC-352897091387384,"",2019-02-18 06:34:55-07,SkipDC,electric-scooter,2019-02-18 06:35:00-07,-77.0811187,38.8905901
SkipDC-352897091398464,"",2019-02-18 06:34:55-07,SkipDC,electric-scooter,2019-02-18 06:35:00-07,-77.0793701,38.8899502
SkipDC-352897091462146,"",2019-02-18 06:34:55-07,SkipDC,electric-scooter,2019-02-18 06:35:00-07,-77.0771017,38.8917533
SkipDC-352897091335888,"",2019-02-18 06:34:55-07,SkipDC,electric-scooter,2019-02-18 06:35:00-07,-77.08188,38.8897233
SkipDC-352897091406788,"",2019-02-18 06:34:55-07,SkipDC,electric-scooter,2019-02-18 06:35:00-07,-77.0818467,38.8897317
SkipDC-352897091428642,"",2019-02-18 06:34:55-07,SkipDC,electric-scooter,2019-02-18 06:35:00-07,-77.0820233,38.8909817
SkipDC-352897091431521,"",2019-02-18 06:34:55-07,SkipDC,electric-scooter,2019-02-18 06:35:00-07,-77.0820383,38.8911067
SkipDC-352897091342900,"",2019-02-18 06:34:55-07,SkipDC,electric-scooter,2019-02-18 06:35:00-07,-77.08195,38.889685
SkipDC-352897091428428,"",2019-02-18 06:34:55-07,SkipDC,electric-scooter,2019-02-18 06:35:00-07,-77.0817551,38.8897714
SkipDC-352897091357049,"",2019-02-18 06:34:55-07,SkipDC,electric-scooter,2019-02-18 06:35:00-07,-77.0811267,38.8905167
SkipDC-352897091380504,"",2019-02-18 06:34:55-07,SkipDC,electric-scooter,2019-02-18 06:35:00-07,-77.076415,38.8910017
SkipDC-352897091454101,"",2019-02-18 06:34:55-07,SkipDC,electric-scooter,2019-02-18 06:35:00-07,-77.0737229,38.888464
SkipDC-352897091272289,"",2019-02-18 06:34:55-07,SkipDC,electric-scooter,2019-02-18 06:35:00-07,-77.0751583,38.891624
SkipDC-352897090502744,"",2019-02-18 06:34:55-07,SkipDC,electric-scooter,2019-02-18 06:35:00-07,-77.0745783,38.891825
SkipDC-352897091278302,"",2019-02-18 06:34:55-07,SkipDC,electric-scooter,2019-02-18 06:35:00-07,-77.0372017,38.8874433
SkipDC-352897091380223,"",2019-02-18 06:34:55-07,SkipDC,electric-scooter,2019-02-18 06:35:00-07,-77.0396283,38.8906233
SkipDC-352897091427529,"",2019-02-18 06:34:55-07,SkipDC,electric-scooter,2019-02-18 06:35:00-07,-77.0339033,38.8902083
SkipDC-352897091454523,"",2019-02-18 06:34:55-07,SkipDC,electric-scooter,2019-02-18 06:35:00-07,-77.033827,38.8901837
SkipDC-352897091428683,"",2019-02-18 06:34:55-07,SkipDC,electric-scooter,2019-02-18 06:35:00-07,-77.0338583,38.8901933
SkipDC-352897091448020,"",2019-02-18 06:34:55-07,SkipDC,electric-scooter,2019-02-18 06:35:00-07,-77.0330233,38.890215
SkipDC-352897091433964,"",2019-02-18 06:34:55-07,SkipDC,electric-scooter,2019-02-18 06:35:00-07,-77.028035,38.889145
JumpDC-bike_23672,JUMP DC-2707,2019-02-18 06:34:05-07,JumpDC,pedal-assist-bike,2019-02-18 06:35:00-07,-77.02358,38.8874466666667
SkipDC-352897091429368,"",2019-02-18 06:34:55-07,SkipDC,electric-scooter,2019-02-18 06:35:00-07,-77.0285883,38.8888217
SkipDC-352897091412729,"",2019-02-18 06:34:55-07,SkipDC,electric-scooter,2019-02-18 06:35:00-07,-77.0210247,38.8879948
SkipDC-352897091432982,"",2019-02-18 06:34:55-07,SkipDC,electric-scooter,2019-02-18 06:35:00-07,-77.0209717,38.8889117
SkipDC-352897091310543,"",2019-02-18 06:34:55-07,SkipDC,electric-scooter,2019-02-18 06:35:00-07,-77.015025,38.8881167
SkipDC-352897091331101,"",2019-02-18 06:34:55-07,SkipDC,electric-scooter,2019-02-18 06:35:00-07,-77.0127083,38.8887517
SkipDC-352897091429285,"",2019-02-18 06:34:55-07,SkipDC,electric-scooter,2019-02-18 06:35:00-07,-77.0126783,38.8887883
SkipDC-352897091275126,"",2019-02-18 06:34:55-07,SkipDC,electric-scooter,2019-02-18 06:35:00-07,-77.0126533,38.8888183
SkipDC-352897091386022,"",2019-02-18 06:34:55-07,SkipDC,electric-scooter,2019-02-18 06:35:00-07,-77.0123233,38.889605
SkipDC-352897091351703,"",2019-02-18 06:34:55-07,SkipDC,electric-scooter,2019-02-18 06:35:00-07,-77.0058858,38.8914862
SkipDC-352897091453145,"",2019-02-18 06:34:55-07,SkipDC,electric-scooter,2019-02-18 06:35:00-07,-77.00811,38.89112
SkipDC-352897091389927,"",2019-02-18 06:34:55-07,SkipDC,electric-scooter,2019-02-18 06:35:00-07,-77.0060953,38.8912728
SkipDC-352897091302722,"",2019-02-18 06:34:55-07,SkipDC,electric-scooter,2019-02-18 06:35:00-07,-77.005689,38.8914009
SkipDC-352897091398563,"",2019-02-18 06:34:55-07,SkipDC,electric-scooter,2019-02-18 06:35:00-07,-76.9989107,38.8875753
SkipDC-352897091267982,"",2019-02-18 06:34:55-07,SkipDC,electric-scooter,2019-02-18 06:35:00-07,-76.9982467,38.887655
SkipDC-352897091298045,"",2019-02-18 06:34:55-07,SkipDC,electric-scooter,2019-02-18 06:35:00-07,-76.9962718,38.8877437
SkipDC-352897091271687,"",2019-02-18 06:34:55-07,SkipDC,electric-scooter,2019-02-18 06:35:00-07,-76.9915933,38.88885
JumpDC-bike_18877,JUMP DC-0836,2019-02-18 06:34:05-07,JumpDC,pedal-assist-bike,2019-02-18 06:35:00-07,-76.9915116666667,38.88986
JumpDC-bike_23441,JUMP DC-2576,2019-02-18 06:34:05-07,JumpDC,pedal-assist-bike,2019-02-18 06:35:00-07,-76.991465,38.8896416666667
JumpDC-bike_23142,JUMP DC-2451,2019-02-18 06:34:05-07,JumpDC,pedal-assist-bike,2019-02-18 06:35:00-07,-76.9914416666667,38.889955
SkipDC-352897091351042,"",2019-02-18 06:34:55-07,SkipDC,electric-scooter,2019-02-18 06:35:00-07,-76.982719,38.8908905
SkipDC-352897091346109,"",2019-02-18 06:34:55-07,SkipDC,electric-scooter,2019-02-18 06:35:00-07,-76.9794997,38.8897037
SkipDC-352897091452220,"",2019-02-18 06:34:55-07,SkipDC,electric-scooter,2019-02-18 06:35:00-07,-77.083255,38.89254
SkipDC-352897091323884,"",2019-02-18 06:34:55-07,SkipDC,electric-scooter,2019-02-18 06:35:00-07,-77.0826217,38.892235
SkipDC-352897091345465,"",2019-02-18 06:34:55-07,SkipDC,electric-scooter,2019-02-18 06:35:00-07,-77.0826254,38.8922511
SkipDC-352897091331069,"",2019-02-18 06:34:55-07,SkipDC,electric-scooter,2019-02-18 06:35:00-07,-77.082635,38.8923583
SkipDC-352897091320781,"",2019-02-18 06:34:55-07,SkipDC,electric-scooter,2019-02-18 06:35:00-07,-77.0825576,38.8923068
SkipDC-352897091428667,"",2019-02-18 06:34:55-07,SkipDC,electric-scooter,2019-02-18 06:35:00-07,-77.08112,38.8919517
SkipDC-352897091451883,"",2019-02-18 06:34:55-07,SkipDC,electric-scooter,2019-02-18 06:35:00-07,-77.0765733,38.8934883
SkipDC-352897091342520,"",2019-02-18 06:34:55-07,SkipDC,electric-scooter,2019-02-18 06:35:00-07,-77.076625,38.89355
SkipDC-352897091288947,"",2019-02-18 06:34:55-07,SkipDC,electric-scooter,2019-02-18 06:35:00-07,-77.0764917,38.8935233
SkipDC-352897091358229,"",2019-02-18 06:34:55-07,SkipDC,electric-scooter,2019-02-18 06:35:00-07,-77.0816959,38.8922509
SkipDC-352897091298607,"",2019-02-18 06:34:55-07,SkipDC,electric-scooter,2019-02-18 06:35:00-07,-77.0819433,38.892445
SkipDC-352897091429566,"",2019-02-18 06:34:55-07,SkipDC,electric-scooter,2019-02-18 06:35:00-07,-77.0768024,38.8937188
SkipDC-352897091323900,"",2019-02-18 06:34:55-07,SkipDC,electric-scooter,2019-02-18 06:35:00-07,-77.080435,38.89599
SkipDC-352897091457922,"",2019-02-18 06:34:55-07,SkipDC,electric-scooter,2019-02-18 06:35:00-07,-77.0765283,38.893525
SkipDC-352897091387020,"",2019-02-18 06:34:55-07,SkipDC,electric-scooter,2019-02-18 06:35:00-07,-77.0745,38.894185
SkipDC-352897091398761,"",2019-02-18 06:34:55-07,SkipDC,electric-scooter,2019-02-18 06:35:00-07,-77.0737826,38.8944893
SkipDC-352897091409782,"",2019-02-18 06:34:55-07,SkipDC,electric-scooter,2019-02-18 06:35:00-07,-77.0716237,38.8963785
SkipDC-352897091451941,"",2019-02-18 06:34:55-07,SkipDC,electric-scooter,2019-02-18 06:35:00-07,-77.07642,38.89349
SkipDC-352897091381528,"",2019-02-18 06:34:55-07,SkipDC,electric-scooter,2019-02-18 06:35:00-07,-77.0755463,38.8937822
SkipDC-352897090568729,"",2019-02-18 06:34:55-07,SkipDC,electric-scooter,2019-02-18 06:35:00-07,-77.075465,38.8938783
SkipDC-352897091389646,"",2019-02-18 06:34:55-07,SkipDC,electric-scooter,2019-02-18 06:35:00-07,-77.0748333,38.894135
SkipDC-352897091286925,"",2019-02-18 06:34:55-07,SkipDC,electric-scooter,2019-02-18 06:35:00-07,-77.0753651,38.8939665
SkipDC-352897091278567,"",2019-02-18 06:34:55-07,SkipDC,electric-scooter,2019-02-18 06:35:00-07,-77.0710583,38.89331
SkipDC-352897091433881,"",2019-02-18 06:34:55-07,SkipDC,electric-scooter,2019-02-18 06:35:00-07,-77.07102,38.8959933
SkipDC-352897091451727,"",2019-02-18 06:34:55-07,SkipDC,electric-scooter,2019-02-18 06:35:00-07,-77.076415,38.89338
SkipDC-352897091345762,"",2019-02-18 06:34:55-07,SkipDC,electric-scooter,2019-02-18 06:35:00-07,-77.0764217,38.893485
SkipDC-352897091378581,"",2019-02-18 06:34:55-07,SkipDC,electric-scooter,2019-02-18 06:35:00-07,-77.0764217,38.89346
SkipDC-352897091455421,"",2019-02-18 06:34:55-07,SkipDC,electric-scooter,2019-02-18 06:35:00-07,-77.076365,38.8934167
SkipDC-352897091462625,"",2019-02-18 06:34:55-07,SkipDC,electric-scooter,2019-02-18 06:35:00-07,-77.075395,38.8940033
SkipDC-352897091302789,"",2019-02-18 06:34:55-07,SkipDC,electric-scooter,2019-02-18 06:35:00-07,-77.07476,38.8941267
SkipDC-352897091380140,"",2019-02-18 06:34:55-07,SkipDC,electric-scooter,2019-02-18 06:35:00-07,-77.075315,38.8920533
SkipDC-352897091344328,"",2019-02-18 06:34:55-07,SkipDC,electric-scooter,2019-02-18 06:35:00-07,-77.0739167,38.89508
SkipDC-352897091293145,"",2019-02-18 06:34:55-07,SkipDC,electric-scooter,2019-02-18 06:35:00-07,-77.0698217,38.892125
SkipDC-352897091306723,"",2019-02-18 06:34:55-07,SkipDC,electric-scooter,2019-02-18 06:35:00-07,-77.0502967,38.896165
SkipDC-352897091338924,"",2019-02-18 06:34:55-07,SkipDC,electric-scooter,2019-02-18 06:35:00-07,-77.050522,38.8962495
JumpDC-bike_23690,JUMP DC-2725,2019-02-18 06:34:05-07,JumpDC,pedal-assist-bike,2019-02-18 06:35:00-07,-77.0478183333333,38.893665
JumpDC-bike_23414,JUMP DC-2549,2019-02-18 06:34:05-07,JumpDC,pedal-assist-bike,2019-02-18 06:35:00-07,-77.0488733333333,38.8923
SkipDC-352897091411861,"",2019-02-18 06:34:55-07,SkipDC,electric-scooter,2019-02-18 06:35:00-07,-77.0416383,38.8948933
SkipDC-352897091290109,"",2019-02-18 06:34:55-07,SkipDC,electric-scooter,2019-02-18 06:35:00-07,-77.0310558,38.8962116
JumpDC-bike_18862,JUMP DC-0821,2019-02-18 06:34:05-07,JumpDC,pedal-assist-bike,2019-02-18 06:35:00-07,-77.0331716666667,38.8922516666667
SkipDC-352897091437627,"",2019-02-18 06:34:55-07,SkipDC,electric-scooter,2019-02-18 06:35:00-07,-77.0337533,38.8922483
SkipDC-352897091327349,"",2019-02-18 06:34:55-07,SkipDC,electric-scooter,2019-02-18 06:35:00-07,-77.0332379,38.8919986
SkipDC-352897091300445,"",2019-02-18 06:34:55-07,SkipDC,electric-scooter,2019-02-18 06:35:00-07,-77.0335033,38.8957967
SkipDC-352897091304926,"",2019-02-18 06:34:55-07,SkipDC,electric-scooter,2019-02-18 06:35:00-07,-77.0294937,38.8962421
SkipDC-352897091427065,"",2019-02-18 06:34:55-07,SkipDC,electric-scooter,2019-02-18 06:35:00-07,-77.0198302,38.8942171
SkipDC-352897091340565,"",2019-02-18 06:34:55-07,SkipDC,electric-scooter,2019-02-18 06:35:00-07,-77.0218717,38.8963683
SkipDC-352897091406242,"",2019-02-18 06:34:55-07,SkipDC,electric-scooter,2019-02-18 06:35:00-07,-77.0195537,38.894437
SkipDC-352897091433808,"",2019-02-18 06:34:55-07,SkipDC,electric-scooter,2019-02-18 06:35:00-07,-77.0117333,38.8932217
SkipDC-352897091462864,"",2019-02-18 06:34:55-07,SkipDC,electric-scooter,2019-02-18 06:35:00-07,-77.0111167,38.895345
SkipDC-352897091379423,"",2019-02-18 06:34:55-07,SkipDC,electric-scooter,2019-02-18 06:35:00-07,-77.00031,38.8920517
SkipDC-352897091279326,"",2019-02-18 06:34:55-07,SkipDC,electric-scooter,2019-02-18 06:35:00-07,-77.0002533,38.89216
SkipDC-352897091460165,"",2019-02-18 06:34:55-07,SkipDC,electric-scooter,2019-02-18 06:35:00-07,-77.0005283,38.8954822
SkipDC-352897091272842,"",2019-02-18 06:34:55-07,SkipDC,electric-scooter,2019-02-18 06:35:00-07,-76.9941717,38.895575
SkipDC-352897091389406,"",2019-02-18 06:34:55-07,SkipDC,electric-scooter,2019-02-18 06:35:00-07,-76.9997317,38.8951133
SkipDC-352897091426026,"",2019-02-18 06:34:55-07,SkipDC,electric-scooter,2019-02-18 06:35:00-07,-76.9916365,38.895312
SkipDC-352897091437502,"",2019-02-18 06:34:55-07,SkipDC,electric-scooter,2019-02-18 06:35:00-07,-76.9864498,38.8934924
SkipDC-352897091330541,"",2019-02-18 06:34:55-07,SkipDC,electric-scooter,2019-02-18 06:35:00-07,-76.9863996,38.8945021
SkipDC-352897091448061,"",2019-02-18 06:34:55-07,SkipDC,electric-scooter,2019-02-18 06:35:00-07,-76.9848633,38.8948106
SkipDC-352897090451322,"",2019-02-18 06:34:55-07,SkipDC,electric-scooter,2019-02-18 06:35:00-07,-76.9787967,38.8935667
SkipDC-352897091444565,"",2019-02-18 06:34:55-07,SkipDC,electric-scooter,2019-02-18 06:35:00-07,-76.9774475,38.8963018
SkipDC-352897091339047,"",2019-02-18 06:34:55-07,SkipDC,electric-scooter,2019-02-18 06:35:00-07,-76.9484867,38.8957783
SkipDC-352897091398787,"",2019-02-18 06:34:55-07,SkipDC,electric-scooter,2019-02-18 06:35:00-07,-76.9502496,38.8935825
SkipDC-352897091434723,"",2019-02-18 06:34:55-07,SkipDC,electric-scooter,2019-02-18 06:35:00-07,-76.95013,38.8936917
SkipDC-352897091390487,"",2019-02-18 06:34:55-07,SkipDC,electric-scooter,2019-02-18 06:35:00-07,-76.9501167,38.8937
SkipDC-352897091408149,"",2019-02-18 06:34:55-07,SkipDC,electric-scooter,2019-02-18 06:35:00-07,-76.9498071,38.8939089
SkipDC-352897091429863,"",2019-02-18 06:34:55-07,SkipDC,electric-scooter,2019-02-18 06:35:00-07,-76.9492917,38.895415
SkipDC-352897091389042,"",2019-02-18 06:34:55-07,SkipDC,electric-scooter,2019-02-18 06:35:00-07,-76.9381267,38.89603
SkipDC-352897091327265,"",2019-02-18 06:34:55-07,SkipDC,electric-scooter,2019-02-18 06:35:00-07,-77.0736383,38.89647
SkipDC-352897091321284,"",2019-02-18 06:34:55-07,SkipDC,electric-scooter,2019-02-18 06:35:00-07,-77.07337,38.8965383
SkipDC-352897091356140,"",2019-02-18 06:34:55-07,SkipDC,electric-scooter,2019-02-18 06:35:00-07,-77.0731517,38.89663
SkipDC-352897091278328,"",2019-02-18 06:34:55-07,SkipDC,electric-scooter,2019-02-18 06:35:00-07,-77.0573201,38.9006266
SkipDC-352897091301609,"",2019-02-18 06:34:55-07,SkipDC,electric-scooter,2019-02-18 06:35:00-07,-77.0573833,38.90062
SkipDC-352897091305485,"",2019-02-18 06:34:55-07,SkipDC,electric-scooter,2019-02-18 06:35:00-07,-77.050045,38.8982083
SkipDC-352897091316722,"",2019-02-18 06:34:55-07,SkipDC,electric-scooter,2019-02-18 06:35:00-07,-77.0499431,38.8982481
SkipDC-352897091274962,"",2019-02-18 06:34:55-07,SkipDC,electric-scooter,2019-02-18 06:35:00-07,-77.050935,38.8997733
SkipDC-352897091307382,"",2019-02-18 06:34:55-07,SkipDC,electric-scooter,2019-02-18 06:35:00-07,-77.05049,38.8983967
SkipDC-352897091345929,"",2019-02-18 06:34:55-07,SkipDC,electric-scooter,2019-02-18 06:35:00-07,-77.0499726,38.8983947
SkipDC-352897091330061,"",2019-02-18 06:34:55-07,SkipDC,electric-scooter,2019-02-18 06:35:00-07,-77.0499733,38.9008917
SkipDC-352897091302128,"",2019-02-18 06:34:55-07,SkipDC,electric-scooter,2019-02-18 06:35:00-07,-77.04784,38.900805
SkipDC-352897091358286,"",2019-02-18 06:34:55-07,SkipDC,electric-scooter,2019-02-18 06:35:00-07,-77.0461783,38.8974517
SkipDC-352897091452147,"",2019-02-18 06:34:55-07,SkipDC,electric-scooter,2019-02-18 06:35:00-07,-77.0439533,38.89759
SkipDC-352897091385727,"",2019-02-18 06:34:55-07,SkipDC,electric-scooter,2019-02-18 06:35:00-07,-77.0468917,38.9005183
SkipDC-352897091268345,"",2019-02-18 06:34:55-07,SkipDC,electric-scooter,2019-02-18 06:35:00-07,-77.0296967,38.8972917
SkipDC-352897091454325,"",2019-02-18 06:34:55-07,SkipDC,electric-scooter,2019-02-18 06:35:00-07,-77.0299,38.8975983
SkipDC-352897091359045,"",2019-02-18 06:34:55-07,SkipDC,electric-scooter,2019-02-18 06:35:00-07,-77.0241337,38.9003733
SkipDC-352897091406887,"",2019-02-18 06:34:55-07,SkipDC,electric-scooter,2019-02-18 06:35:00-07,-77.0228016,38.8994926
SkipDC-352897091360027,"",2019-02-18 06:34:55-07,SkipDC,electric-scooter,2019-02-18 06:35:00-07,-77.02068,38.8996867
SkipDC-352897091333248,"",2019-02-18 06:34:55-07,SkipDC,electric-scooter,2019-02-18 06:35:00-07,-77.01976,38.8999283
SkipDC-352897091274764,"",2019-02-18 06:34:55-07,SkipDC,electric-scooter,2019-02-18 06:35:00-07,-77.0157667,38.899935
SkipDC-352897091434889,"",2019-02-18 06:34:55-07,SkipDC,electric-scooter,2019-02-18 06:35:00-07,-77.012205,38.89863
SkipDC-352897091380108,"",2019-02-18 06:34:55-07,SkipDC,electric-scooter,2019-02-18 06:35:00-07,-77.0123886,38.9007427
SkipDC-352897091457187,"",2019-02-18 06:34:55-07,SkipDC,electric-scooter,2019-02-18 06:35:00-07,-77.0047973,38.896892
SkipDC-352897091275084,"",2019-02-18 06:34:55-07,SkipDC,electric-scooter,2019-02-18 06:35:00-07,-77.0021617,38.9008217
JumpDC-bike_23489,JUMP DC-2624,2019-02-18 06:34:05-07,JumpDC,pedal-assist-bike,2019-02-18 06:35:00-07,-77.0048766666667,38.89689
JumpDC-bike_23169,JUMP DC-2478,2019-02-18 06:34:05-07,JumpDC,pedal-assist-bike,2019-02-18 06:35:00-07,-77.00491,38.896825
SkipDC-352897091408982,"",2019-02-18 06:34:55-07,SkipDC,electric-scooter,2019-02-18 06:35:00-07,-76.9972733,38.9002367
JumpDC-bike_23453,JUMP DC-2588  ,2019-02-18 06:34:05-07,JumpDC,pedal-assist-bike,2019-02-18 06:35:00-07,-76.998035,38.899895
JumpDC-bike_23425,JUMP DC-2560,2019-02-18 06:34:05-07,JumpDC,pedal-assist-bike,2019-02-18 06:35:00-07,-76.998195,38.9000883333333
SkipDC-352897091345309,"",2019-02-18 06:34:55-07,SkipDC,electric-scooter,2019-02-18 06:35:00-07,-76.99968,38.9001567
JumpDC-bike_23205,JUMP DC-2514,2019-02-18 06:34:05-07,JumpDC,pedal-assist-bike,2019-02-18 06:35:00-07,-76.994955,38.8999916666667
SkipDC-352897091323223,"",2019-02-18 06:34:55-07,SkipDC,electric-scooter,2019-02-18 06:35:00-07,-76.999435,38.8999933
SkipDC-352897091438120,"",2019-02-18 06:34:55-07,SkipDC,electric-scooter,2019-02-18 06:35:00-07,-76.997345,38.900315
SkipDC-352897091352065,"",2019-02-18 06:34:55-07,SkipDC,electric-scooter,2019-02-18 06:35:00-07,-76.9969433,38.9003817
SkipDC-352897091432321,"",2019-02-18 06:34:55-07,SkipDC,electric-scooter,2019-02-18 06:35:00-07,-76.9961671,38.9003422
JumpDC-bike_23440,JUMP DC-2575,2019-02-18 06:34:05-07,JumpDC,pedal-assist-bike,2019-02-18 06:35:00-07,-76.9963166666667,38.9000566666667
JumpDC-bike_16501,JUMP DC-0188,2019-02-18 06:34:05-07,JumpDC,pedal-assist-bike,2019-02-18 06:35:00-07,-76.9962783333333,38.898505
JumpDC-bike_23216,JUMP DC-2525,2019-02-18 06:34:05-07,JumpDC,pedal-assist-bike,2019-02-18 06:35:00-07,-76.9984133333333,38.90006
SkipDC-352897091304868,"",2019-02-18 06:34:55-07,SkipDC,electric-scooter,2019-02-18 06:35:00-07,-76.997607,38.9001837
SkipDC-352897091426984,"",2019-02-18 06:34:55-07,SkipDC,electric-scooter,2019-02-18 06:35:00-07,-76.9973017,38.9001933
SkipDC-352897091332802,"",2019-02-18 06:34:55-07,SkipDC,electric-scooter,2019-02-18 06:35:00-07,-76.9900475,38.8964411
SkipDC-352897091458821,"",2019-02-18 06:34:55-07,SkipDC,electric-scooter,2019-02-18 06:35:00-07,-76.9900475,38.8964411
SkipDC-352897091323207,"",2019-02-18 06:34:55-07,SkipDC,electric-scooter,2019-02-18 06:35:00-07,-76.9908617,38.9001417
SkipDC-352897091445141,"",2019-02-18 06:34:55-07,SkipDC,electric-scooter,2019-02-18 06:35:00-07,-76.9893267,38.9000385
SkipDC-352897091386220,"",2019-02-18 06:34:55-07,SkipDC,electric-scooter,2019-02-18 06:35:00-07,-76.9908033,38.8970633
SkipDC-352897091434244,"",2019-02-18 06:34:55-07,SkipDC,electric-scooter,2019-02-18 06:35:00-07,-76.9857083,38.9001567
JumpDC-bike_23452,JUMP DC-2587,2019-02-18 06:34:05-07,JumpDC,pedal-assist-bike,2019-02-18 06:35:00-07,-76.9714533333333,38.89763
JumpDC-bike_23232,JUMP DC-2541,2019-02-18 06:34:05-07,JumpDC,pedal-assist-bike,2019-02-18 06:35:00-07,-76.9472083333333,38.897415
JumpDC-bike_23154,JUMP DC-2463,2019-02-18 06:34:05-07,JumpDC,pedal-assist-bike,2019-02-18 06:35:00-07,-76.947335,38.8974383333333
JumpDC-bike_18850,JUMP DC-0690,2019-02-18 06:34:05-07,JumpDC,pedal-assist-bike,2019-02-18 06:35:00-07,-76.9323183333333,38.8988116666667
SkipDC-352897091382740,"",2019-02-18 06:34:55-07,SkipDC,electric-scooter,2019-02-18 06:35:00-07,-77.06706,38.9039383
SkipDC-352897091433766,"",2019-02-18 06:34:55-07,SkipDC,electric-scooter,2019-02-18 06:35:00-07,-77.0657188,38.9035902
SkipDC-352897091302060,"",2019-02-18 06:34:55-07,SkipDC,electric-scooter,2019-02-18 06:35:00-07,-77.0631733,38.90437
SkipDC-352897091435985,"",2019-02-18 06:34:55-07,SkipDC,electric-scooter,2019-02-18 06:35:00-07,-77.0626774,38.9047251
SkipDC-352897091306087,"",2019-02-18 06:34:55-07,SkipDC,electric-scooter,2019-02-18 06:35:00-07,-77.059125,38.9050983
JumpDC-bike_23494,JUMP DC-2629,2019-02-18 06:34:05-07,JumpDC,pedal-assist-bike,2019-02-18 06:35:00-07,-77.0627,38.9040966666667
JumpDC-bike_23616,JUMP DC-2651,2019-02-18 06:34:05-07,JumpDC,pedal-assist-bike,2019-02-18 06:35:00-07,-77.059115,38.9050716666667
JumpDC-bike_23630,JUMP DC-2665,2019-02-18 06:34:05-07,JumpDC,pedal-assist-bike,2019-02-18 06:35:00-07,-77.05908,38.9050333333333
SkipDC-352897091315328,"",2019-02-18 06:34:55-07,SkipDC,electric-scooter,2019-02-18 06:35:00-07,-77.0641422,38.9029758
SkipDC-352897091387285,"",2019-02-18 06:34:55-07,SkipDC,electric-scooter,2019-02-18 06:35:00-07,-77.0587383,38.9043733
SkipDC-352897090562524,"",2019-02-18 06:34:55-07,SkipDC,electric-scooter,2019-02-18 06:35:00-07,-77.053055,38.902005
SkipDC-352897090507545,"",2019-02-18 06:34:55-07,SkipDC,electric-scooter,2019-02-18 06:35:00-07,-77.053375,38.9048267
JumpDC-bike_23448,JUMP DC-2583,2019-02-18 06:34:05-07,JumpDC,pedal-assist-bike,2019-02-18 06:35:00-07,-77.0581866666667,38.903875
JumpDC-bike_23156,JUMP DC-2465,2019-02-18 06:34:05-07,JumpDC,pedal-assist-bike,2019-02-18 06:35:00-07,-77.0540516666667,38.9026266666667
SkipDC-352897091327828,"",2019-02-18 06:34:55-07,SkipDC,electric-scooter,2019-02-18 06:35:00-07,-77.0512267,38.9051117
SkipDC-352897091456726,"",2019-02-18 06:34:55-07,SkipDC,electric-scooter,2019-02-18 06:35:00-07,-77.048355,38.9053117
SkipDC-352897091315286,"",2019-02-18 06:34:55-07,SkipDC,electric-scooter,2019-02-18 06:35:00-07,-77.0450783,38.902315
SkipDC-352897091388408,"",2019-02-18 06:34:55-07,SkipDC,electric-scooter,2019-02-18 06:35:00-07,-77.0470183,38.9026383
SkipDC-352897091279482,"",2019-02-18 06:34:55-07,SkipDC,electric-scooter,2019-02-18 06:35:00-07,-77.0402772,38.9039321
SkipDC-352897091444268,"",2019-02-18 06:34:55-07,SkipDC,electric-scooter,2019-02-18 06:35:00-07,-77.036385,38.9028967
SkipDC-352897091312986,"",2019-02-18 06:34:55-07,SkipDC,electric-scooter,2019-02-18 06:35:00-07,-77.0397167,38.901395
SkipDC-352897091414188,"",2019-02-18 06:34:55-07,SkipDC,electric-scooter,2019-02-18 06:35:00-07,-77.0378883,38.90152
SkipDC-352897091427008,"",2019-02-18 06:34:55-07,SkipDC,electric-scooter,2019-02-18 06:35:00-07,-77.0404183,38.9039283
SkipDC-352897091331606,"",2019-02-18 06:34:55-07,SkipDC,electric-scooter,2019-02-18 06:35:00-07,-77.0326683,38.9046583
SkipDC-352897090437164,"",2019-02-18 06:34:55-07,SkipDC,electric-scooter,2019-02-18 06:35:00-07,-77.0331,38.9014533
SkipDC-352897091431323,"",2019-02-18 06:34:55-07,SkipDC,electric-scooter,2019-02-18 06:35:00-07,-77.0319567,38.9036817
SkipDC-352897091428543,"",2019-02-18 06:34:55-07,SkipDC,electric-scooter,2019-02-18 06:35:00-07,-77.0346117,38.9009417
SkipDC-352897091407067,"",2019-02-18 06:34:55-07,SkipDC,electric-scooter,2019-02-18 06:35:00-07,-77.0264567,38.9044183
SkipDC-352897091345945,"",2019-02-18 06:34:55-07,SkipDC,electric-scooter,2019-02-18 06:35:00-07,-77.0245135,38.9040822
SkipDC-352897091456320,"",2019-02-18 06:34:55-07,SkipDC,electric-scooter,2019-02-18 06:35:00-07,-77.0243639,38.9040631
SkipDC-352897091453723,"",2019-02-18 06:34:55-07,SkipDC,electric-scooter,2019-02-18 06:35:00-07,-77.0261483,38.9024833
SkipDC-352897091390107,"",2019-02-18 06:34:55-07,SkipDC,electric-scooter,2019-02-18 06:35:00-07,-77.025635,38.9030583
SkipDC-352897091457146,"",2019-02-18 06:34:55-07,SkipDC,electric-scooter,2019-02-18 06:35:00-07,-77.0182617,38.901375
SkipDC-352897091386048,"",2019-02-18 06:34:55-07,SkipDC,electric-scooter,2019-02-18 06:35:00-07,-77.01937,38.901455
SkipDC-352897091457328,"",2019-02-18 06:34:55-07,SkipDC,electric-scooter,2019-02-18 06:35:00-07,-77.018165,38.901245
SkipDC-352897091387921,"",2019-02-18 06:34:55-07,SkipDC,electric-scooter,2019-02-18 06:35:00-07,-77.0169867,38.905285
SkipDC-352897091351562,"",2019-02-18 06:34:55-07,SkipDC,electric-scooter,2019-02-18 06:35:00-07,-77.0124933,38.9052443
SkipDC-352897091274327,"",2019-02-18 06:34:55-07,SkipDC,electric-scooter,2019-02-18 06:35:00-07,-77.01246,38.9052567
SkipDC-352897091398266,"",2019-02-18 06:34:55-07,SkipDC,electric-scooter,2019-02-18 06:35:00-07,-77.01763,38.9039967
SkipDC-352897091302508,"",2019-02-18 06:34:55-07,SkipDC,electric-scooter,2019-02-18 06:35:00-07,-77.0094851,38.9015235
SkipDC-352897091372642,"",2019-02-18 06:34:55-07,SkipDC,electric-scooter,2019-02-18 06:35:00-07,-77.0091617,38.901755
SkipDC-352897091429244,"",2019-02-18 06:34:55-07,SkipDC,electric-scooter,2019-02-18 06:35:00-07,-77.0079617,38.9038717
SkipDC-352897091334766,"",2019-02-18 06:34:55-07,SkipDC,electric-scooter,2019-02-18 06:35:00-07,-76.9994317,38.9009317
SkipDC-352897091269525,"",2019-02-18 06:34:55-07,SkipDC,electric-scooter,2019-02-18 06:35:00-07,-76.9807533,38.904055
SkipDC-352897091334667,"",2019-02-18 06:34:55-07,SkipDC,electric-scooter,2019-02-18 06:35:00-07,-77.0683031,38.9059367
SkipDC-352897091428147,"",2019-02-18 06:34:55-07,SkipDC,electric-scooter,2019-02-18 06:35:00-07,-77.0612588,38.9058466
SkipDC-352897091435308,"",2019-02-18 06:34:55-07,SkipDC,electric-scooter,2019-02-18 06:35:00-07,-77.0592583,38.9054967
SkipDC-352897091306707,"",2019-02-18 06:34:55-07,SkipDC,electric-scooter,2019-02-18 06:35:00-07,-77.0591217,38.9068517
JumpDC-bike_18916,JUMP DC-0795,2019-02-18 06:34:05-07,JumpDC,pedal-assist-bike,2019-02-18 06:35:00-07,-77.0633933333333,38.90687
SkipDC-352897091338841,"",2019-02-18 06:34:55-07,SkipDC,electric-scooter,2019-02-18 06:35:00-07,-77.0531424,38.9054205
SkipDC-352897090572382,"",2019-02-18 06:34:55-07,SkipDC,electric-scooter,2019-02-18 06:35:00-07,-77.0534767,38.90635
SkipDC-352897091351786,"",2019-02-18 06:34:55-07,SkipDC,electric-scooter,2019-02-18 06:35:00-07,-77.0531517,38.9064367
SkipDC-352897091311848,"",2019-02-18 06:34:55-07,SkipDC,electric-scooter,2019-02-18 06:35:00-07,-77.0535433,38.9095265
JumpDC-bike_23496,JUMP DC-2631,2019-02-18 06:34:05-07,JumpDC,pedal-assist-bike,2019-02-18 06:35:00-07,-77.05478,38.9094616666667
SkipDC-352897091328248,"",2019-02-18 06:34:55-07,SkipDC,electric-scooter,2019-02-18 06:35:00-07,-77.0580653,38.906348
SkipDC-352897091391485,"",2019-02-18 06:34:55-07,SkipDC,electric-scooter,2019-02-18 06:35:00-07,-77.0487533,38.906594
SkipDC-352897091343148,"",2019-02-18 06:34:55-07,SkipDC,electric-scooter,2019-02-18 06:35:00-07,-77.051285,38.909195
SkipDC-352897091284524,"",2019-02-18 06:34:55-07,SkipDC,electric-scooter,2019-02-18 06:35:00-07,-77.0486967,38.9066167
SkipDC-352897091338825,"",2019-02-18 06:34:55-07,SkipDC,electric-scooter,2019-02-18 06:35:00-07,-77.0487033,38.906675
JumpDC-bike_23203,JUMP DC-2512,2019-02-18 06:34:05-07,JumpDC,pedal-assist-bike,2019-02-18 06:35:00-07,-77.0513266666667,38.9054816666667
SkipDC-352897091327604,"",2019-02-18 06:34:55-07,SkipDC,electric-scooter,2019-02-18 06:35:00-07,-77.0510767,38.9058217
SkipDC-352897091352263,"",2019-02-18 06:34:55-07,SkipDC,electric-scooter,2019-02-18 06:35:00-07,-77.0486133,38.9065133
SkipDC-352897091272248,"",2019-02-18 06:34:55-07,SkipDC,electric-scooter,2019-02-18 06:35:00-07,-77.0487283,38.9066033
SkipDC-352897091391543,"",2019-02-18 06:34:55-07,SkipDC,electric-scooter,2019-02-18 06:35:00-07,-77.0467833,38.9064167
SkipDC-352897091330400,"",2019-02-18 06:34:55-07,SkipDC,electric-scooter,2019-02-18 06:35:00-07,-77.0424822,38.90732
SkipDC-352897090527006,"",2019-02-18 06:34:55-07,SkipDC,electric-scooter,2019-02-18 06:35:00-07,-77.0422993,38.907378
SkipDC-352897091392145,"",2019-02-18 06:34:55-07,SkipDC,electric-scooter,2019-02-18 06:35:00-07,-77.0413083,38.9063133
SkipDC-352897091306244,"",2019-02-18 06:34:55-07,SkipDC,electric-scooter,2019-02-18 06:35:00-07,-77.0414583,38.9066683
SkipDC-352897091452360,"",2019-02-18 06:34:55-07,SkipDC,electric-scooter,2019-02-18 06:35:00-07,-77.0457583,38.90922
SkipDC-352897091408685,"",2019-02-18 06:34:55-07,SkipDC,electric-scooter,2019-02-18 06:35:00-07,-77.0457067,38.909295
SkipDC-352897091328008,"",2019-02-18 06:34:55-07,SkipDC,electric-scooter,2019-02-18 06:35:00-07,-77.0436458,38.9092261
SkipDC-352897091435100,"",2019-02-18 06:34:55-07,SkipDC,electric-scooter,2019-02-18 06:35:00-07,-77.04533,38.907505
SkipDC-352897091288764,"",2019-02-18 06:34:55-07,SkipDC,electric-scooter,2019-02-18 06:35:00-07,-77.0414217,38.9062583
SkipDC-352897091268840,"",2019-02-18 06:34:55-07,SkipDC,electric-scooter,2019-02-18 06:35:00-07,-77.0397367,38.9061
SkipDC-352897091452667,"",2019-02-18 06:34:55-07,SkipDC,electric-scooter,2019-02-18 06:35:00-07,-77.0390367,38.9071683
SkipDC-352897091433261,"",2019-02-18 06:34:55-07,SkipDC,electric-scooter,2019-02-18 06:35:00-07,-77.0357783,38.90756
SkipDC-352897091268287,"",2019-02-18 06:34:55-07,SkipDC,electric-scooter,2019-02-18 06:35:00-07,-77.0335517,38.905705
JumpDC-bike_23508,JUMP DC-2643,2019-02-18 06:34:05-07,JumpDC,pedal-assist-bike,2019-02-18 06:35:00-07,-77.03372,38.9096383333333
SkipDC-352897091383862,"",2019-02-18 06:34:55-07,SkipDC,electric-scooter,2019-02-18 06:35:00-07,-77.033765,38.905935
SkipDC-352897091356124,"",2019-02-18 06:34:55-07,SkipDC,electric-scooter,2019-02-18 06:35:00-07,-77.033575,38.9057783
SkipDC-352897091462203,"",2019-02-18 06:34:55-07,SkipDC,electric-scooter,2019-02-18 06:35:00-07,-77.033405,38.9058983
JumpDC-bike_23165,JUMP DC-2474,2019-02-18 06:34:05-07,JumpDC,pedal-assist-bike,2019-02-18 06:35:00-07,-77.0336416666667,38.9098133333333
SkipDC-352897091406648,"",2019-02-18 06:34:55-07,SkipDC,electric-scooter,2019-02-18 06:35:00-07,-77.025025,38.9087829
SkipDC-352897091380769,"",2019-02-18 06:34:55-07,SkipDC,electric-scooter,2019-02-18 06:35:00-07,-77.0290133,38.9071983
SkipDC-352897091270788,"",2019-02-18 06:34:55-07,SkipDC,electric-scooter,2019-02-18 06:35:00-07,-77.0269068,38.9079384
SkipDC-352897091390529,"",2019-02-18 06:34:55-07,SkipDC,electric-scooter,2019-02-18 06:35:00-07,-77.0259367,38.9089333
SkipDC-352897091358120,"",2019-02-18 06:34:55-07,SkipDC,electric-scooter,2019-02-18 06:35:00-07,-77.0243633,38.90722
SkipDC-352897091459787,"",2019-02-18 06:34:55-07,SkipDC,electric-scooter,2019-02-18 06:35:00-07,-77.0274963,38.9086238
SkipDC-352897091327166,"",2019-02-18 06:34:55-07,SkipDC,electric-scooter,2019-02-18 06:35:00-07,-77.0246867,38.9064917
SkipDC-352897091276421,"",2019-02-18 06:34:55-07,SkipDC,electric-scooter,2019-02-18 06:35:00-07,-77.0245553,38.9081287
SkipDC-352897091298003,"",2019-02-18 06:34:55-07,SkipDC,electric-scooter,2019-02-18 06:35:00-07,-77.02861,38.907335
SkipDC-352897091293608,"",2019-02-18 06:34:55-07,SkipDC,electric-scooter,2019-02-18 06:35:00-07,-77.0281467,38.9085
JumpDC-bike_23629,JUMP DC-2664,2019-02-18 06:34:05-07,JumpDC,pedal-assist-bike,2019-02-18 06:35:00-07,-77.02083,38.9096416666667
SkipDC-352897091350846,"",2019-02-18 06:34:55-07,SkipDC,electric-scooter,2019-02-18 06:35:00-07,-77.0218933,38.9063
SkipDC-352897091433543,"",2019-02-18 06:34:55-07,SkipDC,electric-scooter,2019-02-18 06:35:00-07,-77.02206,38.906385
SkipDC-352897091401920,"",2019-02-18 06:34:55-07,SkipDC,electric-scooter,2019-02-18 06:35:00-07,-77.018857,38.9090061
SkipDC-352897091386162,"",2019-02-18 06:34:55-07,SkipDC,electric-scooter,2019-02-18 06:35:00-07,-77.0152617,38.9066367
SkipDC-352897091345481,"",2019-02-18 06:34:55-07,SkipDC,electric-scooter,2019-02-18 06:35:00-07,-77.0100589,38.9078811
SkipDC-352897091301989,"",2019-02-18 06:34:55-07,SkipDC,electric-scooter,2019-02-18 06:35:00-07,-77.0099733,38.9077817
SkipDC-352897091297427,"",2019-02-18 06:34:55-07,SkipDC,electric-scooter,2019-02-18 06:35:00-07,-77.010125,38.908675
JumpDC-bike_23237,JUMP DC-2546,2019-02-18 06:34:05-07,JumpDC,pedal-assist-bike,2019-02-18 06:35:00-07,-77.01036,38.9096783333333
SkipDC-352897091273089,"",2019-02-18 06:34:55-07,SkipDC,electric-scooter,2019-02-18 06:35:00-07,-77.0100541,38.9078706
SkipDC-352897091386964,"",2019-02-18 06:34:55-07,SkipDC,electric-scooter,2019-02-18 06:35:00-07,-77.0047644,38.9057649
SkipDC-352897091420623,"",2019-02-18 06:34:55-07,SkipDC,electric-scooter,2019-02-18 06:35:00-07,-77.0036517,38.9056068
SkipDC-352897091272081,"",2019-02-18 06:34:55-07,SkipDC,electric-scooter,2019-02-18 06:35:00-07,-77.005205,38.908975
SkipDC-352897091338304,"",2019-02-18 06:34:55-07,SkipDC,electric-scooter,2019-02-18 06:35:00-07,-77.0002517,38.9078817
JumpDC-bike_18843,JUMP DC-0720,2019-02-18 06:34:05-07,JumpDC,pedal-assist-bike,2019-02-18 06:35:00-07,-76.9972566666667,38.90809
JumpDC-bike_23196,JUMP DC-2505,2019-02-18 06:34:05-07,JumpDC,pedal-assist-bike,2019-02-18 06:35:00-07,-76.9979016666667,38.90857
JumpDC-bike_16514,JUMP DC-0202,2019-02-18 06:34:05-07,JumpDC,pedal-assist-bike,2019-02-18 06:35:00-07,-76.997165,38.9081516666667
SkipDC-352897091444920,"",2019-02-18 06:34:55-07,SkipDC,electric-scooter,2019-02-18 06:35:00-07,-76.99439,38.9062067
SkipDC-352897091389968,"",2019-02-18 06:34:55-07,SkipDC,electric-scooter,2019-02-18 06:35:00-07,-76.9944433,38.9071017
SkipDC-352897091315666,"",2019-02-18 06:34:55-07,SkipDC,electric-scooter,2019-02-18 06:35:00-07,-76.98965,38.90621
SkipDC-352897091359102,"",2019-02-18 06:34:55-07,SkipDC,electric-scooter,2019-02-18 06:35:00-07,-76.987507,38.906907
JumpDC-bike_23643,JUMP DC-2678,2019-02-18 06:34:05-07,JumpDC,pedal-assist-bike,2019-02-18 06:35:00-07,-76.9525316666667,38.905895
SkipDC-352897091314529,"",2019-02-18 06:34:55-07,SkipDC,electric-scooter,2019-02-18 06:35:00-07,-77.07716,38.9109683
SkipDC-352897091430184,"",2019-02-18 06:34:55-07,SkipDC,electric-scooter,2019-02-18 06:35:00-07,-77.0726306,38.9117117
SkipDC-352897091356363,"",2019-02-18 06:34:55-07,SkipDC,electric-scooter,2019-02-18 06:35:00-07,-77.0645412,38.9102855
SkipDC-352897091279847,"",2019-02-18 06:34:55-07,SkipDC,electric-scooter,2019-02-18 06:35:00-07,-77.0644212,38.9121641
SkipDC-352897091288905,"",2019-02-18 06:34:55-07,SkipDC,electric-scooter,2019-02-18 06:35:00-07,-77.055395,38.91004
SkipDC-352897091272503,"",2019-02-18 06:34:55-07,SkipDC,electric-scooter,2019-02-18 06:35:00-07,-77.0458783,38.9105083
SkipDC-352897091333263,"",2019-02-18 06:34:55-07,SkipDC,electric-scooter,2019-02-18 06:35:00-07,-77.0434646,38.9131417
JumpDC-bike_23667,JUMP DC-2702,2019-02-18 06:34:05-07,JumpDC,pedal-assist-bike,2019-02-18 06:35:00-07,-77.046655,38.9116916666667
JumpDC-bike_23493,JUMP DC-2628,2019-02-18 06:34:05-07,JumpDC,pedal-assist-bike,2019-02-18 06:35:00-07,-77.0466183333333,38.9101266666667
SkipDC-352897091334642,"",2019-02-18 06:34:55-07,SkipDC,electric-scooter,2019-02-18 06:35:00-07,-77.04012,38.9111645
SkipDC-352897091306301,"",2019-02-18 06:34:55-07,SkipDC,electric-scooter,2019-02-18 06:35:00-07,-77.0375067,38.9112083
SkipDC-352897091326606,"",2019-02-18 06:34:55-07,SkipDC,electric-scooter,2019-02-18 06:35:00-07,-77.035397,38.9124672
SkipDC-352897091428204,"",2019-02-18 06:34:55-07,SkipDC,electric-scooter,2019-02-18 06:35:00-07,-77.0335483,38.9103858
SkipDC-352897091279342,"",2019-02-18 06:34:55-07,SkipDC,electric-scooter,2019-02-18 06:35:00-07,-77.0336533,38.911985
SkipDC-352897091390123,"",2019-02-18 06:34:55-07,SkipDC,electric-scooter,2019-02-18 06:35:00-07,-77.0314386,38.9126637
SkipDC-352897091435449,"",2019-02-18 06:34:55-07,SkipDC,electric-scooter,2019-02-18 06:35:00-07,-77.0278855,38.9123739
SkipDC-352897091342306,"",2019-02-18 06:34:55-07,SkipDC,electric-scooter,2019-02-18 06:35:00-07,-77.0273561,38.9142294
JumpDC-bike_18849,JUMP DC-0694,2019-02-18 06:34:05-07,JumpDC,pedal-assist-bike,2019-02-18 06:35:00-07,-77.0223783333333,38.91409
SkipDC-352897091273600,"",2019-02-18 06:34:55-07,SkipDC,electric-scooter,2019-02-18 06:35:00-07,-77.0219183,38.9105067
SkipDC-352897091437429,"",2019-02-18 06:34:55-07,SkipDC,electric-scooter,2019-02-18 06:35:00-07,-77.023065,38.9128967
SkipDC-352897091352347,"",2019-02-18 06:34:55-07,SkipDC,electric-scooter,2019-02-18 06:35:00-07,-77.021942,38.9108522
SkipDC-352897091434608,"",2019-02-18 06:34:55-07,SkipDC,electric-scooter,2019-02-18 06:35:00-07,-77.0217817,38.911295
JumpDC-bike_23695,JUMP DC-2730,2019-02-18 06:34:05-07,JumpDC,pedal-assist-bike,2019-02-18 06:35:00-07,-77.0141666666667,38.913395
SkipDC-352897091296544,"",2019-02-18 06:34:55-07,SkipDC,electric-scooter,2019-02-18 06:35:00-07,-77.0030063,38.9107438
JumpDC-bike_18930,JUMP DC-0809,2019-02-18 06:34:05-07,JumpDC,pedal-assist-bike,2019-02-18 06:35:00-07,-76.995745,38.912055
JumpDC-bike_16532,JUMP DC-0223,2019-02-18 06:34:05-07,JumpDC,pedal-assist-bike,2019-02-18 06:35:00-07,-76.9718916666667,38.9126183333333
SkipDC-352897091305527,"",2019-02-18 06:34:55-07,SkipDC,electric-scooter,2019-02-18 06:35:00-07,-77.0742878,38.9163338
SkipDC-352897091358724,"",2019-02-18 06:34:55-07,SkipDC,electric-scooter,2019-02-18 06:35:00-07,-77.0705283,38.9145783
SkipDC-352897091409907,"",2019-02-18 06:34:55-07,SkipDC,electric-scooter,2019-02-18 06:35:00-07,-77.0525073,38.9146637
SkipDC-352897091273964,"",2019-02-18 06:34:55-07,SkipDC,electric-scooter,2019-02-18 06:35:00-07,-77.0484267,38.916445
SkipDC-352897091331481,"",2019-02-18 06:34:55-07,SkipDC,electric-scooter,2019-02-18 06:35:00-07,-77.0437191,38.9159938
SkipDC-352897091340425,"",2019-02-18 06:34:55-07,SkipDC,electric-scooter,2019-02-18 06:35:00-07,-77.04175,38.9162633
SkipDC-352897091359383,"",2019-02-18 06:34:55-07,SkipDC,electric-scooter,2019-02-18 06:35:00-07,-77.0457483,38.91639
SkipDC-352897091295207,"",2019-02-18 06:34:55-07,SkipDC,electric-scooter,2019-02-18 06:35:00-07,-77.044055,38.9177567
SkipDC-352897091429343,"",2019-02-18 06:34:55-07,SkipDC,electric-scooter,2019-02-18 06:35:00-07,-77.0443587,38.9179034
JumpDC-bike_23449,JUMP DC-2584,2019-02-18 06:34:05-07,JumpDC,pedal-assist-bike,2019-02-18 06:35:00-07,-77.04174,38.9185616666667
SkipDC-352897091457021,"",2019-02-18 06:34:55-07,SkipDC,electric-scooter,2019-02-18 06:35:00-07,-77.0438283,38.915945
SkipDC-352897091428725,"",2019-02-18 06:34:55-07,SkipDC,electric-scooter,2019-02-18 06:35:00-07,-77.0423841,38.9170431
SkipDC-352897091444581,"",2019-02-18 06:34:55-07,SkipDC,electric-scooter,2019-02-18 06:35:00-07,-77.0376633,38.9159583
SkipDC-352897091315021,"",2019-02-18 06:34:55-07,SkipDC,electric-scooter,2019-02-18 06:35:00-07,-77.0399367,38.9167867
JumpDC-bike_23461,JUMP DC-2596,2019-02-18 06:34:05-07,JumpDC,pedal-assist-bike,2019-02-18 06:35:00-07,-77.040525,38.917645
SkipDC-352897091457443,"",2019-02-18 06:34:55-07,SkipDC,electric-scooter,2019-02-18 06:35:00-07,-77.0469717,38.9231467
SkipDC-352897091326648,"",2019-02-18 06:34:55-07,SkipDC,electric-scooter,2019-02-18 06:35:00-07,-77.0319183,38.9158267
SkipDC-352897091385941,"",2019-02-18 06:34:55-07,SkipDC,electric-scooter,2019-02-18 06:35:00-07,-77.0345063,38.9169912
SkipDC-352897091322829,"",2019-02-18 06:34:55-07,SkipDC,electric-scooter,2019-02-18 06:35:00-07,-77.0314386,38.9174783
JumpDC-bike_23202,JUMP DC-2511,2019-02-18 06:34:05-07,JumpDC,pedal-assist-bike,2019-02-18 06:35:00-07,-77.0319133333333,38.9180533333333
JumpDC-bike_18883,JUMP DC-0842,2019-02-18 06:34:05-07,JumpDC,pedal-assist-bike,2019-02-18 06:35:00-07,-77.03177,38.917965
JumpDC-bike_23175,JUMP DC-2484,2019-02-18 06:34:05-07,JumpDC,pedal-assist-bike,2019-02-18 06:35:00-07,-77.0317483333333,38.9158233333333
JumpDC-bike_18874,JUMP DC-0833,2019-02-18 06:34:05-07,JumpDC,pedal-assist-bike,2019-02-18 06:35:00-07,-77.0315833333333,38.9169716666667
SkipDC-352897091311582,"",2019-02-18 06:34:55-07,SkipDC,electric-scooter,2019-02-18 06:35:00-07,-77.028245,38.9175283
SkipDC-352897091389448,"",2019-02-18 06:34:55-07,SkipDC,electric-scooter,2019-02-18 06:35:00-07,-77.0243283,38.9165767
SkipDC-352897091392103,"",2019-02-18 06:34:55-07,SkipDC,electric-scooter,2019-02-18 06:35:00-07,-77.0249609,38.9183538
SkipDC-352897091321227,"",2019-02-18 06:04:54-07,SkipDC,electric-scooter,2019-02-18 06:05:00-07,-77.0510013,38.8495875
SkipDC-352897091305006,"",2019-02-18 06:04:54-07,SkipDC,electric-scooter,2019-02-18 06:05:00-07,-77.052105,38.848165
SkipDC-352897091457963,"",2019-02-18 06:04:54-07,SkipDC,electric-scooter,2019-02-18 06:05:00-07,-77.0520127,38.8487951
SkipDC-352897091383144,"",2019-02-18 06:04:54-07,SkipDC,electric-scooter,2019-02-18 06:05:00-07,-77.0510617,38.8495833
SkipDC-352897090512669,"",2019-02-18 06:04:54-07,SkipDC,electric-scooter,2019-02-18 06:05:00-07,-77.0522433,38.8480767
SkipDC-352897091269509,"",2019-02-18 06:04:54-07,SkipDC,electric-scooter,2019-02-18 06:05:00-07,-77.0544233,38.8533067
SkipDC-352897091433105,"",2019-02-18 06:04:54-07,SkipDC,electric-scooter,2019-02-18 06:05:00-07,-77.0539804,38.8532757
SkipDC-352897091293202,"",2019-02-18 06:04:54-07,SkipDC,electric-scooter,2019-02-18 06:05:00-07,-77.0535683,38.853635
SkipDC-352897091263627,"",2019-02-18 06:04:54-07,SkipDC,electric-scooter,2019-02-18 06:05:00-07,-77.053874,38.8543904
SkipDC-352897091434343,"",2019-02-18 06:04:54-07,SkipDC,electric-scooter,2019-02-18 06:05:00-07,-77.0519489,38.8545955
SkipDC-352897091381742,"",2019-02-18 06:04:54-07,SkipDC,electric-scooter,2019-02-18 06:05:00-07,-77.05236,38.8554233
SkipDC-352897091285968,"",2019-02-18 06:04:54-07,SkipDC,electric-scooter,2019-02-18 06:05:00-07,-77.0495567,38.8535
SkipDC-352897091427446,"",2019-02-18 06:04:54-07,SkipDC,electric-scooter,2019-02-18 06:05:00-07,-77.0496483,38.8536017
SkipDC-352897091352164,"",2019-02-18 06:04:54-07,SkipDC,electric-scooter,2019-02-18 06:05:00-07,-77.0492938,38.8538862
SkipDC-352897091461163,"",2019-02-18 06:04:54-07,SkipDC,electric-scooter,2019-02-18 06:05:00-07,-77.0519489,38.8533103
SkipDC-352897091431661,"",2019-02-18 06:04:54-07,SkipDC,electric-scooter,2019-02-18 06:05:00-07,-77.0520733,38.855275
SkipDC-352897091286784,"",2019-02-18 06:04:54-07,SkipDC,electric-scooter,2019-02-18 06:05:00-07,-77.0519567,38.8552733
SkipDC-352897091305543,"",2019-02-18 06:04:54-07,SkipDC,electric-scooter,2019-02-18 06:05:00-07,-77.0496083,38.8535817
SkipDC-352897091292048,"",2019-02-18 06:04:54-07,SkipDC,electric-scooter,2019-02-18 06:05:00-07,-77.0493317,38.854695
SkipDC-352897091293541,"",2019-02-18 06:04:54-07,SkipDC,electric-scooter,2019-02-18 06:05:00-07,-77.063915,38.8599617
SkipDC-352897091287766,"",2019-02-18 06:04:54-07,SkipDC,electric-scooter,2019-02-18 06:05:00-07,-77.0634004,38.86035
SkipDC-352897091273469,"",2019-02-18 06:04:54-07,SkipDC,electric-scooter,2019-02-18 06:05:00-07,-77.0595045,38.8592993
SkipDC-352897091458243,"",2019-02-18 06:04:54-07,SkipDC,electric-scooter,2019-02-18 06:05:00-07,-77.0594868,38.8603388
SkipDC-352897091378987,"",2019-02-18 06:04:54-07,SkipDC,electric-scooter,2019-02-18 06:05:00-07,-77.059485,38.860345
SkipDC-352897091398829,"",2019-02-18 06:04:54-07,SkipDC,electric-scooter,2019-02-18 06:05:00-07,-77.059455,38.860285
SkipDC-352897091333966,"",2019-02-18 06:04:54-07,SkipDC,electric-scooter,2019-02-18 06:05:00-07,-77.0533667,38.8574967
SkipDC-352897091356546,"",2019-02-18 06:04:54-07,SkipDC,electric-scooter,2019-02-18 06:05:00-07,-77.0532017,38.8584167
SkipDC-352897091316003,"",2019-02-18 06:04:54-07,SkipDC,electric-scooter,2019-02-18 06:05:00-07,-77.05319,38.8584517
SkipDC-352897091267669,"",2019-02-18 06:04:54-07,SkipDC,electric-scooter,2019-02-18 06:05:00-07,-77.0557917,38.8596283
SkipDC-352897091410566,"",2019-02-18 06:04:54-07,SkipDC,electric-scooter,2019-02-18 06:05:00-07,-77.0558683,38.8596683
SkipDC-352897091422348,"",2019-02-18 06:04:54-07,SkipDC,electric-scooter,2019-02-18 06:05:00-07,-77.0106127,38.8750057
SkipDC-352897091288707,"",2019-02-18 06:04:54-07,SkipDC,electric-scooter,2019-02-18 06:05:00-07,-77.006035,38.87462
JumpDC-bike_23171,JUMP DC-2480,2019-02-18 06:04:09-07,JumpDC,pedal-assist-bike,2019-02-18 06:05:00-07,-77.0003816666667,38.8749833333333
SkipDC-352897091339120,"",2019-02-18 06:04:54-07,SkipDC,electric-scooter,2019-02-18 06:05:00-07,-77.0006317,38.87503
SkipDC-352897091379621,"",2019-02-18 06:04:54-07,SkipDC,electric-scooter,2019-02-18 06:05:00-07,-77.0005567,38.8760583
SkipDC-352897091285844,"",2019-02-18 06:04:54-07,SkipDC,electric-scooter,2019-02-18 06:05:00-07,-77.0004161,38.8762249
JumpDC-bike_23696,JUMP DC-2731,2019-02-18 06:04:09-07,JumpDC,pedal-assist-bike,2019-02-18 06:05:00-07,-77.0007866666667,38.8749966666667
SkipDC-352897091280449,"",2019-02-18 06:04:54-07,SkipDC,electric-scooter,2019-02-18 06:05:00-07,-77.0020907,38.8746143
SkipDC-352897091409022,"",2019-02-18 06:04:54-07,SkipDC,electric-scooter,2019-02-18 06:05:00-07,-77.0007317,38.8760333
SkipDC-352897091333529,"",2019-02-18 06:04:54-07,SkipDC,electric-scooter,2019-02-18 06:05:00-07,-77.0003606,38.8766802
SkipDC-352897091351869,"",2019-02-18 06:04:54-07,SkipDC,electric-scooter,2019-02-18 06:05:00-07,-77.0006767,38.8759833
SkipDC-352897091279581,"",2019-02-18 06:04:54-07,SkipDC,electric-scooter,2019-02-18 06:05:00-07,-77.0004906,38.8762578
SkipDC-352897091298383,"",2019-02-18 06:04:54-07,SkipDC,electric-scooter,2019-02-18 06:05:00-07,-77.001405,38.877785
JumpDC-bike_23658,JUMP DC-2693,2019-02-18 06:04:09-07,JumpDC,pedal-assist-bike,2019-02-18 06:05:00-07,-77.0010066666667,38.87512
SkipDC-352897091326788,"",2019-02-18 06:04:54-07,SkipDC,electric-scooter,2019-02-18 06:05:00-07,-77.0044417,38.877005
SkipDC-352897091327687,"",2019-02-18 06:04:54-07,SkipDC,electric-scooter,2019-02-18 06:05:00-07,-77.0007442,38.874786
SkipDC-352897091437643,"",2019-02-18 06:04:54-07,SkipDC,electric-scooter,2019-02-18 06:05:00-07,-76.9949618,38.8771959
SkipDC-352897091302706,"",2019-02-18 06:04:54-07,SkipDC,electric-scooter,2019-02-18 06:05:00-07,-76.9948167,38.87759
SkipDC-352897091408743,"",2019-02-18 06:04:54-07,SkipDC,electric-scooter,2019-02-18 06:05:00-07,-76.9947767,38.8780533
SkipDC-352897091288582,"",2019-02-18 06:04:54-07,SkipDC,electric-scooter,2019-02-18 06:05:00-07,-76.9937267,38.8766183
SkipDC-352897091385206,"",2019-02-18 06:04:54-07,SkipDC,electric-scooter,2019-02-18 06:05:00-07,-76.9837833,38.8782517
SkipDC-352897091350762,"",2019-02-18 06:04:54-07,SkipDC,electric-scooter,2019-02-18 06:05:00-07,-77.11492,38.88071
SkipDC-352897091379522,"",2019-02-18 06:04:54-07,SkipDC,electric-scooter,2019-02-18 06:05:00-07,-77.114955,38.8808133
SkipDC-352897091302482,"",2019-02-18 06:04:54-07,SkipDC,electric-scooter,2019-02-18 06:05:00-07,-77.1147883,38.8797183
SkipDC-352897091313083,"",2019-02-18 06:04:54-07,SkipDC,electric-scooter,2019-02-18 06:05:00-07,-77.1149267,38.8807367
SkipDC-352897091351844,"",2019-02-18 06:04:54-07,SkipDC,electric-scooter,2019-02-18 06:05:00-07,-77.1149917,38.8807683
SkipDC-352897091302300,"",2019-02-18 06:04:54-07,SkipDC,electric-scooter,2019-02-18 06:05:00-07,-77.1147467,38.88112
SkipDC-352897091273287,"",2019-02-18 06:04:54-07,SkipDC,electric-scooter,2019-02-18 06:05:00-07,-77.1126109,38.882171
SkipDC-352897091426042,"",2019-02-18 06:04:54-07,SkipDC,electric-scooter,2019-02-18 06:05:00-07,-77.1128927,38.8825168
SkipDC-352897091429145,"",2019-02-18 06:04:54-07,SkipDC,electric-scooter,2019-02-18 06:05:00-07,-77.1150567,38.8809033
SkipDC-352897091406382,"",2019-02-18 06:04:54-07,SkipDC,electric-scooter,2019-02-18 06:05:00-07,-77.0376283,38.886875
SkipDC-352897091278302,"",2019-02-18 06:04:54-07,SkipDC,electric-scooter,2019-02-18 06:05:00-07,-77.03726,38.887365
JumpDC-bike_23623,JUMP DC-2658,2019-02-18 06:04:09-07,JumpDC,pedal-assist-bike,2019-02-18 06:05:00-07,-77.0338883333333,38.886595
SkipDC-352897090558449,"",2019-02-18 06:04:54-07,SkipDC,electric-scooter,2019-02-18 06:05:00-07,-77.0311417,38.8832583
JumpDC-bike_23656,JUMP DC-2691 ,2019-02-18 06:04:09-07,JumpDC,pedal-assist-bike,2019-02-18 06:05:00-07,-77.02824,38.88646
JumpDC-bike_23163,JUMP DC-2472,2019-02-18 06:04:09-07,JumpDC,pedal-assist-bike,2019-02-18 06:05:00-07,-77.0282283333333,38.885315
SkipDC-352897091428485,"",2019-02-18 06:04:54-07,SkipDC,electric-scooter,2019-02-18 06:05:00-07,-77.0254477,38.8870955
SkipDC-352897091268543,"",2019-02-18 06:04:54-07,SkipDC,electric-scooter,2019-02-18 06:05:00-07,-77.0244117,38.8849167
SkipDC-352897091346240,"",2019-02-18 06:04:54-07,SkipDC,electric-scooter,2019-02-18 06:05:00-07,-77.0203283,38.8858167
SkipDC-352897091378862,"",2019-02-18 06:04:54-07,SkipDC,electric-scooter,2019-02-18 06:05:00-07,-77.0195317,38.8862117
SkipDC-352897091453541,"",2019-02-18 06:04:54-07,SkipDC,electric-scooter,2019-02-18 06:05:00-07,-77.01938,38.8862717
SkipDC-352897091287444,"",2019-02-18 06:04:54-07,SkipDC,electric-scooter,2019-02-18 06:05:00-07,-77.022105,38.883305
JumpDC-bike_16634,JUMP DC-0226,2019-02-18 06:04:09-07,JumpDC,pedal-assist-bike,2019-02-18 06:05:00-07,-77.0078783333333,38.8862433333333
SkipDC-352897091320906,"",2019-02-18 06:04:54-07,SkipDC,electric-scooter,2019-02-18 06:05:00-07,-77.006839,38.8839385
SkipDC-352897091387681,"",2019-02-18 06:04:54-07,SkipDC,electric-scooter,2019-02-18 06:05:00-07,-77.0011029,38.8866482
SkipDC-352897091428709,"",2019-02-18 06:04:54-07,SkipDC,electric-scooter,2019-02-18 06:05:00-07,-77.004925,38.8832617
SkipDC-352897091435001,"",2019-02-18 06:04:54-07,SkipDC,electric-scooter,2019-02-18 06:05:00-07,-77.0036683,38.8863283
SkipDC-352897091338247,"",2019-02-18 06:04:54-07,SkipDC,electric-scooter,2019-02-18 06:05:00-07,-77.0033451,38.8872519
SkipDC-352897091298185,"",2019-02-18 06:04:54-07,SkipDC,electric-scooter,2019-02-18 06:05:00-07,-77.0022964,38.885211
SkipDC-352897091340789,"",2019-02-18 06:04:54-07,SkipDC,electric-scooter,2019-02-18 06:05:00-07,-77.000512,38.8847139
SkipDC-352897091321300,"",2019-02-18 06:04:54-07,SkipDC,electric-scooter,2019-02-18 06:05:00-07,-77.0012078,38.8866851
SkipDC-352897091426489,"",2019-02-18 06:04:54-07,SkipDC,electric-scooter,2019-02-18 06:05:00-07,-77.0049365,38.8833333
SkipDC-352897091299720,"",2019-02-18 06:04:54-07,SkipDC,electric-scooter,2019-02-18 06:05:00-07,-77.0034282,38.8861526
SkipDC-352897091382120,"",2019-02-18 06:04:54-07,SkipDC,electric-scooter,2019-02-18 06:05:00-07,-77.0034193,38.8861703
SkipDC-352897091351281,"",2019-02-18 06:04:54-07,SkipDC,electric-scooter,2019-02-18 06:05:00-07,-77.0034267,38.886255
JumpDC-bike_23471,JUMP DC-2606,2019-02-18 06:04:09-07,JumpDC,pedal-assist-bike,2019-02-18 06:05:00-07,-76.99597,38.8842783333333
JumpDC-bike_23462,JUMP DC-2597,2019-02-18 06:04:09-07,JumpDC,pedal-assist-bike,2019-02-18 06:05:00-07,-76.9959,38.884285
JumpDC-bike_23647,JUMP DC-2682,2019-02-18 06:04:09-07,JumpDC,pedal-assist-bike,2019-02-18 06:05:00-07,-76.995965,38.884215
SkipDC-352897091431521,"",2019-02-18 06:04:54-07,SkipDC,electric-scooter,2019-02-18 06:05:00-07,-77.0818767,38.8910217
SkipDC-352897091386865,"",2019-02-18 06:04:54-07,SkipDC,electric-scooter,2019-02-18 06:05:00-07,-77.0816917,38.891125
SkipDC-352897091306426,"",2019-02-18 06:04:54-07,SkipDC,electric-scooter,2019-02-18 06:05:00-07,-77.0819919,38.8910961
SkipDC-352897091428667,"",2019-02-18 06:04:54-07,SkipDC,electric-scooter,2019-02-18 06:05:00-07,-77.0813033,38.8917083
SkipDC-352897091398464,"",2019-02-18 06:04:54-07,SkipDC,electric-scooter,2019-02-18 06:05:00-07,-77.0795065,38.8899802
SkipDC-352897091380504,"",2019-02-18 06:04:54-07,SkipDC,electric-scooter,2019-02-18 06:05:00-07,-77.0768739,38.8907727
SkipDC-352897091342900,"",2019-02-18 06:04:54-07,SkipDC,electric-scooter,2019-02-18 06:05:00-07,-77.08205,38.8897333
SkipDC-352897091406788,"",2019-02-18 06:04:54-07,SkipDC,electric-scooter,2019-02-18 06:05:00-07,-77.0819533,38.8897733
SkipDC-352897091335888,"",2019-02-18 06:04:54-07,SkipDC,electric-scooter,2019-02-18 06:05:00-07,-77.081875,38.8897283
SkipDC-352897091283708,"",2019-02-18 06:04:54-07,SkipDC,electric-scooter,2019-02-18 06:05:00-07,-77.08053,38.889035
SkipDC-352897091357049,"",2019-02-18 06:04:54-07,SkipDC,electric-scooter,2019-02-18 06:05:00-07,-77.0811767,38.8904367
SkipDC-352897091387384,"",2019-02-18 06:04:54-07,SkipDC,electric-scooter,2019-02-18 06:05:00-07,-77.0810333,38.8906667
SkipDC-352897091462146,"",2019-02-18 06:04:54-07,SkipDC,electric-scooter,2019-02-18 06:05:00-07,-77.077085,38.8918017
SkipDC-352897091272289,"",2019-02-18 06:04:54-07,SkipDC,electric-scooter,2019-02-18 06:05:00-07,-77.0752153,38.8917158
SkipDC-352897090502744,"",2019-02-18 06:04:54-07,SkipDC,electric-scooter,2019-02-18 06:05:00-07,-77.0748517,38.8918617
SkipDC-352897091454101,"",2019-02-18 06:04:54-07,SkipDC,electric-scooter,2019-02-18 06:05:00-07,-77.0740934,38.8881398
SkipDC-352897091293145,"",2019-02-18 06:04:54-07,SkipDC,electric-scooter,2019-02-18 06:05:00-07,-77.0700633,38.8918883
SkipDC-352897091380223,"",2019-02-18 06:04:54-07,SkipDC,electric-scooter,2019-02-18 06:05:00-07,-77.0396283,38.8906233
SkipDC-352897091427529,"",2019-02-18 06:04:54-07,SkipDC,electric-scooter,2019-02-18 06:05:00-07,-77.0339033,38.8902083
SkipDC-352897091428683,"",2019-02-18 06:04:54-07,SkipDC,electric-scooter,2019-02-18 06:05:00-07,-77.0338583,38.8901933
SkipDC-352897091448020,"",2019-02-18 06:04:54-07,SkipDC,electric-scooter,2019-02-18 06:05:00-07,-77.032975,38.8902667
SkipDC-352897091454523,"",2019-02-18 06:04:54-07,SkipDC,electric-scooter,2019-02-18 06:05:00-07,-77.032716,38.8910095
JumpDC-bike_23672,JUMP DC-2707,2019-02-18 06:04:09-07,JumpDC,pedal-assist-bike,2019-02-18 06:05:00-07,-77.02358,38.8874466666667
SkipDC-352897091429368,"",2019-02-18 06:04:54-07,SkipDC,electric-scooter,2019-02-18 06:05:00-07,-77.0293428,38.8882369
SkipDC-352897091433964,"",2019-02-18 06:04:54-07,SkipDC,electric-scooter,2019-02-18 06:05:00-07,-77.0281517,38.8891567
SkipDC-352897091432982,"",2019-02-18 06:04:54-07,SkipDC,electric-scooter,2019-02-18 06:05:00-07,-77.021025,38.88885
SkipDC-352897091412729,"",2019-02-18 06:04:54-07,SkipDC,electric-scooter,2019-02-18 06:05:00-07,-77.0210247,38.8879948
SkipDC-352897091275126,"",2019-02-18 06:04:54-07,SkipDC,electric-scooter,2019-02-18 06:05:00-07,-77.01258,38.88875
SkipDC-352897091386022,"",2019-02-18 06:04:54-07,SkipDC,electric-scooter,2019-02-18 06:05:00-07,-77.0122133,38.8896417
SkipDC-352897091310543,"",2019-02-18 06:04:54-07,SkipDC,electric-scooter,2019-02-18 06:05:00-07,-77.015025,38.8881167
SkipDC-352897091331101,"",2019-02-18 06:04:54-07,SkipDC,electric-scooter,2019-02-18 06:05:00-07,-77.0127083,38.8887517
SkipDC-352897091429285,"",2019-02-18 06:04:54-07,SkipDC,electric-scooter,2019-02-18 06:05:00-07,-77.0126933,38.8887983
SkipDC-352897091453145,"",2019-02-18 06:04:54-07,SkipDC,electric-scooter,2019-02-18 06:05:00-07,-77.00811,38.89112
SkipDC-352897091389927,"",2019-02-18 06:04:54-07,SkipDC,electric-scooter,2019-02-18 06:05:00-07,-77.0061,38.89127
SkipDC-352897091304926,"",2019-02-18 06:04:54-07,SkipDC,electric-scooter,2019-02-18 06:05:00-07,-77.0297867,38.8962767
JumpDC-bike_18862,JUMP DC-0821,2019-02-18 06:04:09-07,JumpDC,pedal-assist-bike,2019-02-18 06:05:00-07,-77.0331716666667,38.8922516666667
SkipDC-352897091327349,"",2019-02-18 06:04:54-07,SkipDC,electric-scooter,2019-02-18 06:05:00-07,-77.0332379,38.8919986
SkipDC-352897091290109,"",2019-02-18 06:04:54-07,SkipDC,electric-scooter,2019-02-18 06:05:00-07,-77.0311725,38.8961605
SkipDC-352897091427065,"",2019-02-18 06:04:54-07,SkipDC,electric-scooter,2019-02-18 06:05:00-07,-77.0197831,38.8942181
SkipDC-352897091406242,"",2019-02-18 06:04:54-07,SkipDC,electric-scooter,2019-02-18 06:05:00-07,-77.0195264,38.8944398
SkipDC-352897091433808,"",2019-02-18 06:04:54-07,SkipDC,electric-scooter,2019-02-18 06:05:00-07,-77.0117133,38.8932033
SkipDC-352897091462864,"",2019-02-18 06:04:54-07,SkipDC,electric-scooter,2019-02-18 06:05:00-07,-77.0112883,38.8954333
SkipDC-352897091279326,"",2019-02-18 06:04:54-07,SkipDC,electric-scooter,2019-02-18 06:05:00-07,-77.0002933,38.8922167
SkipDC-352897091460165,"",2019-02-18 06:04:54-07,SkipDC,electric-scooter,2019-02-18 06:05:00-07,-77.0004846,38.895421
SkipDC-352897091379423,"",2019-02-18 06:04:54-07,SkipDC,electric-scooter,2019-02-18 06:05:00-07,-77.0003067,38.8920867
SkipDC-352897091389406,"",2019-02-18 06:04:54-07,SkipDC,electric-scooter,2019-02-18 06:05:00-07,-76.9997217,38.8950133
SkipDC-352897091272842,"",2019-02-18 06:04:54-07,SkipDC,electric-scooter,2019-02-18 06:05:00-07,-76.9942479,38.8954912
SkipDC-352897091426026,"",2019-02-18 06:04:54-07,SkipDC,electric-scooter,2019-02-18 06:05:00-07,-76.99158,38.8955317
SkipDC-352897091448061,"",2019-02-18 06:04:54-07,SkipDC,electric-scooter,2019-02-18 06:05:00-07,-76.9848562,38.8947987
SkipDC-352897091437502,"",2019-02-18 06:04:54-07,SkipDC,electric-scooter,2019-02-18 06:05:00-07,-76.9863283,38.8934933
SkipDC-352897091330541,"",2019-02-18 06:04:54-07,SkipDC,electric-scooter,2019-02-18 06:05:00-07,-76.98642,38.8945
SkipDC-352897090451322,"",2019-02-18 06:04:54-07,SkipDC,electric-scooter,2019-02-18 06:05:00-07,-76.9781675,38.8931729
SkipDC-352897091398787,"",2019-02-18 06:04:54-07,SkipDC,electric-scooter,2019-02-18 06:05:00-07,-76.9501417,38.8936799
SkipDC-352897091390487,"",2019-02-18 06:04:54-07,SkipDC,electric-scooter,2019-02-18 06:05:00-07,-76.9501167,38.8937
SkipDC-352897091408149,"",2019-02-18 06:04:54-07,SkipDC,electric-scooter,2019-02-18 06:05:00-07,-76.9497236,38.8939036
SkipDC-352897091434723,"",2019-02-18 06:04:54-07,SkipDC,electric-scooter,2019-02-18 06:05:00-07,-76.9490025,38.8937252
SkipDC-352897091429863,"",2019-02-18 06:04:54-07,SkipDC,electric-scooter,2019-02-18 06:05:00-07,-76.9490536,38.8955639
SkipDC-352897091339047,"",2019-02-18 06:04:54-07,SkipDC,electric-scooter,2019-02-18 06:05:00-07,-76.948635,38.895845
SkipDC-352897091389042,"",2019-02-18 06:04:54-07,SkipDC,electric-scooter,2019-02-18 06:05:00-07,-76.9382317,38.8960717
SkipDC-352897091398266,"",2019-02-18 06:04:54-07,SkipDC,electric-scooter,2019-02-18 06:05:00-07,-77.0175517,38.904065
SkipDC-352897091372642,"",2019-02-18 06:04:54-07,SkipDC,electric-scooter,2019-02-18 06:05:00-07,-77.0087746,38.9011844
SkipDC-352897091302508,"",2019-02-18 06:04:54-07,SkipDC,electric-scooter,2019-02-18 06:05:00-07,-77.0094851,38.9015235
SkipDC-352897091429244,"",2019-02-18 06:04:54-07,SkipDC,electric-scooter,2019-02-18 06:05:00-07,-77.0080783,38.9038967
SkipDC-352897091334766,"",2019-02-18 06:04:54-07,SkipDC,electric-scooter,2019-02-18 06:05:00-07,-76.99946,38.9009267
SkipDC-352897091269525,"",2019-02-18 06:04:54-07,SkipDC,electric-scooter,2019-02-18 06:05:00-07,-76.9807533,38.904055
SkipDC-352897091334667,"",2019-02-18 06:04:54-07,SkipDC,electric-scooter,2019-02-18 06:05:00-07,-77.0683459,38.9059332
SkipDC-352897091306707,"",2019-02-18 06:04:54-07,SkipDC,electric-scooter,2019-02-18 06:05:00-07,-77.059295,38.9067567
JumpDC-bike_18916,JUMP DC-0795,2019-02-18 06:04:09-07,JumpDC,pedal-assist-bike,2019-02-18 06:05:00-07,-77.0633933333333,38.90687
SkipDC-352897091428147,"",2019-02-18 06:04:54-07,SkipDC,electric-scooter,2019-02-18 06:05:00-07,-77.0613105,38.905844
SkipDC-352897091435308,"",2019-02-18 06:04:54-07,SkipDC,electric-scooter,2019-02-18 06:05:00-07,-77.05916,38.9054467
SkipDC-352897090572382,"",2019-02-18 06:04:54-07,SkipDC,electric-scooter,2019-02-18 06:05:00-07,-77.0537517,38.9063733
SkipDC-352897091351786,"",2019-02-18 06:04:54-07,SkipDC,electric-scooter,2019-02-18 06:05:00-07,-77.0532817,38.90645
SkipDC-352897091311848,"",2019-02-18 06:04:54-07,SkipDC,electric-scooter,2019-02-18 06:05:00-07,-77.0535621,38.909528
JumpDC-bike_23496,JUMP DC-2631,2019-02-18 06:04:09-07,JumpDC,pedal-assist-bike,2019-02-18 06:05:00-07,-77.05478,38.9094616666667
SkipDC-352897091328248,"",2019-02-18 06:04:54-07,SkipDC,electric-scooter,2019-02-18 06:05:00-07,-77.0580653,38.906348
SkipDC-352897091338841,"",2019-02-18 06:04:54-07,SkipDC,electric-scooter,2019-02-18 06:05:00-07,-77.053142,38.9054198
SkipDC-352897091352263,"",2019-02-18 06:04:54-07,SkipDC,electric-scooter,2019-02-18 06:05:00-07,-77.0486617,38.9064283
SkipDC-352897091272248,"",2019-02-18 06:04:54-07,SkipDC,electric-scooter,2019-02-18 06:05:00-07,-77.0487767,38.90657
SkipDC-352897091284524,"",2019-02-18 06:04:54-07,SkipDC,electric-scooter,2019-02-18 06:05:00-07,-77.0486783,38.9065783
JumpDC-bike_23203,JUMP DC-2512,2019-02-18 06:04:09-07,JumpDC,pedal-assist-bike,2019-02-18 06:05:00-07,-77.0513266666667,38.9054816666667
SkipDC-352897091338825,"",2019-02-18 06:04:54-07,SkipDC,electric-scooter,2019-02-18 06:05:00-07,-77.048914,38.9066752
SkipDC-352897091327604,"",2019-02-18 06:04:54-07,SkipDC,electric-scooter,2019-02-18 06:05:00-07,-77.0508517,38.90558
SkipDC-352897091391485,"",2019-02-18 06:04:54-07,SkipDC,electric-scooter,2019-02-18 06:05:00-07,-77.0487698,38.9065982
SkipDC-352897091343148,"",2019-02-18 06:04:54-07,SkipDC,electric-scooter,2019-02-18 06:05:00-07,-77.0512867,38.909105
SkipDC-352897091330400,"",2019-02-18 06:04:54-07,SkipDC,electric-scooter,2019-02-18 06:05:00-07,-77.0427245,38.9072757
SkipDC-352897091452360,"",2019-02-18 06:04:54-07,SkipDC,electric-scooter,2019-02-18 06:05:00-07,-77.0457417,38.9092617
SkipDC-352897091328008,"",2019-02-18 06:04:54-07,SkipDC,electric-scooter,2019-02-18 06:05:00-07,-77.0436461,38.9092187
SkipDC-352897091435100,"",2019-02-18 06:04:54-07,SkipDC,electric-scooter,2019-02-18 06:05:00-07,-77.0455767,38.9075017
SkipDC-352897091391543,"",2019-02-18 06:04:54-07,SkipDC,electric-scooter,2019-02-18 06:05:00-07,-77.04676,38.906395
SkipDC-352897091306244,"",2019-02-18 06:04:54-07,SkipDC,electric-scooter,2019-02-18 06:05:00-07,-77.0416883,38.9066117
JumpDC-bike_23237,JUMP DC-2546,2019-02-18 06:04:09-07,JumpDC,pedal-assist-bike,2019-02-18 06:05:00-07,-77.01036,38.9096783333333
SkipDC-352897091273089,"",2019-02-18 06:04:54-07,SkipDC,electric-scooter,2019-02-18 06:05:00-07,-77.010055,38.907955
SkipDC-352897091301989,"",2019-02-18 06:04:54-07,SkipDC,electric-scooter,2019-02-18 06:05:00-07,-77.0098617,38.90772
SkipDC-352897091296544,"",2019-02-18 06:04:54-07,SkipDC,electric-scooter,2019-02-18 06:05:00-07,-77.0051659,38.9097035
SkipDC-352897091420623,"",2019-02-18 06:04:54-07,SkipDC,electric-scooter,2019-02-18 06:05:00-07,-77.002677,38.9056071
SkipDC-352897091386964,"",2019-02-18 06:04:54-07,SkipDC,electric-scooter,2019-02-18 06:05:00-07,-77.0047391,38.9057519
SkipDC-352897091272081,"",2019-02-18 06:04:54-07,SkipDC,electric-scooter,2019-02-18 06:05:00-07,-77.0051659,38.9097035
JumpDC-bike_18843,JUMP DC-0720,2019-02-18 06:04:09-07,JumpDC,pedal-assist-bike,2019-02-18 06:05:00-07,-76.9972566666667,38.90809
JumpDC-bike_16514,JUMP DC-0202,2019-02-18 06:04:09-07,JumpDC,pedal-assist-bike,2019-02-18 06:05:00-07,-76.997165,38.9081516666667
JumpDC-bike_23196,JUMP DC-2505,2019-02-18 06:04:09-07,JumpDC,pedal-assist-bike,2019-02-18 06:05:00-07,-76.9979016666667,38.90857
SkipDC-352897091444920,"",2019-02-18 06:04:54-07,SkipDC,electric-scooter,2019-02-18 06:05:00-07,-76.9947697,38.9065121
SkipDC-352897091389968,"",2019-02-18 06:04:54-07,SkipDC,electric-scooter,2019-02-18 06:05:00-07,-76.9944773,38.9072527
SkipDC-352897091338304,"",2019-02-18 06:04:54-07,SkipDC,electric-scooter,2019-02-18 06:05:00-07,-76.9999872,38.9080972
SkipDC-352897091315666,"",2019-02-18 06:04:54-07,SkipDC,electric-scooter,2019-02-18 06:05:00-07,-76.9897619,38.9061586
SkipDC-352897091359102,"",2019-02-18 06:04:54-07,SkipDC,electric-scooter,2019-02-18 06:05:00-07,-76.9875357,38.9068883
JumpDC-bike_23643,JUMP DC-2678,2019-02-18 06:04:09-07,JumpDC,pedal-assist-bike,2019-02-18 06:05:00-07,-76.9525316666667,38.905895
SkipDC-352897091314529,"",2019-02-18 06:04:54-07,SkipDC,electric-scooter,2019-02-18 06:05:00-07,-77.0771983,38.9109467
SkipDC-352897091430184,"",2019-02-18 06:04:54-07,SkipDC,electric-scooter,2019-02-18 06:05:00-07,-77.0726029,38.9116606
SkipDC-352897091356363,"",2019-02-18 06:04:54-07,SkipDC,electric-scooter,2019-02-18 06:05:00-07,-77.0645412,38.9102855
SkipDC-352897091279847,"",2019-02-18 06:04:54-07,SkipDC,electric-scooter,2019-02-18 06:05:00-07,-77.0646579,38.9120445
SkipDC-352897091288905,"",2019-02-18 06:04:54-07,SkipDC,electric-scooter,2019-02-18 06:05:00-07,-77.0554067,38.910125
JumpDC-bike_23667,JUMP DC-2702,2019-02-18 06:04:09-07,JumpDC,pedal-assist-bike,2019-02-18 06:05:00-07,-77.046655,38.9116916666667
JumpDC-bike_23493,JUMP DC-2628,2019-02-18 06:04:09-07,JumpDC,pedal-assist-bike,2019-02-18 06:05:00-07,-77.0466183333333,38.9101266666667
SkipDC-352897091272503,"",2019-02-18 06:04:54-07,SkipDC,electric-scooter,2019-02-18 06:05:00-07,-77.0457,38.9105333
SkipDC-352897091333263,"",2019-02-18 06:04:54-07,SkipDC,electric-scooter,2019-02-18 06:05:00-07,-77.0434207,38.9133756
SkipDC-352897091334642,"",2019-02-18 06:04:54-07,SkipDC,electric-scooter,2019-02-18 06:05:00-07,-77.0401182,38.9111717
SkipDC-352897091306301,"",2019-02-18 06:04:54-07,SkipDC,electric-scooter,2019-02-18 06:05:00-07,-77.0374767,38.911435
SkipDC-352897091358203,"",2019-02-18 06:04:54-07,SkipDC,electric-scooter,2019-02-18 06:05:00-07,-77.0423017,38.92173
JumpDC-bike_23671,JUMP DC-2706,2019-02-18 06:04:09-07,JumpDC,pedal-assist-bike,2019-02-18 06:05:00-07,-77.0422466666667,38.9216266666667
JumpDC-bike_23166,JUMP DC-2475,2019-02-18 06:04:09-07,JumpDC,pedal-assist-bike,2019-02-18 06:05:00-07,-77.0423816666667,38.9211983333333
JumpDC-bike_16632,JUMP DC-0224,2019-02-18 06:04:09-07,JumpDC,pedal-assist-bike,2019-02-18 06:05:00-07,-77.0421783333333,38.9212933333333
JumpDC-bike_23210,JUMP DC-2519,2019-02-18 06:04:09-07,JumpDC,pedal-assist-bike,2019-02-18 06:05:00-07,-77.0423916666667,38.9216233333333
JumpDC-bike_23482,JUMP DC-2617,2019-02-18 06:04:09-07,JumpDC,pedal-assist-bike,2019-02-18 06:05:00-07,-77.042125,38.9206766666667
JumpDC-bike_23673,JUMP DC-2708,2019-02-18 06:04:09-07,JumpDC,pedal-assist-bike,2019-02-18 06:05:00-07,-77.042415,38.9220483333333
SkipDC-352897091331622,"",2019-02-18 06:04:54-07,SkipDC,electric-scooter,2019-02-18 06:05:00-07,-77.045645,38.9194117
SkipDC-352897091457443,"",2019-02-18 06:04:54-07,SkipDC,electric-scooter,2019-02-18 06:05:00-07,-77.0469717,38.9231467
JumpDC-bike_23639,JUMP DC-2674,2019-02-18 06:04:09-07,JumpDC,pedal-assist-bike,2019-02-18 06:05:00-07,-77.0416633333333,38.9198766666667
JumpDC-bike_23513,JUMP DC-2648,2019-02-18 06:04:09-07,JumpDC,pedal-assist-bike,2019-02-18 06:05:00-07,-77.041295,38.921805
SkipDC-352897091346448,"",2019-02-18 06:04:54-07,SkipDC,electric-scooter,2019-02-18 06:05:00-07,-77.0455117,38.92062
JumpDC-bike_16530,JUMP DC-0207,2019-02-18 06:04:09-07,JumpDC,pedal-assist-bike,2019-02-18 06:05:00-07,-77.0405516666667,38.921565
SkipDC-352897091456247,"",2019-02-18 06:04:54-07,SkipDC,electric-scooter,2019-02-18 06:05:00-07,-77.0303562,38.9192197
JumpDC-bike_23628,JUMP DC-2663,2019-02-18 06:04:09-07,JumpDC,pedal-assist-bike,2019-02-18 06:05:00-07,-77.0326266666667,38.9215766666667
SkipDC-352897091321268,"",2019-02-18 06:04:54-07,SkipDC,electric-scooter,2019-02-18 06:05:00-07,-77.034277,38.9216267
JumpDC-bike_18830,JUMP DC-0707,2019-02-18 06:04:09-07,JumpDC,pedal-assist-bike,2019-02-18 06:05:00-07,-77.0312683333333,38.9192166666667
SkipDC-352897091382344,"",2019-02-18 06:04:54-07,SkipDC,electric-scooter,2019-02-18 06:05:00-07,-77.0333717,38.9193083
SkipDC-352897091274269,"",2019-02-18 06:04:54-07,SkipDC,electric-scooter,2019-02-18 06:05:00-07,-77.0321583,38.9230155
SkipDC-352897091356660,"",2019-02-18 06:04:54-07,SkipDC,electric-scooter,2019-02-18 06:05:00-07,-77.01247,38.9202867
SkipDC-352897091429269,"",2019-02-18 06:04:54-07,SkipDC,electric-scooter,2019-02-18 06:05:00-07,-76.985097,38.9231125
SkipDC-352897091463003,"",2019-02-18 06:04:54-07,SkipDC,electric-scooter,2019-02-18 06:05:00-07,-77.0995392,38.9274918
SkipDC-352897091382427,"",2019-02-18 06:04:54-07,SkipDC,electric-scooter,2019-02-18 06:05:00-07,-77.0730917,38.9250383
JumpDC-bike_23217,JUMP DC-2526,2019-02-18 06:04:09-07,JumpDC,pedal-assist-bike,2019-02-18 06:05:00-07,-77.0704366666667,38.926755
SkipDC-352897091456809,"",2019-02-18 06:04:54-07,SkipDC,electric-scooter,2019-02-18 06:05:00-07,-77.06322,38.9258767
SkipDC-352897091288889,"",2019-02-18 06:04:54-07,SkipDC,electric-scooter,2019-02-18 06:05:00-07,-77.056575,38.9275233
SkipDC-352897091385602,"",2019-02-18 06:04:54-07,SkipDC,electric-scooter,2019-02-18 06:05:00-07,-77.0527948,38.9279174
SkipDC-352897091336282,"",2019-02-18 06:04:54-07,SkipDC,electric-scooter,2019-02-18 06:05:00-07,-77.023744,38.932597
JumpDC-bike_23162,JUMP DC-2471,2019-02-18 06:04:09-07,JumpDC,pedal-assist-bike,2019-02-18 06:05:00-07,-76.994415,38.9335033333333
SkipDC-352897091300627,"",2019-02-18 06:04:54-07,SkipDC,electric-scooter,2019-02-18 06:05:00-07,-76.9954717,38.9335733
JumpDC-bike_23506,JUMP DC-2641,2019-02-18 06:04:09-07,JumpDC,pedal-assist-bike,2019-02-18 06:05:00-07,-76.9937916666667,38.933205
JumpDC-bike_23424,JUMP DC-2559,2019-02-18 06:04:09-07,JumpDC,pedal-assist-bike,2019-02-18 06:05:00-07,-76.9938233333333,38.9332083333333
SkipDC-352897091286487,"",2019-02-18 06:04:54-07,SkipDC,electric-scooter,2019-02-18 06:05:00-07,-77.0752417,38.939395
SkipDC-352897091390040,"",2019-02-18 06:04:54-07,SkipDC,electric-scooter,2019-02-18 06:05:00-07,-77.0685709,38.9392319
SkipDC-352897091296064,"",2019-02-18 06:04:54-07,SkipDC,electric-scooter,2019-02-18 06:05:00-07,-77.0328083,38.937695
JumpDC-bike_23419,JUMP DC-2554,2019-02-18 06:04:09-07,JumpDC,pedal-assist-bike,2019-02-18 06:05:00-07,-77.025755,38.9376483333333
JumpDC-bike_23466,JUMP DC-2601,2019-02-18 06:04:09-07,JumpDC,pedal-assist-bike,2019-02-18 06:05:00-07,-77.0210616666667,38.939905
SkipDC-352897091350820,"",2019-02-18 06:04:54-07,SkipDC,electric-scooter,2019-02-18 06:05:00-07,-77.015395,38.9400867
JumpDC-bike_23499,JUMP DC-2634 ,2019-02-18 06:04:09-07,JumpDC,pedal-assist-bike,2019-02-18 06:05:00-07,-76.9987216666667,38.939135
JumpDC-bike_23418,JUMP DC-2553,2019-02-18 06:04:09-07,JumpDC,pedal-assist-bike,2019-02-18 06:05:00-07,-76.9992116666667,38.9373883333333
JumpDC-bike_18894,JUMP DC-0773,2019-02-18 06:04:09-07,JumpDC,pedal-assist-bike,2019-02-18 06:05:00-07,-76.9985466666667,38.9392083333333
SkipDC-352897091428089,"",2019-02-18 06:04:54-07,SkipDC,electric-scooter,2019-02-18 06:05:00-07,-77.0937818,38.9439109
SkipDC-352897091301823,"",2019-02-18 06:04:54-07,SkipDC,electric-scooter,2019-02-18 06:05:00-07,-77.0828877,38.9415508
SkipDC-352897090563944,"",2019-02-18 06:04:54-07,SkipDC,electric-scooter,2019-02-18 06:05:00-07,-77.0695033,38.9414867
SkipDC-352897091456205,"",2019-02-18 06:04:54-07,SkipDC,electric-scooter,2019-02-18 06:05:00-07,-77.0375461,38.9419619
SkipDC-352897091294283,"",2019-02-18 06:04:54-07,SkipDC,electric-scooter,2019-02-18 06:05:00-07,-77.0279767,38.9416333
SkipDC-352897091361124,"",2019-02-18 06:04:54-07,SkipDC,electric-scooter,2019-02-18 06:05:00-07,-77.023925,38.9419683
SkipDC-352897091279425,"",2019-02-18 06:04:54-07,SkipDC,electric-scooter,2019-02-18 06:05:00-07,-77.0165183,38.9420867
SkipDC-352897091302680,"",2019-02-18 06:04:54-07,SkipDC,electric-scooter,2019-02-18 06:05:00-07,-77.0042233,38.9435417
SkipDC-352897091426828,"",2019-02-18 06:04:54-07,SkipDC,electric-scooter,2019-02-18 06:05:00-07,-77.0906,38.947275
SkipDC-352897091301906,"",2019-02-18 06:04:54-07,SkipDC,electric-scooter,2019-02-18 06:05:00-07,-77.0906647,38.9476138
SkipDC-352897091358666,"",2019-02-18 06:04:54-07,SkipDC,electric-scooter,2019-02-18 06:05:00-07,-77.085045,38.9491917
SkipDC-352897091269509,"",2019-02-18 06:19:55-07,SkipDC,electric-scooter,2019-02-18 06:20:00-07,-77.0544233,38.8533067
SkipDC-352897091433105,"",2019-02-18 06:19:55-07,SkipDC,electric-scooter,2019-02-18 06:20:00-07,-77.0541717,38.8534367
SkipDC-352897091293202,"",2019-02-18 06:19:55-07,SkipDC,electric-scooter,2019-02-18 06:20:00-07,-77.0535683,38.853635
SkipDC-352897091305543,"",2019-02-18 06:19:55-07,SkipDC,electric-scooter,2019-02-18 06:20:00-07,-77.0496817,38.8536283
SkipDC-352897091431661,"",2019-02-18 06:19:55-07,SkipDC,electric-scooter,2019-02-18 06:20:00-07,-77.0520533,38.85519
SkipDC-352897091381742,"",2019-02-18 06:19:55-07,SkipDC,electric-scooter,2019-02-18 06:20:00-07,-77.0521733,38.85544
SkipDC-352897091286784,"",2019-02-18 06:19:55-07,SkipDC,electric-scooter,2019-02-18 06:20:00-07,-77.0513138,38.8552989
SkipDC-352897091352164,"",2019-02-18 06:19:55-07,SkipDC,electric-scooter,2019-02-18 06:20:00-07,-77.049281,38.853928
SkipDC-352897091292048,"",2019-02-18 06:19:55-07,SkipDC,electric-scooter,2019-02-18 06:20:00-07,-77.0493317,38.854695
SkipDC-352897091434343,"",2019-02-18 06:19:55-07,SkipDC,electric-scooter,2019-02-18 06:20:00-07,-77.0512293,38.8529082
SkipDC-352897091461163,"",2019-02-18 06:19:55-07,SkipDC,electric-scooter,2019-02-18 06:20:00-07,-77.0519489,38.8533103
SkipDC-352897091285968,"",2019-02-18 06:19:55-07,SkipDC,electric-scooter,2019-02-18 06:20:00-07,-77.049385,38.8532933
SkipDC-352897091427446,"",2019-02-18 06:19:55-07,SkipDC,electric-scooter,2019-02-18 06:20:00-07,-77.0496483,38.8536017
SkipDC-352897091287766,"",2019-02-18 06:19:55-07,SkipDC,electric-scooter,2019-02-18 06:20:00-07,-77.06325,38.8599133
SkipDC-352897091273469,"",2019-02-18 06:19:55-07,SkipDC,electric-scooter,2019-02-18 06:20:00-07,-77.0598642,38.8603035
SkipDC-352897091378987,"",2019-02-18 06:19:55-07,SkipDC,electric-scooter,2019-02-18 06:20:00-07,-77.0593817,38.860305
SkipDC-352897091293541,"",2019-02-18 06:19:55-07,SkipDC,electric-scooter,2019-02-18 06:20:00-07,-77.0636883,38.85999
SkipDC-352897091458243,"",2019-02-18 06:19:55-07,SkipDC,electric-scooter,2019-02-18 06:20:00-07,-77.05941,38.860265
SkipDC-352897091398829,"",2019-02-18 06:19:55-07,SkipDC,electric-scooter,2019-02-18 06:20:00-07,-77.059455,38.860285
SkipDC-352897091359326,"",2019-02-18 06:19:55-07,SkipDC,electric-scooter,2019-02-18 06:20:00-07,-77.0594108,38.8603542
SkipDC-352897091290000,"",2019-02-18 06:19:55-07,SkipDC,electric-scooter,2019-02-18 06:20:00-07,-77.0560403,38.8589056
SkipDC-352897091280464,"",2019-02-18 06:19:55-07,SkipDC,electric-scooter,2019-02-18 06:20:00-07,-77.0538083,38.8598967
SkipDC-352897091316003,"",2019-02-18 06:19:55-07,SkipDC,electric-scooter,2019-02-18 06:20:00-07,-77.0534167,38.8584517
SkipDC-352897091305949,"",2019-02-18 06:19:55-07,SkipDC,electric-scooter,2019-02-18 06:20:00-07,-77.0530504,38.8583143
SkipDC-352897091389901,"",2019-02-18 06:19:55-07,SkipDC,electric-scooter,2019-02-18 06:20:00-07,-77.053255,38.8574417
SkipDC-352897091410566,"",2019-02-18 06:19:55-07,SkipDC,electric-scooter,2019-02-18 06:20:00-07,-77.0559328,38.8595918
SkipDC-352897091451842,"",2019-02-18 06:19:55-07,SkipDC,electric-scooter,2019-02-18 06:20:00-07,-77.0552867,38.8598417
SkipDC-352897091438906,"",2019-02-18 06:19:55-07,SkipDC,electric-scooter,2019-02-18 06:20:00-07,-77.05383,38.8596583
SkipDC-352897091380488,"",2019-02-18 06:19:55-07,SkipDC,electric-scooter,2019-02-18 06:20:00-07,-77.0534817,38.860215
SkipDC-352897090563001,"",2019-02-18 06:19:55-07,SkipDC,electric-scooter,2019-02-18 06:20:00-07,-77.0544675,38.8574487
SkipDC-352897091333966,"",2019-02-18 06:19:55-07,SkipDC,electric-scooter,2019-02-18 06:20:00-07,-77.0533667,38.8574967
SkipDC-352897091349905,"",2019-02-18 06:19:55-07,SkipDC,electric-scooter,2019-02-18 06:20:00-07,-77.056845,38.8629067
SkipDC-352897091382500,"",2019-02-18 06:19:55-07,SkipDC,electric-scooter,2019-02-18 06:20:00-07,-77.0543833,38.8622383
SkipDC-352897091434822,"",2019-02-18 06:19:55-07,SkipDC,electric-scooter,2019-02-18 06:20:00-07,-77.0528383,38.8606083
SkipDC-352897091279441,"",2019-02-18 06:19:55-07,SkipDC,electric-scooter,2019-02-18 06:20:00-07,-77.052015,38.8633967
SkipDC-352897091315427,"",2019-02-18 06:19:55-07,SkipDC,electric-scooter,2019-02-18 06:20:00-07,-77.0519233,38.8637883
SkipDC-352897091327083,"",2019-02-18 06:19:55-07,SkipDC,electric-scooter,2019-02-18 06:20:00-07,-77.0493533,38.8614667
SkipDC-352897091448129,"",2019-02-18 06:19:55-07,SkipDC,electric-scooter,2019-02-18 06:20:00-07,-76.9951783,38.86246
SkipDC-352897091430143,"",2019-02-18 06:19:55-07,SkipDC,electric-scooter,2019-02-18 06:20:00-07,-76.994595,38.862705
JumpDC-bike_18927,JUMP DC-0806,2019-02-18 06:18:58-07,JumpDC,pedal-assist-bike,2019-02-18 06:20:00-07,-76.995555,38.86236
JumpDC-bike_23415,JUMP DC-2550,2019-02-18 06:18:58-07,JumpDC,pedal-assist-bike,2019-02-18 06:20:00-07,-76.9947316666667,38.86213
SkipDC-352897091331804,"",2019-02-18 06:19:55-07,SkipDC,electric-scooter,2019-02-18 06:20:00-07,-76.9961671,38.8618084
JumpDC-bike_23164,JUMP DC-2473,2019-02-18 06:18:58-07,JumpDC,pedal-assist-bike,2019-02-18 06:20:00-07,-76.9953633333333,38.8625133333333
JumpDC-bike_23209,JUMP DC-2518,2019-02-18 06:18:58-07,JumpDC,pedal-assist-bike,2019-02-18 06:20:00-07,-76.9954383333333,38.8625566666667
SkipDC-352897091335508,"",2019-02-18 06:19:55-07,SkipDC,electric-scooter,2019-02-18 06:20:00-07,-76.9952183,38.862425
SkipDC-352897091320666,"",2019-02-18 06:19:55-07,SkipDC,electric-scooter,2019-02-18 06:20:00-07,-76.995242,38.8625141
SkipDC-352897091346406,"",2019-02-18 06:19:55-07,SkipDC,electric-scooter,2019-02-18 06:20:00-07,-76.9947141,38.8626787
SkipDC-352897091272941,"",2019-02-18 06:19:55-07,SkipDC,electric-scooter,2019-02-18 06:20:00-07,-76.9946583,38.8627467
JumpDC-bike_23620,JUMP DC-2655,2019-02-18 06:18:58-07,JumpDC,pedal-assist-bike,2019-02-18 06:20:00-07,-76.9946616666667,38.8622366666667
JumpDC-bike_23433,JUMP DC-2568,2019-02-18 06:18:58-07,JumpDC,pedal-assist-bike,2019-02-18 06:20:00-07,-76.9955283333333,38.86232
SkipDC-352897091306103,"",2019-02-18 06:19:55-07,SkipDC,electric-scooter,2019-02-18 06:20:00-07,-76.9954167,38.8624583
SkipDC-352897091273048,"",2019-02-18 06:19:55-07,SkipDC,electric-scooter,2019-02-18 06:20:00-07,-76.9940073,38.8634919
JumpDC-bike_16633,JUMP DC-0225,2019-02-18 06:18:58-07,JumpDC,pedal-assist-bike,2019-02-18 06:20:00-07,-76.97741,38.864755
SkipDC-352897091401805,"",2019-02-18 06:19:55-07,SkipDC,electric-scooter,2019-02-18 06:20:00-07,-77.0598567,38.86517
SkipDC-352897091369226,"",2019-02-18 06:19:55-07,SkipDC,electric-scooter,2019-02-18 06:20:00-07,-77.059955,38.86527
SkipDC-352897091383904,"",2019-02-18 06:19:55-07,SkipDC,electric-scooter,2019-02-18 06:20:00-07,-77.0603483,38.8654283
SkipDC-352897091339724,"",2019-02-18 06:19:55-07,SkipDC,electric-scooter,2019-02-18 06:20:00-07,-77.060275,38.8653483
SkipDC-352897091313687,"",2019-02-18 06:19:55-07,SkipDC,electric-scooter,2019-02-18 06:20:00-07,-77.0602583,38.86542
SkipDC-352897091316284,"",2019-02-18 06:19:55-07,SkipDC,electric-scooter,2019-02-18 06:20:00-07,-77.0602667,38.86549
SkipDC-352897091406184,"",2019-02-18 06:19:55-07,SkipDC,electric-scooter,2019-02-18 06:20:00-07,-77.0569983,38.8649183
SkipDC-352897091320849,"",2019-02-18 06:19:55-07,SkipDC,electric-scooter,2019-02-18 06:20:00-07,-77.0467733,38.865415
JumpDC-bike_16615,JUMP DC-0250,2019-02-18 06:18:58-07,JumpDC,pedal-assist-bike,2019-02-18 06:20:00-07,-76.9892466666667,38.866235
JumpDC-bike_16607,JUMP DC-0242,2019-02-18 06:18:58-07,JumpDC,pedal-assist-bike,2019-02-18 06:20:00-07,-76.989205,38.8662083333333
SkipDC-352897091305626,"",2019-02-18 06:19:55-07,SkipDC,electric-scooter,2019-02-18 06:20:00-07,-77.11163,38.88114
SkipDC-352897091295942,"",2019-02-18 06:19:55-07,SkipDC,electric-scooter,2019-02-18 06:20:00-07,-77.1091983,38.8824833
SkipDC-352897091428964,"",2019-02-18 06:19:55-07,SkipDC,electric-scooter,2019-02-18 06:20:00-07,-77.109355,38.88263
SkipDC-352897091434947,"",2019-02-18 06:19:55-07,SkipDC,electric-scooter,2019-02-18 06:20:00-07,-77.10943,38.8827317
SkipDC-352897091279508,"",2019-02-18 06:19:55-07,SkipDC,electric-scooter,2019-02-18 06:20:00-07,-77.109074,38.8826825
SkipDC-352897091429384,"",2019-02-18 06:19:55-07,SkipDC,electric-scooter,2019-02-18 06:20:00-07,-77.1117,38.8811633
SkipDC-352897091429723,"",2019-02-18 06:19:55-07,SkipDC,electric-scooter,2019-02-18 06:20:00-07,-77.111635,38.8812783
SkipDC-352897091379324,"",2019-02-18 06:19:55-07,SkipDC,electric-scooter,2019-02-18 06:20:00-07,-77.1093017,38.881225
SkipDC-352897091385560,"",2019-02-18 06:19:55-07,SkipDC,electric-scooter,2019-02-18 06:20:00-07,-77.1080767,38.8816417
SkipDC-352897091320609,"",2019-02-18 06:19:55-07,SkipDC,electric-scooter,2019-02-18 06:20:00-07,-77.1116711,38.8811905
SkipDC-352897091454143,"",2019-02-18 06:19:55-07,SkipDC,electric-scooter,2019-02-18 06:20:00-07,-77.1117283,38.8812183
SkipDC-352897091304421,"",2019-02-18 06:19:55-07,SkipDC,electric-scooter,2019-02-18 06:20:00-07,-77.1081323,38.8822671
SkipDC-352897091277403,"",2019-02-18 06:19:55-07,SkipDC,electric-scooter,2019-02-18 06:20:00-07,-77.0864351,38.8806797
SkipDC-352897091279383,"",2019-02-18 06:19:55-07,SkipDC,electric-scooter,2019-02-18 06:20:00-07,-77.0381383,38.8786467
SkipDC-352897091438161,"",2019-02-18 06:19:55-07,SkipDC,electric-scooter,2019-02-18 06:20:00-07,-77.03201,38.8807033
SkipDC-352897091434400,"",2019-02-18 06:19:55-07,SkipDC,electric-scooter,2019-02-18 06:20:00-07,-77.03113,38.8827233
SkipDC-352897091434384,"",2019-02-18 06:19:55-07,SkipDC,electric-scooter,2019-02-18 06:20:00-07,-77.0266483,38.88065
SkipDC-352897091406960,"",2019-02-18 06:19:55-07,SkipDC,electric-scooter,2019-02-18 06:20:00-07,-77.02666,38.8814617
SkipDC-352897091340185,"",2019-02-18 06:19:55-07,SkipDC,electric-scooter,2019-02-18 06:20:00-07,-77.0260217,38.8825217
SkipDC-352897091382104,"",2019-02-18 06:19:55-07,SkipDC,electric-scooter,2019-02-18 06:20:00-07,-77.0130991,38.8815211
SkipDC-352897091346729,"",2019-02-18 06:19:55-07,SkipDC,electric-scooter,2019-02-18 06:20:00-07,-77.0068967,38.8792467
SkipDC-352897091408446,"",2019-02-18 06:19:55-07,SkipDC,electric-scooter,2019-02-18 06:20:00-07,-77.0080233,38.8785117
SkipDC-352897091385529,"",2019-02-18 06:19:55-07,SkipDC,electric-scooter,2019-02-18 06:20:00-07,-77.0078417,38.8784567
SkipDC-352897091328784,"",2019-02-18 06:19:55-07,SkipDC,electric-scooter,2019-02-18 06:20:00-07,-77.0076183,38.87854
SkipDC-352897091452089,"",2019-02-18 06:19:55-07,SkipDC,electric-scooter,2019-02-18 06:20:00-07,-77.008335,38.8786567
SkipDC-352897091287485,"",2019-02-18 06:19:55-07,SkipDC,electric-scooter,2019-02-18 06:20:00-07,-77.0072778,38.8787546
SkipDC-352897091433782,"",2019-02-18 06:19:55-07,SkipDC,electric-scooter,2019-02-18 06:20:00-07,-77.0004333,38.8784733
SkipDC-352897091356025,"",2019-02-18 06:19:55-07,SkipDC,electric-scooter,2019-02-18 06:20:00-07,-77.005575,38.8807983
SkipDC-352897091279904,"",2019-02-18 06:19:55-07,SkipDC,electric-scooter,2019-02-18 06:20:00-07,-77.00559,38.8805967
SkipDC-352897091345283,"",2019-02-18 06:19:55-07,SkipDC,electric-scooter,2019-02-18 06:20:00-07,-77.003605,38.880565
SkipDC-352897091315906,"",2019-02-18 06:19:55-07,SkipDC,electric-scooter,2019-02-18 06:20:00-07,-77.0001658,38.8784155
SkipDC-352897091388226,"",2019-02-18 06:19:55-07,SkipDC,electric-scooter,2019-02-18 06:20:00-07,-77.0055683,38.8806767
SkipDC-352897091268543,"",2019-02-18 06:19:55-07,SkipDC,electric-scooter,2019-02-18 06:20:00-07,-77.0242583,38.8851
JumpDC-bike_23656,JUMP DC-2691 ,2019-02-18 06:18:58-07,JumpDC,pedal-assist-bike,2019-02-18 06:20:00-07,-77.02824,38.88646
SkipDC-352897091287444,"",2019-02-18 06:19:55-07,SkipDC,electric-scooter,2019-02-18 06:20:00-07,-77.0221644,38.8837742
SkipDC-352897091346240,"",2019-02-18 06:19:55-07,SkipDC,electric-scooter,2019-02-18 06:20:00-07,-77.02035,38.8858467
SkipDC-352897091378862,"",2019-02-18 06:19:55-07,SkipDC,electric-scooter,2019-02-18 06:20:00-07,-77.0199956,38.8862224
SkipDC-352897091453541,"",2019-02-18 06:19:55-07,SkipDC,electric-scooter,2019-02-18 06:20:00-07,-77.01938,38.8862717
JumpDC-bike_16634,JUMP DC-0226,2019-02-18 06:18:58-07,JumpDC,pedal-assist-bike,2019-02-18 06:20:00-07,-77.0078783333333,38.8862433333333
SkipDC-352897091320906,"",2019-02-18 06:19:55-07,SkipDC,electric-scooter,2019-02-18 06:20:00-07,-77.0067223,38.8839546
SkipDC-352897091351281,"",2019-02-18 06:19:55-07,SkipDC,electric-scooter,2019-02-18 06:20:00-07,-77.0032721,38.8861802
SkipDC-352897091435001,"",2019-02-18 06:19:55-07,SkipDC,electric-scooter,2019-02-18 06:20:00-07,-77.003414,38.8863835
SkipDC-352897091298185,"",2019-02-18 06:19:55-07,SkipDC,electric-scooter,2019-02-18 06:20:00-07,-77.0023892,38.8852861
SkipDC-352897091428709,"",2019-02-18 06:19:55-07,SkipDC,electric-scooter,2019-02-18 06:20:00-07,-77.004925,38.8832617
SkipDC-352897091382120,"",2019-02-18 06:19:55-07,SkipDC,electric-scooter,2019-02-18 06:20:00-07,-77.003442,38.8861538
SkipDC-352897091299720,"",2019-02-18 06:19:55-07,SkipDC,electric-scooter,2019-02-18 06:20:00-07,-77.0034122,38.8861941
SkipDC-352897091426489,"",2019-02-18 06:19:55-07,SkipDC,electric-scooter,2019-02-18 06:20:00-07,-77.0048744,38.8833386
SkipDC-352897091338247,"",2019-02-18 06:19:55-07,SkipDC,electric-scooter,2019-02-18 06:20:00-07,-77.0033276,38.8872463
SkipDC-352897091340789,"",2019-02-18 06:19:55-07,SkipDC,electric-scooter,2019-02-18 06:20:00-07,-77.0006417,38.88466
SkipDC-352897091321300,"",2019-02-18 06:19:55-07,SkipDC,electric-scooter,2019-02-18 06:20:00-07,-77.0011669,38.8866886
SkipDC-352897091387681,"",2019-02-18 06:19:55-07,SkipDC,electric-scooter,2019-02-18 06:20:00-07,-77.0010925,38.8866153
SkipDC-352897091435787,"",2019-02-18 06:19:55-07,SkipDC,electric-scooter,2019-02-18 06:20:00-07,-76.99613,38.88424
SkipDC-352897091310683,"",2019-02-18 06:19:55-07,SkipDC,electric-scooter,2019-02-18 06:20:00-07,-76.9960567,38.88509
SkipDC-352897091327521,"",2019-02-18 06:19:55-07,SkipDC,electric-scooter,2019-02-18 06:20:00-07,-76.9975716,38.8869208
JumpDC-bike_23471,JUMP DC-2606,2019-02-18 06:18:58-07,JumpDC,pedal-assist-bike,2019-02-18 06:20:00-07,-76.99597,38.8842783333333
JumpDC-bike_23462,JUMP DC-2597,2019-02-18 06:18:58-07,JumpDC,pedal-assist-bike,2019-02-18 06:20:00-07,-76.9959,38.884285
JumpDC-bike_23647,JUMP DC-2682,2019-02-18 06:18:58-07,JumpDC,pedal-assist-bike,2019-02-18 06:20:00-07,-76.995965,38.884215
SkipDC-352897091433584,"",2019-02-18 06:19:55-07,SkipDC,electric-scooter,2019-02-18 06:20:00-07,-76.9916866,38.883207
SkipDC-352897091274020,"",2019-02-18 06:19:55-07,SkipDC,electric-scooter,2019-02-18 06:20:00-07,-76.9917433,38.8859983
SkipDC-352897091462641,"",2019-02-18 06:19:55-07,SkipDC,electric-scooter,2019-02-18 06:20:00-07,-77.082135,38.89088
SkipDC-352897091428006,"",2019-02-18 06:19:55-07,SkipDC,electric-scooter,2019-02-18 06:20:00-07,-77.0823127,38.891578
SkipDC-352897091431521,"",2019-02-18 06:19:55-07,SkipDC,electric-scooter,2019-02-18 06:20:00-07,-77.0819217,38.8909867
SkipDC-352897091386865,"",2019-02-18 06:19:55-07,SkipDC,electric-scooter,2019-02-18 06:20:00-07,-77.0817047,38.8910117
SkipDC-352897091387384,"",2019-02-18 06:19:55-07,SkipDC,electric-scooter,2019-02-18 06:20:00-07,-77.0810283,38.8908067
SkipDC-352897090502744,"",2019-02-18 06:19:55-07,SkipDC,electric-scooter,2019-02-18 06:20:00-07,-77.0748217,38.8915567
SkipDC-352897091454101,"",2019-02-18 06:19:55-07,SkipDC,electric-scooter,2019-02-18 06:20:00-07,-77.0739967,38.88819
SkipDC-352897091272289,"",2019-02-18 06:19:55-07,SkipDC,electric-scooter,2019-02-18 06:20:00-07,-77.0752158,38.8917172
SkipDC-352897091380223,"",2019-02-18 06:19:55-07,SkipDC,electric-scooter,2019-02-18 06:20:00-07,-77.0396283,38.8906233
SkipDC-352897091427529,"",2019-02-18 06:19:55-07,SkipDC,electric-scooter,2019-02-18 06:20:00-07,-77.0339033,38.8902083
SkipDC-352897091428683,"",2019-02-18 06:19:55-07,SkipDC,electric-scooter,2019-02-18 06:20:00-07,-77.0338583,38.8901933
SkipDC-352897091448020,"",2019-02-18 06:19:55-07,SkipDC,electric-scooter,2019-02-18 06:20:00-07,-77.0330233,38.890215
SkipDC-352897091454523,"",2019-02-18 06:19:55-07,SkipDC,electric-scooter,2019-02-18 06:20:00-07,-77.0319457,38.8909649
JumpDC-bike_23672,JUMP DC-2707,2019-02-18 06:18:58-07,JumpDC,pedal-assist-bike,2019-02-18 06:20:00-07,-77.02358,38.8874466666667
SkipDC-352897091429368,"",2019-02-18 06:19:55-07,SkipDC,electric-scooter,2019-02-18 06:20:00-07,-77.0285883,38.8888217
SkipDC-352897091433964,"",2019-02-18 06:19:55-07,SkipDC,electric-scooter,2019-02-18 06:20:00-07,-77.0281517,38.8891567
SkipDC-352897091432982,"",2019-02-18 06:19:55-07,SkipDC,electric-scooter,2019-02-18 06:20:00-07,-77.0213396,38.8883112
SkipDC-352897091412729,"",2019-02-18 06:19:55-07,SkipDC,electric-scooter,2019-02-18 06:20:00-07,-77.0197733,38.8876
SkipDC-352897091331101,"",2019-02-18 06:19:55-07,SkipDC,electric-scooter,2019-02-18 06:20:00-07,-77.0127083,38.8887517
SkipDC-352897091429285,"",2019-02-18 06:19:55-07,SkipDC,electric-scooter,2019-02-18 06:20:00-07,-77.0126933,38.8887983
SkipDC-352897091275126,"",2019-02-18 06:19:55-07,SkipDC,electric-scooter,2019-02-18 06:20:00-07,-77.0126533,38.8888183
SkipDC-352897091386022,"",2019-02-18 06:19:55-07,SkipDC,electric-scooter,2019-02-18 06:20:00-07,-77.0122133,38.8896417
SkipDC-352897091310543,"",2019-02-18 06:19:55-07,SkipDC,electric-scooter,2019-02-18 06:20:00-07,-77.015025,38.8881167
SkipDC-352897091453145,"",2019-02-18 06:19:55-07,SkipDC,electric-scooter,2019-02-18 06:20:00-07,-77.00811,38.89112
SkipDC-352897091389927,"",2019-02-18 06:19:55-07,SkipDC,electric-scooter,2019-02-18 06:20:00-07,-77.0061,38.89127
SkipDC-352897091351703,"",2019-02-18 06:19:55-07,SkipDC,electric-scooter,2019-02-18 06:20:00-07,-77.0058858,38.8914862
SkipDC-352897091302722,"",2019-02-18 06:19:55-07,SkipDC,electric-scooter,2019-02-18 06:20:00-07,-77.0055726,38.8914659
SkipDC-352897091267982,"",2019-02-18 06:19:55-07,SkipDC,electric-scooter,2019-02-18 06:20:00-07,-76.9981431,38.887472
SkipDC-352897091398563,"",2019-02-18 06:19:55-07,SkipDC,electric-scooter,2019-02-18 06:20:00-07,-76.9989242,38.8876459
SkipDC-352897091298045,"",2019-02-18 06:19:55-07,SkipDC,electric-scooter,2019-02-18 06:20:00-07,-76.9961589,38.8876409
JumpDC-bike_18877,JUMP DC-0836,2019-02-18 06:18:58-07,JumpDC,pedal-assist-bike,2019-02-18 06:20:00-07,-76.9915116666667,38.88986
SkipDC-352897091427065,"",2019-02-18 06:19:55-07,SkipDC,electric-scooter,2019-02-18 06:20:00-07,-77.0198335,38.8941736
SkipDC-352897091340565,"",2019-02-18 06:19:55-07,SkipDC,electric-scooter,2019-02-18 06:20:00-07,-77.021805,38.8962767
SkipDC-352897091406242,"",2019-02-18 06:19:55-07,SkipDC,electric-scooter,2019-02-18 06:20:00-07,-77.01933,38.8946667
SkipDC-352897091462864,"",2019-02-18 06:19:55-07,SkipDC,electric-scooter,2019-02-18 06:20:00-07,-77.0111717,38.89543
SkipDC-352897091433808,"",2019-02-18 06:19:55-07,SkipDC,electric-scooter,2019-02-18 06:20:00-07,-77.0114433,38.893185
SkipDC-352897091379423,"",2019-02-18 06:19:55-07,SkipDC,electric-scooter,2019-02-18 06:20:00-07,-77.0003017,38.892075
SkipDC-352897091279326,"",2019-02-18 06:19:55-07,SkipDC,electric-scooter,2019-02-18 06:20:00-07,-77.0002533,38.89216
SkipDC-352897091460165,"",2019-02-18 06:19:55-07,SkipDC,electric-scooter,2019-02-18 06:20:00-07,-77.0004817,38.8954183
SkipDC-352897091389406,"",2019-02-18 06:19:55-07,SkipDC,electric-scooter,2019-02-18 06:20:00-07,-76.9994877,38.8948831
SkipDC-352897091272842,"",2019-02-18 06:19:55-07,SkipDC,electric-scooter,2019-02-18 06:20:00-07,-76.9942083,38.89555
SkipDC-352897091426026,"",2019-02-18 06:19:55-07,SkipDC,electric-scooter,2019-02-18 06:20:00-07,-76.9916203,38.895322
SkipDC-352897091458821,"",2019-02-18 06:19:55-07,SkipDC,electric-scooter,2019-02-18 06:20:00-07,-76.9922074,38.8963639
SkipDC-352897091437502,"",2019-02-18 06:19:55-07,SkipDC,electric-scooter,2019-02-18 06:20:00-07,-76.9863991,38.8935056
SkipDC-352897091330541,"",2019-02-18 06:19:55-07,SkipDC,electric-scooter,2019-02-18 06:20:00-07,-76.9863901,38.8945469
SkipDC-352897091448061,"",2019-02-18 06:19:55-07,SkipDC,electric-scooter,2019-02-18 06:20:00-07,-76.9848499,38.8947832
SkipDC-352897090451322,"",2019-02-18 06:19:55-07,SkipDC,electric-scooter,2019-02-18 06:20:00-07,-76.97887,38.8935
SkipDC-352897091444565,"",2019-02-18 06:19:55-07,SkipDC,electric-scooter,2019-02-18 06:20:00-07,-76.9772083,38.8958517
SkipDC-352897091434723,"",2019-02-18 06:19:55-07,SkipDC,electric-scooter,2019-02-18 06:20:00-07,-76.95013,38.8936917
SkipDC-352897091390487,"",2019-02-18 06:19:55-07,SkipDC,electric-scooter,2019-02-18 06:20:00-07,-76.9501167,38.8937
SkipDC-352897091429863,"",2019-02-18 06:19:55-07,SkipDC,electric-scooter,2019-02-18 06:20:00-07,-76.9490679,38.8955453
SkipDC-352897091339047,"",2019-02-18 06:19:55-07,SkipDC,electric-scooter,2019-02-18 06:20:00-07,-76.9484983,38.8957733
SkipDC-352897091408149,"",2019-02-18 06:19:55-07,SkipDC,electric-scooter,2019-02-18 06:20:00-07,-76.9501367,38.8936183
SkipDC-352897091398787,"",2019-02-18 06:19:55-07,SkipDC,electric-scooter,2019-02-18 06:20:00-07,-76.9501417,38.89368
SkipDC-352897091389042,"",2019-02-18 06:19:55-07,SkipDC,electric-scooter,2019-02-18 06:20:00-07,-76.9381267,38.89603
JumpDC-bike_23452,JUMP DC-2587,2019-02-18 06:18:58-07,JumpDC,pedal-assist-bike,2019-02-18 06:20:00-07,-76.9714533333333,38.89763
JumpDC-bike_23232,JUMP DC-2541,2019-02-18 06:18:58-07,JumpDC,pedal-assist-bike,2019-02-18 06:20:00-07,-76.9472083333333,38.897415
JumpDC-bike_23154,JUMP DC-2463,2019-02-18 06:18:58-07,JumpDC,pedal-assist-bike,2019-02-18 06:20:00-07,-76.947335,38.8974383333333
JumpDC-bike_18850,JUMP DC-0690,2019-02-18 06:18:58-07,JumpDC,pedal-assist-bike,2019-02-18 06:20:00-07,-76.9323183333333,38.8988116666667
SkipDC-352897091382740,"",2019-02-18 06:19:55-07,SkipDC,electric-scooter,2019-02-18 06:20:00-07,-77.0673825,38.9039281
SkipDC-352897091433766,"",2019-02-18 06:19:55-07,SkipDC,electric-scooter,2019-02-18 06:20:00-07,-77.0658386,38.903511
JumpDC-bike_23494,JUMP DC-2629,2019-02-18 06:18:58-07,JumpDC,pedal-assist-bike,2019-02-18 06:20:00-07,-77.0627,38.9040966666667
JumpDC-bike_23630,JUMP DC-2665,2019-02-18 06:18:58-07,JumpDC,pedal-assist-bike,2019-02-18 06:20:00-07,-77.05908,38.9050333333333
SkipDC-352897091435985,"",2019-02-18 06:19:55-07,SkipDC,electric-scooter,2019-02-18 06:20:00-07,-77.062735,38.904675
SkipDC-352897091302060,"",2019-02-18 06:19:55-07,SkipDC,electric-scooter,2019-02-18 06:20:00-07,-77.0629267,38.9043283
SkipDC-352897091306087,"",2019-02-18 06:19:55-07,SkipDC,electric-scooter,2019-02-18 06:20:00-07,-77.0589592,38.9053826
JumpDC-bike_23616,JUMP DC-2651,2019-02-18 06:18:58-07,JumpDC,pedal-assist-bike,2019-02-18 06:20:00-07,-77.059115,38.9050716666667
SkipDC-352897091315328,"",2019-02-18 06:19:55-07,SkipDC,electric-scooter,2019-02-18 06:20:00-07,-77.0641516,38.9029764
SkipDC-352897091387285,"",2019-02-18 06:19:55-07,SkipDC,electric-scooter,2019-02-18 06:20:00-07,-77.0586633,38.9042917
SkipDC-352897090562524,"",2019-02-18 06:19:55-07,SkipDC,electric-scooter,2019-02-18 06:20:00-07,-77.053115,38.902045
SkipDC-352897090507545,"",2019-02-18 06:19:55-07,SkipDC,electric-scooter,2019-02-18 06:20:00-07,-77.0537051,38.9048445
JumpDC-bike_23448,JUMP DC-2583,2019-02-18 06:18:58-07,JumpDC,pedal-assist-bike,2019-02-18 06:20:00-07,-77.0581866666667,38.903875
JumpDC-bike_23156,JUMP DC-2465,2019-02-18 06:18:58-07,JumpDC,pedal-assist-bike,2019-02-18 06:20:00-07,-77.0540516666667,38.9026266666667
SkipDC-352897091456726,"",2019-02-18 06:19:55-07,SkipDC,electric-scooter,2019-02-18 06:20:00-07,-77.048355,38.9053117
JumpDC-bike_23143,JUMP DC-2452,2019-02-18 06:18:58-07,JumpDC,pedal-assist-bike,2019-02-18 06:20:00-07,-77.050175,38.900985
SkipDC-352897091327828,"",2019-02-18 06:19:55-07,SkipDC,electric-scooter,2019-02-18 06:20:00-07,-77.051125,38.905185
SkipDC-352897091315286,"",2019-02-18 06:19:55-07,SkipDC,electric-scooter,2019-02-18 06:20:00-07,-77.0451417,38.9023267
SkipDC-352897091388408,"",2019-02-18 06:19:55-07,SkipDC,electric-scooter,2019-02-18 06:20:00-07,-77.046865,38.9026467
SkipDC-352897091269525,"",2019-02-18 06:19:55-07,SkipDC,electric-scooter,2019-02-18 06:20:00-07,-76.9807533,38.904055
SkipDC-352897091334667,"",2019-02-18 06:19:55-07,SkipDC,electric-scooter,2019-02-18 06:20:00-07,-77.0683318,38.9059247
SkipDC-352897091428147,"",2019-02-18 06:19:55-07,SkipDC,electric-scooter,2019-02-18 06:20:00-07,-77.0612944,38.9058245
SkipDC-352897091435308,"",2019-02-18 06:19:55-07,SkipDC,electric-scooter,2019-02-18 06:20:00-07,-77.05929,38.90541
SkipDC-352897091306707,"",2019-02-18 06:19:55-07,SkipDC,electric-scooter,2019-02-18 06:20:00-07,-77.059295,38.9067567
JumpDC-bike_18916,JUMP DC-0795,2019-02-18 06:18:58-07,JumpDC,pedal-assist-bike,2019-02-18 06:20:00-07,-77.0633933333333,38.90687
SkipDC-352897090572382,"",2019-02-18 06:19:55-07,SkipDC,electric-scooter,2019-02-18 06:20:00-07,-77.053775,38.90651
SkipDC-352897091351786,"",2019-02-18 06:19:55-07,SkipDC,electric-scooter,2019-02-18 06:20:00-07,-77.0531517,38.9064367
SkipDC-352897091311848,"",2019-02-18 06:19:55-07,SkipDC,electric-scooter,2019-02-18 06:20:00-07,-77.05334,38.9094067
JumpDC-bike_23496,JUMP DC-2631,2019-02-18 06:18:58-07,JumpDC,pedal-assist-bike,2019-02-18 06:20:00-07,-77.05478,38.9094616666667
SkipDC-352897091328248,"",2019-02-18 06:19:55-07,SkipDC,electric-scooter,2019-02-18 06:20:00-07,-77.0580653,38.906348
SkipDC-352897091338841,"",2019-02-18 06:19:55-07,SkipDC,electric-scooter,2019-02-18 06:20:00-07,-77.0531462,38.9054089
JumpDC-bike_23203,JUMP DC-2512,2019-02-18 06:18:58-07,JumpDC,pedal-assist-bike,2019-02-18 06:20:00-07,-77.0513266666667,38.9054816666667
SkipDC-352897091284524,"",2019-02-18 06:19:55-07,SkipDC,electric-scooter,2019-02-18 06:20:00-07,-77.0485567,38.9064783
SkipDC-352897091391485,"",2019-02-18 06:19:55-07,SkipDC,electric-scooter,2019-02-18 06:20:00-07,-77.0488103,38.9066154
SkipDC-352897091327604,"",2019-02-18 06:19:55-07,SkipDC,electric-scooter,2019-02-18 06:20:00-07,-77.0509883,38.9057833
SkipDC-352897091352263,"",2019-02-18 06:19:55-07,SkipDC,electric-scooter,2019-02-18 06:20:00-07,-77.0486617,38.9064283
SkipDC-352897091272248,"",2019-02-18 06:19:55-07,SkipDC,electric-scooter,2019-02-18 06:20:00-07,-77.048625,38.9065867
SkipDC-352897091338825,"",2019-02-18 06:19:55-07,SkipDC,electric-scooter,2019-02-18 06:20:00-07,-77.0489567,38.9067083
SkipDC-352897091343148,"",2019-02-18 06:19:55-07,SkipDC,electric-scooter,2019-02-18 06:20:00-07,-77.051285,38.909195
SkipDC-352897091435100,"",2019-02-18 06:19:55-07,SkipDC,electric-scooter,2019-02-18 06:20:00-07,-77.0454367,38.9074683
SkipDC-352897091330400,"",2019-02-18 06:19:55-07,SkipDC,electric-scooter,2019-02-18 06:20:00-07,-77.0424935,38.9073081
SkipDC-352897091392145,"",2019-02-18 06:19:55-07,SkipDC,electric-scooter,2019-02-18 06:20:00-07,-77.0415283,38.9063883
SkipDC-352897091391543,"",2019-02-18 06:19:55-07,SkipDC,electric-scooter,2019-02-18 06:20:00-07,-77.046515,38.9063983
SkipDC-352897090527006,"",2019-02-18 06:19:55-07,SkipDC,electric-scooter,2019-02-18 06:20:00-07,-77.0422955,38.9073688
SkipDC-352897091306244,"",2019-02-18 06:19:55-07,SkipDC,electric-scooter,2019-02-18 06:20:00-07,-77.0415767,38.90665
SkipDC-352897091452360,"",2019-02-18 06:19:55-07,SkipDC,electric-scooter,2019-02-18 06:20:00-07,-77.0458417,38.909235
SkipDC-352897091408685,"",2019-02-18 06:19:55-07,SkipDC,electric-scooter,2019-02-18 06:20:00-07,-77.0457067,38.909295
SkipDC-352897091328008,"",2019-02-18 06:19:55-07,SkipDC,electric-scooter,2019-02-18 06:20:00-07,-77.0436459,38.9093106
SkipDC-352897091435449,"",2019-02-18 06:19:55-07,SkipDC,electric-scooter,2019-02-18 06:20:00-07,-77.0278927,38.9124139
SkipDC-352897091342306,"",2019-02-18 06:19:55-07,SkipDC,electric-scooter,2019-02-18 06:20:00-07,-77.0273508,38.9142466
SkipDC-352897091434608,"",2019-02-18 06:19:55-07,SkipDC,electric-scooter,2019-02-18 06:20:00-07,-77.021905,38.91126
JumpDC-bike_18849,JUMP DC-0694,2019-02-18 06:18:58-07,JumpDC,pedal-assist-bike,2019-02-18 06:20:00-07,-77.0223783333333,38.91409
SkipDC-352897091273600,"",2019-02-18 06:19:55-07,SkipDC,electric-scooter,2019-02-18 06:20:00-07,-77.0219183,38.9105067
SkipDC-352897091437429,"",2019-02-18 06:19:55-07,SkipDC,electric-scooter,2019-02-18 06:20:00-07,-77.023075,38.9128083
SkipDC-352897091352347,"",2019-02-18 06:19:55-07,SkipDC,electric-scooter,2019-02-18 06:20:00-07,-77.02202,38.9109733
JumpDC-bike_23695,JUMP DC-2730,2019-02-18 06:18:58-07,JumpDC,pedal-assist-bike,2019-02-18 06:20:00-07,-77.0141666666667,38.913395
SkipDC-352897091296544,"",2019-02-18 06:19:55-07,SkipDC,electric-scooter,2019-02-18 06:20:00-07,-77.0030063,38.9107438
JumpDC-bike_18930,JUMP DC-0809,2019-02-18 06:18:58-07,JumpDC,pedal-assist-bike,2019-02-18 06:20:00-07,-76.995745,38.912055
JumpDC-bike_16532,JUMP DC-0223,2019-02-18 06:18:58-07,JumpDC,pedal-assist-bike,2019-02-18 06:20:00-07,-76.9718916666667,38.9126183333333
SkipDC-352897091305527,"",2019-02-18 06:19:55-07,SkipDC,electric-scooter,2019-02-18 06:20:00-07,-77.0742879,38.916334
SkipDC-352897091358724,"",2019-02-18 06:19:55-07,SkipDC,electric-scooter,2019-02-18 06:20:00-07,-77.0705283,38.9145783
SkipDC-352897091409907,"",2019-02-18 06:19:55-07,SkipDC,electric-scooter,2019-02-18 06:20:00-07,-77.052625,38.9146
SkipDC-352897091273964,"",2019-02-18 06:19:55-07,SkipDC,electric-scooter,2019-02-18 06:20:00-07,-77.0485233,38.9163933
SkipDC-352897091331481,"",2019-02-18 06:19:55-07,SkipDC,electric-scooter,2019-02-18 06:20:00-07,-77.0434672,38.9159812
JumpDC-bike_23449,JUMP DC-2584,2019-02-18 06:18:58-07,JumpDC,pedal-assist-bike,2019-02-18 06:20:00-07,-77.04174,38.9185616666667
SkipDC-352897091359383,"",2019-02-18 06:19:55-07,SkipDC,electric-scooter,2019-02-18 06:20:00-07,-77.0457283,38.91629
SkipDC-352897091457021,"",2019-02-18 06:19:55-07,SkipDC,electric-scooter,2019-02-18 06:20:00-07,-77.0438283,38.915945
SkipDC-352897091340425,"",2019-02-18 06:19:55-07,SkipDC,electric-scooter,2019-02-18 06:20:00-07,-77.04186,38.9163167
SkipDC-352897091429343,"",2019-02-18 06:19:55-07,SkipDC,electric-scooter,2019-02-18 06:20:00-07,-77.044375,38.9178133
SkipDC-352897091428725,"",2019-02-18 06:19:55-07,SkipDC,electric-scooter,2019-02-18 06:20:00-07,-77.04222,38.9170833
SkipDC-352897091295207,"",2019-02-18 06:19:55-07,SkipDC,electric-scooter,2019-02-18 06:20:00-07,-77.044055,38.9177567
SkipDC-352897091444581,"",2019-02-18 06:19:55-07,SkipDC,electric-scooter,2019-02-18 06:20:00-07,-77.0376267,38.916025
SkipDC-352897091315021,"",2019-02-18 06:19:55-07,SkipDC,electric-scooter,2019-02-18 06:20:00-07,-77.0397083,38.9166167
JumpDC-bike_23461,JUMP DC-2596,2019-02-18 06:18:58-07,JumpDC,pedal-assist-bike,2019-02-18 06:20:00-07,-77.040525,38.917645
SkipDC-352897091358203,"",2019-02-18 06:19:55-07,SkipDC,electric-scooter,2019-02-18 06:20:00-07,-77.0423333,38.9217783
SkipDC-352897091457443,"",2019-02-18 06:19:55-07,SkipDC,electric-scooter,2019-02-18 06:20:00-07,-77.0469717,38.9231467
JumpDC-bike_23673,JUMP DC-2708,2019-02-18 06:18:58-07,JumpDC,pedal-assist-bike,2019-02-18 06:20:00-07,-77.042415,38.9220483333333
JumpDC-bike_16632,JUMP DC-0224,2019-02-18 06:18:58-07,JumpDC,pedal-assist-bike,2019-02-18 06:20:00-07,-77.0421783333333,38.9212933333333
JumpDC-bike_23166,JUMP DC-2475,2019-02-18 06:18:58-07,JumpDC,pedal-assist-bike,2019-02-18 06:20:00-07,-77.0423816666667,38.9211983333333
SkipDC-352897091346448,"",2019-02-18 06:19:55-07,SkipDC,electric-scooter,2019-02-18 06:20:00-07,-77.0455117,38.92062
JumpDC-bike_23671,JUMP DC-2706,2019-02-18 06:18:58-07,JumpDC,pedal-assist-bike,2019-02-18 06:20:00-07,-77.0422466666667,38.9216266666667
JumpDC-bike_23513,JUMP DC-2648,2019-02-18 06:18:58-07,JumpDC,pedal-assist-bike,2019-02-18 06:20:00-07,-77.041295,38.921805
JumpDC-bike_23210,JUMP DC-2519,2019-02-18 06:18:58-07,JumpDC,pedal-assist-bike,2019-02-18 06:20:00-07,-77.0423916666667,38.9216233333333
SkipDC-352897091331622,"",2019-02-18 06:19:55-07,SkipDC,electric-scooter,2019-02-18 06:20:00-07,-77.045645,38.9194117
JumpDC-bike_16530,JUMP DC-0207,2019-02-18 06:18:58-07,JumpDC,pedal-assist-bike,2019-02-18 06:20:00-07,-77.0405516666667,38.921565
JumpDC-bike_23628,JUMP DC-2663,2019-02-18 06:18:58-07,JumpDC,pedal-assist-bike,2019-02-18 06:20:00-07,-77.0326266666667,38.9215766666667
SkipDC-352897091321268,"",2019-02-18 06:19:55-07,SkipDC,electric-scooter,2019-02-18 06:20:00-07,-77.0342745,38.9216453
SkipDC-352897091274269,"",2019-02-18 06:19:55-07,SkipDC,electric-scooter,2019-02-18 06:20:00-07,-77.0321583,38.9230155
JumpDC-bike_18830,JUMP DC-0707,2019-02-18 06:18:58-07,JumpDC,pedal-assist-bike,2019-02-18 06:20:00-07,-77.0312683333333,38.9192166666667
SkipDC-352897091382344,"",2019-02-18 06:19:55-07,SkipDC,electric-scooter,2019-02-18 06:20:00-07,-77.0333533,38.9192967
SkipDC-352897091456247,"",2019-02-18 06:19:55-07,SkipDC,electric-scooter,2019-02-18 06:20:00-07,-77.0303492,38.9192563
SkipDC-352897091356660,"",2019-02-18 06:19:55-07,SkipDC,electric-scooter,2019-02-18 06:20:00-07,-77.0124917,38.920375
SkipDC-352897091429269,"",2019-02-18 06:19:55-07,SkipDC,electric-scooter,2019-02-18 06:20:00-07,-76.9851417,38.9232013
SkipDC-352897091463003,"",2019-02-18 06:19:55-07,SkipDC,electric-scooter,2019-02-18 06:20:00-07,-77.0995271,38.9274801
SkipDC-352897091382427,"",2019-02-18 06:19:55-07,SkipDC,electric-scooter,2019-02-18 06:20:00-07,-77.07319,38.9251176
JumpDC-bike_23217,JUMP DC-2526,2019-02-18 06:18:58-07,JumpDC,pedal-assist-bike,2019-02-18 06:20:00-07,-77.0704366666667,38.926755
SkipDC-352897091456809,"",2019-02-18 06:19:55-07,SkipDC,electric-scooter,2019-02-18 06:20:00-07,-77.062929,38.9261485
SkipDC-352897091288889,"",2019-02-18 06:19:55-07,SkipDC,electric-scooter,2019-02-18 06:20:00-07,-77.0564833,38.9275833
SkipDC-352897091306202,"",2019-02-18 06:19:55-07,SkipDC,electric-scooter,2019-02-18 06:20:00-07,-77.0527548,38.9278579
JumpDC-bike_23683,JUMP DC-2718,2019-02-18 06:18:58-07,JumpDC,pedal-assist-bike,2019-02-18 06:20:00-07,-77.038815,38.9250633333333
JumpDC-bike_18871,JUMP DC-0830,2019-02-18 06:18:58-07,JumpDC,pedal-assist-bike,2019-02-18 06:20:00-07,-77.031975,38.930335
JumpDC-bike_23445,JUMP DC-2580,2019-02-18 06:18:58-07,JumpDC,pedal-assist-bike,2019-02-18 06:20:00-07,-77.0327466666667,38.9320266666667
JumpDC-bike_23680,JUMP DC-2715,2019-02-18 06:18:58-07,JumpDC,pedal-assist-bike,2019-02-18 06:20:00-07,-77.03167,38.9321966666667
JumpDC-bike_23490,JUMP DC-2625,2019-02-18 06:18:58-07,JumpDC,pedal-assist-bike,2019-02-18 06:20:00-07,-77.0270866666667,38.9311183333333
JumpDC-bike_18884,JUMP DC-0843,2019-02-18 06:18:58-07,JumpDC,pedal-assist-bike,2019-02-18 06:20:00-07,-77.0247333333333,38.932005
SkipDC-352897091437585,"",2019-02-18 06:19:55-07,SkipDC,electric-scooter,2019-02-18 06:20:00-07,-77.0214566,38.9290892
SkipDC-352897091427206,"",2019-02-18 06:19:55-07,SkipDC,electric-scooter,2019-02-18 06:20:00-07,-77.005328,38.9295288
JumpDC-bike_18853,JUMP DC-0695,2019-02-18 06:18:58-07,JumpDC,pedal-assist-bike,2019-02-18 06:20:00-07,-76.9722383333333,38.9322266666667
JumpDC-bike_23213,JUMP DC-2522,2019-02-18 06:18:58-07,JumpDC,pedal-assist-bike,2019-02-18 06:20:00-07,-76.972295,38.9322466666667
JumpDC-bike_23701,JUMP DC-2736,2019-02-18 06:18:58-07,JumpDC,pedal-assist-bike,2019-02-18 06:20:00-07,-76.95764,38.9294083333333
JumpDC-bike_23684,JUMP DC-2719,2019-02-18 06:18:58-07,JumpDC,pedal-assist-bike,2019-02-18 06:20:00-07,-77.1090066666667,38.9356583333333
JumpDC-bike_23497,JUMP DC-2632,2019-02-18 06:18:58-07,JumpDC,pedal-assist-bike,2019-02-18 06:20:00-07,-77.08715,38.9363566666667
JumpDC-bike_23484,JUMP DC-2619,2019-02-18 06:18:58-07,JumpDC,pedal-assist-bike,2019-02-18 06:20:00-07,-77.082335,38.9343816666667
SkipDC-352897091328800,"",2019-02-18 06:19:55-07,SkipDC,electric-scooter,2019-02-18 06:20:00-07,-77.08203,38.9355333
SkipDC-352897091315260,"",2019-02-18 06:19:55-07,SkipDC,electric-scooter,2019-02-18 06:20:00-07,-77.0725908,38.9335147
SkipDC-352897091280100,"",2019-02-18 06:19:55-07,SkipDC,electric-scooter,2019-02-18 06:20:00-07,-77.0727705,38.9346352
SkipDC-352897091435761,"",2019-02-18 06:19:55-07,SkipDC,electric-scooter,2019-02-18 06:20:00-07,-77.072674,38.9346973
SkipDC-352897091389828,"",2019-02-18 06:19:55-07,SkipDC,electric-scooter,2019-02-18 06:20:00-07,-77.073325,38.9357117
SkipDC-352897091408768,"",2019-02-18 06:19:55-07,SkipDC,electric-scooter,2019-02-18 06:20:00-07,-77.0732517,38.93574
JumpDC-bike_18845,JUMP DC-0722,2019-02-18 06:18:58-07,JumpDC,pedal-assist-bike,2019-02-18 06:20:00-07,-77.0586133333333,38.9360366666667
SkipDC-352897091437189,"",2019-02-18 06:19:55-07,SkipDC,electric-scooter,2019-02-18 06:20:00-07,-77.0581471,38.9351854
SkipDC-352897091463045,"",2019-02-18 06:19:55-07,SkipDC,electric-scooter,2019-02-18 06:20:00-07,-77.0587367,38.9357117
SkipDC-352897091295660,"",2019-02-18 06:19:55-07,SkipDC,electric-scooter,2019-02-18 06:20:00-07,-77.0411083,38.9333017
SkipDC-352897091338742,"",2019-02-18 06:19:55-07,SkipDC,electric-scooter,2019-02-18 06:20:00-07,-77.0387394,38.934044
SkipDC-352897091461429,"",2019-02-18 06:19:55-07,SkipDC,electric-scooter,2019-02-18 06:20:00-07,-77.0340333,38.9346317
SkipDC-352897091336282,"",2019-02-18 06:19:55-07,SkipDC,electric-scooter,2019-02-18 06:20:00-07,-77.0238967,38.9325917
JumpDC-bike_23162,JUMP DC-2471,2019-02-18 06:18:58-07,JumpDC,pedal-assist-bike,2019-02-18 06:20:00-07,-76.994415,38.9335033333333
SkipDC-352897091294705,"",2019-02-18 06:19:55-07,SkipDC,electric-scooter,2019-02-18 06:20:00-07,-77.0644949,38.9491323
JumpDC-bike_23617,JUMP DC-2652,2019-02-18 06:18:58-07,JumpDC,pedal-assist-bike,2019-02-18 06:20:00-07,-77.06209,38.9549316666667
SkipDC-352897091456007,"",2019-02-18 06:19:55-07,SkipDC,electric-scooter,2019-02-18 06:20:00-07,-77.0200225,38.9567322
JumpDC-bike_23207,JUMP DC-2516,2019-02-18 06:18:58-07,JumpDC,pedal-assist-bike,2019-02-18 06:20:00-07,-77.074795,38.96339
SkipDC-352897091279748,"",2019-02-18 06:19:55-07,SkipDC,electric-scooter,2019-02-18 06:20:00-07,-77.018035,38.9612933
JumpDC-bike_23430,JUMP DC-2565,2019-02-18 06:18:58-07,JumpDC,pedal-assist-bike,2019-02-18 06:20:00-07,-77.0181566666667,38.974095
JumpDC-bike_16632,JUMP DC-0224,2019-02-18 06:34:05-07,JumpDC,pedal-assist-bike,2019-02-18 06:35:00-07,-77.0421783333333,38.9212933333333
JumpDC-bike_23210,JUMP DC-2519,2019-02-18 06:34:05-07,JumpDC,pedal-assist-bike,2019-02-18 06:35:00-07,-77.0423916666667,38.9216233333333
SkipDC-352897091358203,"",2019-02-18 06:34:55-07,SkipDC,electric-scooter,2019-02-18 06:35:00-07,-77.042335,38.9217583
JumpDC-bike_23673,JUMP DC-2708,2019-02-18 06:34:05-07,JumpDC,pedal-assist-bike,2019-02-18 06:35:00-07,-77.042415,38.9220483333333
JumpDC-bike_23671,JUMP DC-2706,2019-02-18 06:34:05-07,JumpDC,pedal-assist-bike,2019-02-18 06:35:00-07,-77.0422466666667,38.9216266666667
JumpDC-bike_23639,JUMP DC-2674,2019-02-18 06:34:05-07,JumpDC,pedal-assist-bike,2019-02-18 06:35:00-07,-77.0416633333333,38.9198766666667
JumpDC-bike_23166,JUMP DC-2475,2019-02-18 06:34:05-07,JumpDC,pedal-assist-bike,2019-02-18 06:35:00-07,-77.0423816666667,38.9211983333333
JumpDC-bike_23513,JUMP DC-2648,2019-02-18 06:34:05-07,JumpDC,pedal-assist-bike,2019-02-18 06:35:00-07,-77.041295,38.921805
SkipDC-352897091346448,"",2019-02-18 06:34:55-07,SkipDC,electric-scooter,2019-02-18 06:35:00-07,-77.045385,38.9207117
JumpDC-bike_16530,JUMP DC-0207,2019-02-18 06:34:05-07,JumpDC,pedal-assist-bike,2019-02-18 06:35:00-07,-77.0405516666667,38.921565
SkipDC-352897091321268,"",2019-02-18 06:34:55-07,SkipDC,electric-scooter,2019-02-18 06:35:00-07,-77.0342763,38.9216272
SkipDC-352897091382344,"",2019-02-18 06:34:55-07,SkipDC,electric-scooter,2019-02-18 06:35:00-07,-77.0332383,38.9192717
SkipDC-352897091456247,"",2019-02-18 06:34:55-07,SkipDC,electric-scooter,2019-02-18 06:35:00-07,-77.030371,38.9192547
JumpDC-bike_18830,JUMP DC-0707,2019-02-18 06:34:05-07,JumpDC,pedal-assist-bike,2019-02-18 06:35:00-07,-77.0312683333333,38.9192166666667
JumpDC-bike_23628,JUMP DC-2663,2019-02-18 06:34:05-07,JumpDC,pedal-assist-bike,2019-02-18 06:35:00-07,-77.0326266666667,38.9215766666667
SkipDC-352897091274269,"",2019-02-18 06:34:55-07,SkipDC,electric-scooter,2019-02-18 06:35:00-07,-77.0321583,38.9230155
SkipDC-352897091356660,"",2019-02-18 06:34:55-07,SkipDC,electric-scooter,2019-02-18 06:35:00-07,-77.0124175,38.9203158
SkipDC-352897091429269,"",2019-02-18 06:34:55-07,SkipDC,electric-scooter,2019-02-18 06:35:00-07,-76.985033,38.9231394
SkipDC-352897091463003,"",2019-02-18 06:34:55-07,SkipDC,electric-scooter,2019-02-18 06:35:00-07,-77.0995736,38.9275135
SkipDC-352897091382427,"",2019-02-18 06:34:55-07,SkipDC,electric-scooter,2019-02-18 06:35:00-07,-77.0733967,38.9251583
JumpDC-bike_23217,JUMP DC-2526,2019-02-18 06:34:05-07,JumpDC,pedal-assist-bike,2019-02-18 06:35:00-07,-77.0704366666667,38.926755
SkipDC-352897091456809,"",2019-02-18 06:34:55-07,SkipDC,electric-scooter,2019-02-18 06:35:00-07,-77.0632041,38.9259697
SkipDC-352897091288889,"",2019-02-18 06:34:55-07,SkipDC,electric-scooter,2019-02-18 06:35:00-07,-77.0564833,38.9275833
SkipDC-352897091385602,"",2019-02-18 06:34:55-07,SkipDC,electric-scooter,2019-02-18 06:35:00-07,-77.0527679,38.927868
SkipDC-352897091306202,"",2019-02-18 06:34:55-07,SkipDC,electric-scooter,2019-02-18 06:35:00-07,-77.0528233,38.9276567
SkipDC-352897091287246,"",2019-02-18 06:34:55-07,SkipDC,electric-scooter,2019-02-18 06:35:00-07,-77.0368364,38.9241838
JumpDC-bike_23445,JUMP DC-2580,2019-02-18 06:34:05-07,JumpDC,pedal-assist-bike,2019-02-18 06:35:00-07,-77.0327466666667,38.9320266666667
JumpDC-bike_23697,JUMP DC-2732,2019-02-18 06:34:05-07,JumpDC,pedal-assist-bike,2019-02-18 06:35:00-07,-77.0320083333333,38.9305783333333
JumpDC-bike_23680,JUMP DC-2715,2019-02-18 06:34:05-07,JumpDC,pedal-assist-bike,2019-02-18 06:35:00-07,-77.03167,38.9321966666667
JumpDC-bike_18871,JUMP DC-0830,2019-02-18 06:34:05-07,JumpDC,pedal-assist-bike,2019-02-18 06:35:00-07,-77.031975,38.930335
JumpDC-bike_23490,JUMP DC-2625,2019-02-18 06:34:05-07,JumpDC,pedal-assist-bike,2019-02-18 06:35:00-07,-77.0270866666667,38.9311183333333
JumpDC-bike_18884,JUMP DC-0843,2019-02-18 06:34:05-07,JumpDC,pedal-assist-bike,2019-02-18 06:35:00-07,-77.0247333333333,38.932005
SkipDC-352897091437585,"",2019-02-18 06:34:55-07,SkipDC,electric-scooter,2019-02-18 06:35:00-07,-77.0213533,38.9290833
SkipDC-352897091427206,"",2019-02-18 06:34:55-07,SkipDC,electric-scooter,2019-02-18 06:35:00-07,-77.0052679,38.9295253
JumpDC-bike_18853,JUMP DC-0695,2019-02-18 06:34:05-07,JumpDC,pedal-assist-bike,2019-02-18 06:35:00-07,-76.9722383333333,38.9322266666667
JumpDC-bike_23213,JUMP DC-2522,2019-02-18 06:34:05-07,JumpDC,pedal-assist-bike,2019-02-18 06:35:00-07,-76.972295,38.9322466666667
JumpDC-bike_23701,JUMP DC-2736,2019-02-18 06:34:05-07,JumpDC,pedal-assist-bike,2019-02-18 06:35:00-07,-76.95764,38.9294083333333
JumpDC-bike_23684,JUMP DC-2719,2019-02-18 06:34:05-07,JumpDC,pedal-assist-bike,2019-02-18 06:35:00-07,-77.1090066666667,38.9356583333333
JumpDC-bike_23497,JUMP DC-2632,2019-02-18 06:34:05-07,JumpDC,pedal-assist-bike,2019-02-18 06:35:00-07,-77.08715,38.9363566666667
JumpDC-bike_23484,JUMP DC-2619,2019-02-18 06:34:05-07,JumpDC,pedal-assist-bike,2019-02-18 06:35:00-07,-77.082335,38.9343816666667
SkipDC-352897091328800,"",2019-02-18 06:34:55-07,SkipDC,electric-scooter,2019-02-18 06:35:00-07,-77.0820083,38.935425
SkipDC-352897091315260,"",2019-02-18 06:34:55-07,SkipDC,electric-scooter,2019-02-18 06:35:00-07,-77.07254,38.9335967
SkipDC-352897091280100,"",2019-02-18 06:34:55-07,SkipDC,electric-scooter,2019-02-18 06:35:00-07,-77.0727767,38.9346417
SkipDC-352897091435761,"",2019-02-18 06:34:55-07,SkipDC,electric-scooter,2019-02-18 06:35:00-07,-77.0726283,38.9347833
SkipDC-352897091389828,"",2019-02-18 06:34:55-07,SkipDC,electric-scooter,2019-02-18 06:35:00-07,-77.073325,38.9357117
SkipDC-352897091408768,"",2019-02-18 06:34:55-07,SkipDC,electric-scooter,2019-02-18 06:35:00-07,-77.0731767,38.93581
SkipDC-352897091437189,"",2019-02-18 06:34:55-07,SkipDC,electric-scooter,2019-02-18 06:35:00-07,-77.0581163,38.9352127
SkipDC-352897091463045,"",2019-02-18 06:34:55-07,SkipDC,electric-scooter,2019-02-18 06:35:00-07,-77.0585853,38.9356132
JumpDC-bike_18845,JUMP DC-0722,2019-02-18 06:34:05-07,JumpDC,pedal-assist-bike,2019-02-18 06:35:00-07,-77.0586133333333,38.9360366666667
SkipDC-352897091338742,"",2019-02-18 06:34:55-07,SkipDC,electric-scooter,2019-02-18 06:35:00-07,-77.0387356,38.9340809
SkipDC-352897091295660,"",2019-02-18 06:34:55-07,SkipDC,electric-scooter,2019-02-18 06:35:00-07,-77.041135,38.9333883
SkipDC-352897091461429,"",2019-02-18 06:34:55-07,SkipDC,electric-scooter,2019-02-18 06:35:00-07,-77.0340333,38.9346317
SkipDC-352897091336282,"",2019-02-18 06:34:55-07,SkipDC,electric-scooter,2019-02-18 06:35:00-07,-77.0238967,38.9325917
JumpDC-bike_23162,JUMP DC-2471,2019-02-18 06:34:05-07,JumpDC,pedal-assist-bike,2019-02-18 06:35:00-07,-76.994415,38.9335033333333
SkipDC-352897091294705,"",2019-02-18 06:34:55-07,SkipDC,electric-scooter,2019-02-18 06:35:00-07,-77.0645393,38.9491458
JumpDC-bike_23617,JUMP DC-2652,2019-02-18 06:34:05-07,JumpDC,pedal-assist-bike,2019-02-18 06:35:00-07,-77.06209,38.9549316666667
SkipDC-352897091456007,"",2019-02-18 06:34:55-07,SkipDC,electric-scooter,2019-02-18 06:35:00-07,-77.01991,38.9566583
JumpDC-bike_23207,JUMP DC-2516,2019-02-18 06:34:05-07,JumpDC,pedal-assist-bike,2019-02-18 06:35:00-07,-77.074795,38.96339
SkipDC-352897091279748,"",2019-02-18 06:34:55-07,SkipDC,electric-scooter,2019-02-18 06:35:00-07,-77.018035,38.9612933
JumpDC-bike_23430,JUMP DC-2565,2019-02-18 06:34:05-07,JumpDC,pedal-assist-bike,2019-02-18 06:35:00-07,-77.0181566666667,38.974095
SkipDC-352897091388945,"",2019-02-18 06:49:55-07,SkipDC,electric-scooter,2019-02-18 06:50:00-07,-77.051683,38.8373372
SkipDC-352897091452808,"",2019-02-18 06:49:55-07,SkipDC,electric-scooter,2019-02-18 06:50:00-07,-77.05059,38.844265
SkipDC-352897091303209,"",2019-02-18 06:49:55-07,SkipDC,electric-scooter,2019-02-18 06:50:00-07,-77.0505913,38.8442774
SkipDC-352897091290380,"",2019-02-18 06:49:55-07,SkipDC,electric-scooter,2019-02-18 06:50:00-07,-77.0505583,38.84424
SkipDC-352897091284821,"",2019-02-18 06:49:55-07,SkipDC,electric-scooter,2019-02-18 06:50:00-07,-76.9813833,38.8450767
SkipDC-352897091409709,"",2019-02-18 06:49:55-07,SkipDC,electric-scooter,2019-02-18 06:50:00-07,-77.05384,38.8481183
SkipDC-352897091305006,"",2019-02-18 06:49:55-07,SkipDC,electric-scooter,2019-02-18 06:50:00-07,-77.0522308,38.8485367
SkipDC-352897091321227,"",2019-02-18 06:49:55-07,SkipDC,electric-scooter,2019-02-18 06:50:00-07,-77.0506383,38.8495217
SkipDC-352897090512669,"",2019-02-18 06:49:55-07,SkipDC,electric-scooter,2019-02-18 06:50:00-07,-77.0522533,38.84825
SkipDC-352897091444987,"",2019-02-18 06:49:55-07,SkipDC,electric-scooter,2019-02-18 06:50:00-07,-77.0517556,38.8483274
SkipDC-352897091457963,"",2019-02-18 06:49:55-07,SkipDC,electric-scooter,2019-02-18 06:50:00-07,-77.0519167,38.8488108
SkipDC-352897091383144,"",2019-02-18 06:49:55-07,SkipDC,electric-scooter,2019-02-18 06:50:00-07,-77.050735,38.8495267
SkipDC-352897091263627,"",2019-02-18 06:49:55-07,SkipDC,electric-scooter,2019-02-18 06:50:00-07,-77.0540583,38.853905
SkipDC-352897091293202,"",2019-02-18 06:49:55-07,SkipDC,electric-scooter,2019-02-18 06:50:00-07,-77.0535683,38.853635
SkipDC-352897091433105,"",2019-02-18 06:49:55-07,SkipDC,electric-scooter,2019-02-18 06:50:00-07,-77.053556,38.8531339
SkipDC-352897091269509,"",2019-02-18 06:49:55-07,SkipDC,electric-scooter,2019-02-18 06:50:00-07,-77.0544233,38.8533067
SkipDC-352897090517403,"",2019-02-18 06:49:55-07,SkipDC,electric-scooter,2019-02-18 06:50:00-07,-77.06016,38.8607467
SkipDC-352897091390008,"",2019-02-18 06:49:55-07,SkipDC,electric-scooter,2019-02-18 06:50:00-07,-77.0629817,38.8615983
SkipDC-352897091444409,"",2019-02-18 06:49:55-07,SkipDC,electric-scooter,2019-02-18 06:50:00-07,-77.0613217,38.8608883
SkipDC-352897091378987,"",2019-02-18 06:49:55-07,SkipDC,electric-scooter,2019-02-18 06:50:00-07,-77.0594902,38.8603699
SkipDC-352897091458243,"",2019-02-18 06:49:55-07,SkipDC,electric-scooter,2019-02-18 06:50:00-07,-77.0594183,38.86044
SkipDC-352897091345820,"",2019-02-18 06:49:55-07,SkipDC,electric-scooter,2019-02-18 06:50:00-07,-77.0628417,38.861625
SkipDC-352897091303225,"",2019-02-18 06:49:55-07,SkipDC,electric-scooter,2019-02-18 06:50:00-07,-77.0626567,38.8616933
SkipDC-352897091392327,"",2019-02-18 06:49:55-07,SkipDC,electric-scooter,2019-02-18 06:50:00-07,-77.0598583,38.8607133
SkipDC-352897091385149,"",2019-02-18 06:49:55-07,SkipDC,electric-scooter,2019-02-18 06:50:00-07,-77.0594617,38.860365
SkipDC-352897091384720,"",2019-02-18 06:49:55-07,SkipDC,electric-scooter,2019-02-18 06:50:00-07,-77.0622267,38.8615883
SkipDC-352897091382484,"",2019-02-18 06:49:55-07,SkipDC,electric-scooter,2019-02-18 06:50:00-07,-77.0602419,38.8614259
SkipDC-352897091382708,"",2019-02-18 06:49:55-07,SkipDC,electric-scooter,2019-02-18 06:50:00-07,-77.0596333,38.861795
SkipDC-352897091288681,"",2019-02-18 06:49:55-07,SkipDC,electric-scooter,2019-02-18 06:50:00-07,-77.059395,38.86294
SkipDC-352897091287766,"",2019-02-18 06:49:55-07,SkipDC,electric-scooter,2019-02-18 06:50:00-07,-77.063189,38.8604305
SkipDC-352897091429608,"",2019-02-18 06:49:55-07,SkipDC,electric-scooter,2019-02-18 06:50:00-07,-77.0596984,38.8606665
SkipDC-352897091266828,"",2019-02-18 06:49:55-07,SkipDC,electric-scooter,2019-02-18 06:50:00-07,-77.06013,38.8606933
SkipDC-352897091267347,"",2019-02-18 06:49:55-07,SkipDC,electric-scooter,2019-02-18 06:50:00-07,-77.0629917,38.8616233
SkipDC-352897091272149,"",2019-02-18 06:49:55-07,SkipDC,electric-scooter,2019-02-18 06:50:00-07,-77.0601334,38.861537
SkipDC-352897091458482,"",2019-02-18 06:49:55-07,SkipDC,electric-scooter,2019-02-18 06:50:00-07,-77.05943,38.8624833
SkipDC-352897090450589,"",2019-02-18 06:49:55-07,SkipDC,electric-scooter,2019-02-18 06:50:00-07,-77.061295,38.8607717
SkipDC-352897091273584,"",2019-02-18 06:49:55-07,SkipDC,electric-scooter,2019-02-18 06:50:00-07,-77.0611667,38.86103
SkipDC-352897091273006,"",2019-02-18 06:49:55-07,SkipDC,electric-scooter,2019-02-18 06:50:00-07,-77.0532399,38.8640052
SkipDC-352897091408867,"",2019-02-18 06:49:55-07,SkipDC,electric-scooter,2019-02-18 06:50:00-07,-77.0573,38.860575
SkipDC-352897091310287,"",2019-02-18 06:49:55-07,SkipDC,electric-scooter,2019-02-18 06:50:00-07,-77.0549867,38.8621517
SkipDC-352897091320765,"",2019-02-18 06:49:55-07,SkipDC,electric-scooter,2019-02-18 06:50:00-07,-77.053925,38.8622
SkipDC-352897091436181,"",2019-02-18 06:49:55-07,SkipDC,electric-scooter,2019-02-18 06:50:00-07,-77.0541035,38.8622548
SkipDC-352897090501969,"",2019-02-18 06:49:55-07,SkipDC,electric-scooter,2019-02-18 06:50:00-07,-77.0533267,38.864025
SkipDC-352897091451842,"",2019-02-18 06:49:55-07,SkipDC,electric-scooter,2019-02-18 06:50:00-07,-77.056986,38.8609442
SkipDC-352897091279920,"",2019-02-18 06:49:55-07,SkipDC,electric-scooter,2019-02-18 06:50:00-07,-77.0541933,38.86216
SkipDC-352897091382500,"",2019-02-18 06:49:55-07,SkipDC,electric-scooter,2019-02-18 06:50:00-07,-77.05404,38.8620867
SkipDC-352897091456387,"",2019-02-18 06:49:55-07,SkipDC,electric-scooter,2019-02-18 06:50:00-07,-77.053755,38.8617883
SkipDC-352897091381304,"",2019-02-18 06:49:55-07,SkipDC,electric-scooter,2019-02-18 06:50:00-07,-77.0543133,38.8629517
SkipDC-352897091432180,"",2019-02-18 06:49:55-07,SkipDC,electric-scooter,2019-02-18 06:50:00-07,-77.0558917,38.8611667
SkipDC-352897091267024,"",2019-02-18 06:49:55-07,SkipDC,electric-scooter,2019-02-18 06:50:00-07,-77.0565167,38.86273
SkipDC-352897091349905,"",2019-02-18 06:49:55-07,SkipDC,electric-scooter,2019-02-18 06:50:00-07,-77.056755,38.8628833
SkipDC-352897091297641,"",2019-02-18 06:49:55-07,SkipDC,electric-scooter,2019-02-18 06:50:00-07,-77.0533133,38.863075
SkipDC-352897091315427,"",2019-02-18 06:49:55-07,SkipDC,electric-scooter,2019-02-18 06:50:00-07,-77.0519267,38.8637217
SkipDC-352897091327083,"",2019-02-18 06:49:55-07,SkipDC,electric-scooter,2019-02-18 06:50:00-07,-77.04975,38.8615267
SkipDC-352897091426547,"",2019-02-18 06:49:55-07,SkipDC,electric-scooter,2019-02-18 06:50:00-07,-77.1055117,38.87384
SkipDC-352897091456122,"",2019-02-18 06:49:55-07,SkipDC,electric-scooter,2019-02-18 06:50:00-07,-77.1054674,38.8738549
SkipDC-352897091306384,"",2019-02-18 06:49:55-07,SkipDC,electric-scooter,2019-02-18 06:50:00-07,-77.0177233,38.8725683
SkipDC-352897091390362,"",2019-02-18 06:49:55-07,SkipDC,electric-scooter,2019-02-18 06:50:00-07,-77.0132417,38.872495
SkipDC-352897091458029,"",2019-02-18 06:49:55-07,SkipDC,electric-scooter,2019-02-18 06:50:00-07,-77.01127,38.8720133
SkipDC-352897091343023,"",2019-02-18 06:49:55-07,SkipDC,electric-scooter,2019-02-18 06:50:00-07,-77.00627,38.87167
SkipDC-352897091390248,"",2019-02-18 06:49:55-07,SkipDC,electric-scooter,2019-02-18 06:50:00-07,-77.005979,38.8723954
SkipDC-352897091426505,"",2019-02-18 06:49:55-07,SkipDC,electric-scooter,2019-02-18 06:50:00-07,-77.0007433,38.8736867
SkipDC-352897091289382,"",2019-02-18 06:49:55-07,SkipDC,electric-scooter,2019-02-18 06:50:00-07,-76.9749417,38.8723683
SkipDC-352897091346141,"",2019-02-18 06:49:55-07,SkipDC,electric-scooter,2019-02-18 06:50:00-07,-77.119405,38.878075
SkipDC-352897091356462,"",2019-02-18 06:49:55-07,SkipDC,electric-scooter,2019-02-18 06:50:00-07,-77.0201317,38.8757817
SkipDC-352897091453442,"",2019-02-18 06:49:55-07,SkipDC,electric-scooter,2019-02-18 06:50:00-07,-77.0212567,38.8770333
JumpDC-bike_23188,JUMP DC-2497,2019-02-18 06:49:35-07,JumpDC,pedal-assist-bike,2019-02-18 06:50:00-07,-77.0219366666667,38.877665
SkipDC-352897091422348,"",2019-02-18 06:49:55-07,SkipDC,electric-scooter,2019-02-18 06:50:00-07,-77.0106141,38.875014
SkipDC-352897091288707,"",2019-02-18 06:49:55-07,SkipDC,electric-scooter,2019-02-18 06:50:00-07,-77.0062154,38.8745765
SkipDC-352897091339120,"",2019-02-18 06:49:55-07,SkipDC,electric-scooter,2019-02-18 06:50:00-07,-77.0004333,38.874975
JumpDC-bike_23637,JUMP DC-2672,2019-02-18 06:49:35-07,JumpDC,pedal-assist-bike,2019-02-18 06:50:00-07,-77.0043433333333,38.8753
SkipDC-352897091280449,"",2019-02-18 06:49:55-07,SkipDC,electric-scooter,2019-02-18 06:50:00-07,-77.0019817,38.8750367
SkipDC-352897091327687,"",2019-02-18 06:49:55-07,SkipDC,electric-scooter,2019-02-18 06:50:00-07,-77.000505,38.8749833
SkipDC-352897091298383,"",2019-02-18 06:49:55-07,SkipDC,electric-scooter,2019-02-18 06:50:00-07,-77.0012839,38.8777401
SkipDC-352897091379621,"",2019-02-18 06:49:55-07,SkipDC,electric-scooter,2019-02-18 06:50:00-07,-77.0006367,38.8760983
SkipDC-352897091279581,"",2019-02-18 06:49:55-07,SkipDC,electric-scooter,2019-02-18 06:50:00-07,-77.0004436,38.8762447
SkipDC-352897091285844,"",2019-02-18 06:49:55-07,SkipDC,electric-scooter,2019-02-18 06:50:00-07,-77.000439,38.8762851
SkipDC-352897091333529,"",2019-02-18 06:49:55-07,SkipDC,electric-scooter,2019-02-18 06:50:00-07,-77.0003521,38.8766094
JumpDC-bike_23658,JUMP DC-2693,2019-02-18 06:49:35-07,JumpDC,pedal-assist-bike,2019-02-18 06:50:00-07,-77.0010066666667,38.87512
SkipDC-352897091326788,"",2019-02-18 06:49:55-07,SkipDC,electric-scooter,2019-02-18 06:50:00-07,-77.0043814,38.8771319
SkipDC-352897091409022,"",2019-02-18 06:49:55-07,SkipDC,electric-scooter,2019-02-18 06:50:00-07,-77.0007317,38.8760333
JumpDC-bike_23696,JUMP DC-2731,2019-02-18 06:49:35-07,JumpDC,pedal-assist-bike,2019-02-18 06:50:00-07,-77.0007866666667,38.8749966666667
JumpDC-bike_23171,JUMP DC-2480,2019-02-18 06:49:35-07,JumpDC,pedal-assist-bike,2019-02-18 06:50:00-07,-77.0003816666667,38.8749833333333
SkipDC-352897091351869,"",2019-02-18 06:49:55-07,SkipDC,electric-scooter,2019-02-18 06:50:00-07,-77.000705,38.8760867
SkipDC-352897091302706,"",2019-02-18 06:49:55-07,SkipDC,electric-scooter,2019-02-18 06:50:00-07,-76.9947897,38.877473
SkipDC-352897091408743,"",2019-02-18 06:49:55-07,SkipDC,electric-scooter,2019-02-18 06:50:00-07,-76.9951042,38.8778098
SkipDC-352897091437643,"",2019-02-18 06:49:55-07,SkipDC,electric-scooter,2019-02-18 06:50:00-07,-76.9948623,38.8772076
SkipDC-352897091288582,"",2019-02-18 06:49:55-07,SkipDC,electric-scooter,2019-02-18 06:50:00-07,-76.9937267,38.8766183
SkipDC-352897091277981,"",2019-02-18 06:49:55-07,SkipDC,electric-scooter,2019-02-18 06:50:00-07,-77.114385,38.8818983
SkipDC-352897091329428,"",2019-02-18 06:49:55-07,SkipDC,electric-scooter,2019-02-18 06:50:00-07,-77.111892,38.8813827
SkipDC-352897091426042,"",2019-02-18 06:49:55-07,SkipDC,electric-scooter,2019-02-18 06:50:00-07,-77.1128632,38.8825659
SkipDC-352897091313083,"",2019-02-18 06:49:55-07,SkipDC,electric-scooter,2019-02-18 06:50:00-07,-77.1150144,38.8806604
SkipDC-352897091379522,"",2019-02-18 06:49:55-07,SkipDC,electric-scooter,2019-02-18 06:50:00-07,-77.1148667,38.8808717
SkipDC-352897091350762,"",2019-02-18 06:49:55-07,SkipDC,electric-scooter,2019-02-18 06:50:00-07,-77.1147667,38.880835
SkipDC-352897091302300,"",2019-02-18 06:49:55-07,SkipDC,electric-scooter,2019-02-18 06:50:00-07,-77.1143367,38.8811467
SkipDC-352897091273287,"",2019-02-18 06:49:55-07,SkipDC,electric-scooter,2019-02-18 06:50:00-07,-77.1125201,38.8821713
SkipDC-352897091302482,"",2019-02-18 06:49:55-07,SkipDC,electric-scooter,2019-02-18 06:50:00-07,-77.114695,38.879715
SkipDC-352897091351844,"",2019-02-18 06:49:55-07,SkipDC,electric-scooter,2019-02-18 06:50:00-07,-77.11504,38.8806217
SkipDC-352897091429145,"",2019-02-18 06:49:55-07,SkipDC,electric-scooter,2019-02-18 06:50:00-07,-77.1147367,38.8809167
SkipDC-352897091338007,"",2019-02-18 06:49:55-07,SkipDC,electric-scooter,2019-02-18 06:50:00-07,-77.1117248,38.8812804
SkipDC-352897091356082,"",2019-02-18 06:49:55-07,SkipDC,electric-scooter,2019-02-18 06:50:00-07,-77.1111617,38.8823367
SkipDC-352897091385560,"",2019-02-18 06:49:55-07,SkipDC,electric-scooter,2019-02-18 06:50:00-07,-77.10834,38.8817033
SkipDC-352897091295942,"",2019-02-18 06:49:55-07,SkipDC,electric-scooter,2019-02-18 06:50:00-07,-77.10912,38.88255
SkipDC-352897091429723,"",2019-02-18 06:49:55-07,SkipDC,electric-scooter,2019-02-18 06:50:00-07,-77.11152,38.8812717
SkipDC-352897091379324,"",2019-02-18 06:49:55-07,SkipDC,electric-scooter,2019-02-18 06:50:00-07,-77.10926,38.881115
SkipDC-352897091391808,"",2019-02-18 06:49:55-07,SkipDC,electric-scooter,2019-02-18 06:50:00-07,-77.1080483,38.8814933
SkipDC-352897091434947,"",2019-02-18 06:49:55-07,SkipDC,electric-scooter,2019-02-18 06:50:00-07,-77.1095567,38.8826833
SkipDC-352897091304421,"",2019-02-18 06:49:55-07,SkipDC,electric-scooter,2019-02-18 06:50:00-07,-77.1081527,38.8822392
SkipDC-352897091385206,"",2019-02-18 06:49:55-07,SkipDC,electric-scooter,2019-02-18 06:50:00-07,-76.9837127,38.8784291
SkipDC-352897091434905,"",2019-02-18 06:49:55-07,SkipDC,electric-scooter,2019-02-18 06:50:00-07,-76.983573,38.8801466
SkipDC-352897091356645,"",2019-02-18 06:49:55-07,SkipDC,electric-scooter,2019-02-18 06:50:00-07,-77.1200377,38.8840743
SkipDC-352897091380561,"",2019-02-18 06:49:55-07,SkipDC,electric-scooter,2019-02-18 06:50:00-07,-77.1201333,38.8840983
SkipDC-352897091306269,"",2019-02-18 06:49:55-07,SkipDC,electric-scooter,2019-02-18 06:50:00-07,-77.1086667,38.8837933
SkipDC-352897091391980,"",2019-02-18 06:49:55-07,SkipDC,electric-scooter,2019-02-18 06:50:00-07,-77.1038833,38.8871683
SkipDC-352897091279284,"",2019-02-18 06:49:55-07,SkipDC,electric-scooter,2019-02-18 06:50:00-07,-77.0966217,38.8871733
SkipDC-352897091288640,"",2019-02-18 06:49:55-07,SkipDC,electric-scooter,2019-02-18 06:50:00-07,-77.092875,38.8846667
SkipDC-352897091461544,"",2019-02-18 06:49:55-07,SkipDC,electric-scooter,2019-02-18 06:50:00-07,-77.0930487,38.8847636
SkipDC-352897091444623,"",2019-02-18 06:49:55-07,SkipDC,electric-scooter,2019-02-18 06:50:00-07,-77.0930483,38.8846917
SkipDC-352897091407265,"",2019-02-18 06:49:55-07,SkipDC,electric-scooter,2019-02-18 06:50:00-07,-77.0929983,38.8846833
SkipDC-352897091458524,"",2019-02-18 06:49:55-07,SkipDC,electric-scooter,2019-02-18 06:50:00-07,-77.0929517,38.884665
SkipDC-352897091428022,"",2019-02-18 06:49:55-07,SkipDC,electric-scooter,2019-02-18 06:50:00-07,-77.0846083,38.887135
SkipDC-352897090523286,"",2019-02-18 06:49:55-07,SkipDC,electric-scooter,2019-02-18 06:50:00-07,-77.0458967,38.88312
SkipDC-352897091350408,"",2019-02-18 06:49:55-07,SkipDC,electric-scooter,2019-02-18 06:50:00-07,-77.04428,38.8860583
SkipDC-352897091406382,"",2019-02-18 06:49:55-07,SkipDC,electric-scooter,2019-02-18 06:50:00-07,-77.0376283,38.886875
SkipDC-352897091278302,"",2019-02-18 06:49:55-07,SkipDC,electric-scooter,2019-02-18 06:50:00-07,-77.0375561,38.8873467
SkipDC-352897090558449,"",2019-02-18 06:49:55-07,SkipDC,electric-scooter,2019-02-18 06:50:00-07,-77.0310167,38.8832133
JumpDC-bike_23623,JUMP DC-2658,2019-02-18 06:49:35-07,JumpDC,pedal-assist-bike,2019-02-18 06:50:00-07,-77.0338883333333,38.886595
JumpDC-bike_23656,JUMP DC-2691 ,2019-02-18 06:49:35-07,JumpDC,pedal-assist-bike,2019-02-18 06:50:00-07,-77.02824,38.88646
JumpDC-bike_23163,JUMP DC-2472,2019-02-18 06:49:35-07,JumpDC,pedal-assist-bike,2019-02-18 06:50:00-07,-77.0282283333333,38.885315
SkipDC-352897091428485,"",2019-02-18 06:49:55-07,SkipDC,electric-scooter,2019-02-18 06:50:00-07,-77.0256358,38.886574
SkipDC-352897091268543,"",2019-02-18 06:49:55-07,SkipDC,electric-scooter,2019-02-18 06:50:00-07,-77.0245933,38.8850867
SkipDC-352897091287444,"",2019-02-18 06:49:55-07,SkipDC,electric-scooter,2019-02-18 06:50:00-07,-77.0221297,38.8837602
SkipDC-352897091346240,"",2019-02-18 06:49:55-07,SkipDC,electric-scooter,2019-02-18 06:50:00-07,-77.0200833,38.8857017
SkipDC-352897091378862,"",2019-02-18 06:49:55-07,SkipDC,electric-scooter,2019-02-18 06:50:00-07,-77.0200114,38.886203
SkipDC-352897091453541,"",2019-02-18 06:49:55-07,SkipDC,electric-scooter,2019-02-18 06:50:00-07,-77.0195933,38.886295
SkipDC-352897091320906,"",2019-02-18 06:49:55-07,SkipDC,electric-scooter,2019-02-18 06:50:00-07,-77.006765,38.88395
JumpDC-bike_16634,JUMP DC-0226,2019-02-18 06:49:35-07,JumpDC,pedal-assist-bike,2019-02-18 06:50:00-07,-77.0078783333333,38.8862433333333
SkipDC-352897091382120,"",2019-02-18 06:49:55-07,SkipDC,electric-scooter,2019-02-18 06:50:00-07,-77.0035323,38.8860007
SkipDC-352897091299720,"",2019-02-18 06:49:55-07,SkipDC,electric-scooter,2019-02-18 06:50:00-07,-77.0035727,38.8861195
SkipDC-352897091435001,"",2019-02-18 06:49:55-07,SkipDC,electric-scooter,2019-02-18 06:50:00-07,-77.0035617,38.8863633
SkipDC-352897091351281,"",2019-02-18 06:49:55-07,SkipDC,electric-scooter,2019-02-18 06:50:00-07,-77.0031902,38.8862325
SkipDC-352897091426489,"",2019-02-18 06:49:55-07,SkipDC,electric-scooter,2019-02-18 06:50:00-07,-77.0049467,38.8832417
SkipDC-352897091428709,"",2019-02-18 06:49:55-07,SkipDC,electric-scooter,2019-02-18 06:50:00-07,-77.0048933,38.8833517
SkipDC-352897091387681,"",2019-02-18 06:49:55-07,SkipDC,electric-scooter,2019-02-18 06:50:00-07,-77.0010894,38.8866196
SkipDC-352897091321300,"",2019-02-18 06:49:55-07,SkipDC,electric-scooter,2019-02-18 06:50:00-07,-77.0010133,38.886765
SkipDC-352897091340789,"",2019-02-18 06:49:55-07,SkipDC,electric-scooter,2019-02-18 06:50:00-07,-77.0004958,38.8847188
SkipDC-352897091298185,"",2019-02-18 06:49:55-07,SkipDC,electric-scooter,2019-02-18 06:50:00-07,-77.0023194,38.8852079
SkipDC-352897091327521,"",2019-02-18 06:49:55-07,SkipDC,electric-scooter,2019-02-18 06:50:00-07,-76.9975279,38.886931
JumpDC-bike_23471,JUMP DC-2606,2019-02-18 06:49:35-07,JumpDC,pedal-assist-bike,2019-02-18 06:50:00-07,-76.99597,38.8842783333333
JumpDC-bike_23462,JUMP DC-2597,2019-02-18 06:49:35-07,JumpDC,pedal-assist-bike,2019-02-18 06:50:00-07,-76.9959,38.884285
JumpDC-bike_23647,JUMP DC-2682,2019-02-18 06:49:35-07,JumpDC,pedal-assist-bike,2019-02-18 06:50:00-07,-76.995965,38.884215
SkipDC-352897091435787,"",2019-02-18 06:49:55-07,SkipDC,electric-scooter,2019-02-18 06:50:00-07,-76.9960036,38.8839244
SkipDC-352897091310683,"",2019-02-18 06:49:55-07,SkipDC,electric-scooter,2019-02-18 06:50:00-07,-76.9959017,38.885225
SkipDC-352897091274020,"",2019-02-18 06:49:55-07,SkipDC,electric-scooter,2019-02-18 06:50:00-07,-76.9917367,38.886055
SkipDC-352897091433584,"",2019-02-18 06:49:55-07,SkipDC,electric-scooter,2019-02-18 06:50:00-07,-76.9916864,38.8832054
SkipDC-352897091381585,"",2019-02-18 06:49:55-07,SkipDC,electric-scooter,2019-02-18 06:50:00-07,-76.9775033,38.886095
SkipDC-352897091339146,"",2019-02-18 06:49:55-07,SkipDC,electric-scooter,2019-02-18 06:50:00-07,-76.977717,38.8834641
JumpDC-bike_23473,JUMP DC-2608,2019-02-18 06:49:35-07,JumpDC,pedal-assist-bike,2019-02-18 06:50:00-07,-76.9536766666667,38.88561
SkipDC-352897091454101,"",2019-02-18 06:49:55-07,SkipDC,electric-scooter,2019-02-18 06:50:00-07,-77.0741027,38.8881819
SkipDC-352897090502744,"",2019-02-18 06:49:55-07,SkipDC,electric-scooter,2019-02-18 06:50:00-07,-77.0760531,38.8916702
SkipDC-352897091272289,"",2019-02-18 06:49:55-07,SkipDC,electric-scooter,2019-02-18 06:50:00-07,-77.0752167,38.8917183
SkipDC-352897091380504,"",2019-02-18 06:49:55-07,SkipDC,electric-scooter,2019-02-18 06:50:00-07,-77.076415,38.8910017
SkipDC-352897091380223,"",2019-02-18 06:49:55-07,SkipDC,electric-scooter,2019-02-18 06:50:00-07,-77.0396283,38.8906233
SkipDC-352897091427529,"",2019-02-18 06:49:55-07,SkipDC,electric-scooter,2019-02-18 06:50:00-07,-77.0339033,38.8902083
SkipDC-352897091428683,"",2019-02-18 06:49:55-07,SkipDC,electric-scooter,2019-02-18 06:50:00-07,-77.0338583,38.8901933
SkipDC-352897091448020,"",2019-02-18 06:49:55-07,SkipDC,electric-scooter,2019-02-18 06:50:00-07,-77.03304,38.890315
SkipDC-352897091454523,"",2019-02-18 06:49:55-07,SkipDC,electric-scooter,2019-02-18 06:50:00-07,-77.0319457,38.8909649
SkipDC-352897091429368,"",2019-02-18 06:49:55-07,SkipDC,electric-scooter,2019-02-18 06:50:00-07,-77.0285883,38.8888217
SkipDC-352897091433964,"",2019-02-18 06:49:55-07,SkipDC,electric-scooter,2019-02-18 06:50:00-07,-77.028035,38.889145
JumpDC-bike_23672,JUMP DC-2707,2019-02-18 06:49:35-07,JumpDC,pedal-assist-bike,2019-02-18 06:50:00-07,-77.02358,38.8874466666667
SkipDC-352897091412729,"",2019-02-18 06:49:55-07,SkipDC,electric-scooter,2019-02-18 06:50:00-07,-77.0198183,38.8874883
SkipDC-352897091432982,"",2019-02-18 06:49:55-07,SkipDC,electric-scooter,2019-02-18 06:50:00-07,-77.0209717,38.8889117
SkipDC-352897091310543,"",2019-02-18 06:49:55-07,SkipDC,electric-scooter,2019-02-18 06:50:00-07,-77.015348,38.8885221
SkipDC-352897091331101,"",2019-02-18 06:49:55-07,SkipDC,electric-scooter,2019-02-18 06:50:00-07,-77.0127083,38.8887517
SkipDC-352897091429285,"",2019-02-18 06:49:55-07,SkipDC,electric-scooter,2019-02-18 06:50:00-07,-77.0127067,38.8888217
SkipDC-352897091275126,"",2019-02-18 06:49:55-07,SkipDC,electric-scooter,2019-02-18 06:50:00-07,-77.012585,38.8888933
SkipDC-352897091386022,"",2019-02-18 06:49:55-07,SkipDC,electric-scooter,2019-02-18 06:50:00-07,-77.0123233,38.889605
SkipDC-352897091453145,"",2019-02-18 06:49:55-07,SkipDC,electric-scooter,2019-02-18 06:50:00-07,-77.00811,38.89112
SkipDC-352897091389927,"",2019-02-18 06:49:55-07,SkipDC,electric-scooter,2019-02-18 06:50:00-07,-77.0061,38.89127
SkipDC-352897091351703,"",2019-02-18 06:49:55-07,SkipDC,electric-scooter,2019-02-18 06:50:00-07,-77.0058858,38.8914862
SkipDC-352897091338247,"",2019-02-18 06:49:55-07,SkipDC,electric-scooter,2019-02-18 06:50:00-07,-77.0035217,38.8874433
SkipDC-352897091302722,"",2019-02-18 06:49:55-07,SkipDC,electric-scooter,2019-02-18 06:50:00-07,-77.0055989,38.8914182
SkipDC-352897091398563,"",2019-02-18 06:49:55-07,SkipDC,electric-scooter,2019-02-18 06:50:00-07,-76.9989124,38.8875858
SkipDC-352897091267982,"",2019-02-18 06:49:55-07,SkipDC,electric-scooter,2019-02-18 06:50:00-07,-76.9980627,38.8876361
SkipDC-352897091298045,"",2019-02-18 06:49:55-07,SkipDC,electric-scooter,2019-02-18 06:50:00-07,-76.9961592,38.887788
JumpDC-bike_23441,JUMP DC-2576,2019-02-18 06:49:35-07,JumpDC,pedal-assist-bike,2019-02-18 06:50:00-07,-76.991465,38.8896416666667
SkipDC-352897091271687,"",2019-02-18 06:49:55-07,SkipDC,electric-scooter,2019-02-18 06:50:00-07,-76.9917095,38.8888634
JumpDC-bike_18877,JUMP DC-0836,2019-02-18 06:49:35-07,JumpDC,pedal-assist-bike,2019-02-18 06:50:00-07,-76.9915116666667,38.88986
SkipDC-352897091387020,"",2019-02-18 06:49:55-07,SkipDC,electric-scooter,2019-02-18 06:50:00-07,-77.0746917,38.8940617
SkipDC-352897091344328,"",2019-02-18 06:49:55-07,SkipDC,electric-scooter,2019-02-18 06:50:00-07,-77.0738833,38.8950833
SkipDC-352897091409782,"",2019-02-18 06:49:55-07,SkipDC,electric-scooter,2019-02-18 06:50:00-07,-77.071625,38.896375
SkipDC-352897091380140,"",2019-02-18 06:49:55-07,SkipDC,electric-scooter,2019-02-18 06:50:00-07,-77.07528,38.89204
SkipDC-352897091345762,"",2019-02-18 06:49:55-07,SkipDC,electric-scooter,2019-02-18 06:50:00-07,-77.0764217,38.893485
SkipDC-352897091286925,"",2019-02-18 06:49:55-07,SkipDC,electric-scooter,2019-02-18 06:50:00-07,-77.075365,38.8939667
SkipDC-352897091462625,"",2019-02-18 06:49:55-07,SkipDC,electric-scooter,2019-02-18 06:50:00-07,-77.0752983,38.8939433
SkipDC-352897091278567,"",2019-02-18 06:49:55-07,SkipDC,electric-scooter,2019-02-18 06:50:00-07,-77.0709417,38.8932783
SkipDC-352897091451941,"",2019-02-18 06:49:55-07,SkipDC,electric-scooter,2019-02-18 06:50:00-07,-77.0764417,38.8935
SkipDC-352897091429566,"",2019-02-18 06:49:55-07,SkipDC,electric-scooter,2019-02-18 06:50:00-07,-77.0763867,38.8935
SkipDC-352897091293145,"",2019-02-18 06:49:55-07,SkipDC,electric-scooter,2019-02-18 06:50:00-07,-77.0698393,38.8920856
JumpDC-bike_23690,JUMP DC-2725,2019-02-18 06:49:35-07,JumpDC,pedal-assist-bike,2019-02-18 06:50:00-07,-77.0478183333333,38.893665
JumpDC-bike_23414,JUMP DC-2549,2019-02-18 06:49:35-07,JumpDC,pedal-assist-bike,2019-02-18 06:50:00-07,-77.0488733333333,38.8923
SkipDC-352897091306723,"",2019-02-18 06:49:55-07,SkipDC,electric-scooter,2019-02-18 06:50:00-07,-77.0502967,38.896165
SkipDC-352897091338924,"",2019-02-18 06:49:55-07,SkipDC,electric-scooter,2019-02-18 06:50:00-07,-77.0505296,38.8962438
SkipDC-352897091411861,"",2019-02-18 06:49:55-07,SkipDC,electric-scooter,2019-02-18 06:50:00-07,-77.0416383,38.8948933
JumpDC-bike_18862,JUMP DC-0821,2019-02-18 06:49:35-07,JumpDC,pedal-assist-bike,2019-02-18 06:50:00-07,-77.0331716666667,38.8922516666667
SkipDC-352897091437627,"",2019-02-18 06:49:55-07,SkipDC,electric-scooter,2019-02-18 06:50:00-07,-77.0335,38.8920933
SkipDC-352897091300445,"",2019-02-18 06:49:55-07,SkipDC,electric-scooter,2019-02-18 06:50:00-07,-77.0335033,38.8957967
SkipDC-352897091304926,"",2019-02-18 06:49:55-07,SkipDC,electric-scooter,2019-02-18 06:50:00-07,-77.0295338,38.8962551
SkipDC-352897091327349,"",2019-02-18 06:49:55-07,SkipDC,electric-scooter,2019-02-18 06:50:00-07,-77.0332379,38.8919986
SkipDC-352897091290109,"",2019-02-18 06:49:55-07,SkipDC,electric-scooter,2019-02-18 06:50:00-07,-77.0309903,38.896188
SkipDC-352897091427065,"",2019-02-18 06:49:55-07,SkipDC,electric-scooter,2019-02-18 06:50:00-07,-77.0197113,38.8942936
SkipDC-352897091340565,"",2019-02-18 06:49:55-07,SkipDC,electric-scooter,2019-02-18 06:50:00-07,-77.021935,38.8963867
SkipDC-352897091406242,"",2019-02-18 06:49:55-07,SkipDC,electric-scooter,2019-02-18 06:50:00-07,-77.0184829,38.8941903
SkipDC-352897091433808,"",2019-02-18 06:49:55-07,SkipDC,electric-scooter,2019-02-18 06:50:00-07,-77.01159,38.8932667
SkipDC-352897091462864,"",2019-02-18 06:49:55-07,SkipDC,electric-scooter,2019-02-18 06:50:00-07,-77.0109867,38.89529
SkipDC-352897091379423,"",2019-02-18 06:49:55-07,SkipDC,electric-scooter,2019-02-18 06:50:00-07,-77.00031,38.8920517
SkipDC-352897091279326,"",2019-02-18 06:49:55-07,SkipDC,electric-scooter,2019-02-18 06:50:00-07,-77.0002486,38.8921186
SkipDC-352897091460165,"",2019-02-18 06:49:55-07,SkipDC,electric-scooter,2019-02-18 06:50:00-07,-77.0005548,38.8954592
SkipDC-352897091389406,"",2019-02-18 06:49:55-07,SkipDC,electric-scooter,2019-02-18 06:50:00-07,-76.9995426,38.894936
SkipDC-352897091272842,"",2019-02-18 06:49:55-07,SkipDC,electric-scooter,2019-02-18 06:50:00-07,-76.994325,38.895635
SkipDC-352897091458821,"",2019-02-18 06:49:55-07,SkipDC,electric-scooter,2019-02-18 06:50:00-07,-76.9922074,38.8963639
SkipDC-352897091426026,"",2019-02-18 06:49:55-07,SkipDC,electric-scooter,2019-02-18 06:50:00-07,-76.9916206,38.8953263
SkipDC-352897091437502,"",2019-02-18 06:49:55-07,SkipDC,electric-scooter,2019-02-18 06:50:00-07,-76.9864036,38.8934884
SkipDC-352897091330541,"",2019-02-18 06:49:55-07,SkipDC,electric-scooter,2019-02-18 06:50:00-07,-76.9863631,38.8945512
SkipDC-352897091448061,"",2019-02-18 06:49:55-07,SkipDC,electric-scooter,2019-02-18 06:50:00-07,-76.9848333,38.8948467
SkipDC-352897090451322,"",2019-02-18 06:49:55-07,SkipDC,electric-scooter,2019-02-18 06:50:00-07,-76.9787967,38.8935667
SkipDC-352897091444565,"",2019-02-18 06:49:55-07,SkipDC,electric-scooter,2019-02-18 06:50:00-07,-76.9774475,38.8963018
SkipDC-352897091429863,"",2019-02-18 06:49:55-07,SkipDC,electric-scooter,2019-02-18 06:50:00-07,-76.9492917,38.895415
SkipDC-352897091339047,"",2019-02-18 06:49:55-07,SkipDC,electric-scooter,2019-02-18 06:50:00-07,-76.948425,38.89585
SkipDC-352897091390487,"",2019-02-18 06:49:55-07,SkipDC,electric-scooter,2019-02-18 06:50:00-07,-76.9515232,38.8927266
SkipDC-352897091434723,"",2019-02-18 06:49:55-07,SkipDC,electric-scooter,2019-02-18 06:50:00-07,-76.9515232,38.8927266
SkipDC-352897091398787,"",2019-02-18 06:49:55-07,SkipDC,electric-scooter,2019-02-18 06:50:00-07,-76.9502504,38.8937
SkipDC-352897091408149,"",2019-02-18 06:49:55-07,SkipDC,electric-scooter,2019-02-18 06:50:00-07,-76.9497721,38.8938767
SkipDC-352897091389042,"",2019-02-18 06:49:55-07,SkipDC,electric-scooter,2019-02-18 06:50:00-07,-76.9381267,38.89603
SkipDC-352897091327265,"",2019-02-18 06:49:55-07,SkipDC,electric-scooter,2019-02-18 06:50:00-07,-77.07376,38.896495
SkipDC-352897091356140,"",2019-02-18 06:49:55-07,SkipDC,electric-scooter,2019-02-18 06:50:00-07,-77.0731467,38.8967217
SkipDC-352897091380108,"",2019-02-18 06:49:55-07,SkipDC,electric-scooter,2019-02-18 06:50:00-07,-77.011925,38.9005133
SkipDC-352897091274764,"",2019-02-18 06:49:55-07,SkipDC,electric-scooter,2019-02-18 06:50:00-07,-77.0157467,38.8997967
JumpDC-bike_23169,JUMP DC-2478,2019-02-18 06:49:35-07,JumpDC,pedal-assist-bike,2019-02-18 06:50:00-07,-77.00491,38.896825
SkipDC-352897091457187,"",2019-02-18 06:49:55-07,SkipDC,electric-scooter,2019-02-18 06:50:00-07,-77.0048666,38.8969175
SkipDC-352897091275084,"",2019-02-18 06:49:55-07,SkipDC,electric-scooter,2019-02-18 06:50:00-07,-77.0021617,38.9008217
JumpDC-bike_23489,JUMP DC-2624,2019-02-18 06:49:35-07,JumpDC,pedal-assist-bike,2019-02-18 06:50:00-07,-77.0048766666667,38.89689
JumpDC-bike_23205,JUMP DC-2514,2019-02-18 06:49:35-07,JumpDC,pedal-assist-bike,2019-02-18 06:50:00-07,-76.994955,38.8999916666667
SkipDC-352897091346380,"",2019-02-18 06:49:55-07,SkipDC,electric-scooter,2019-02-18 06:50:00-07,-76.9982584,38.900308
SkipDC-352897091295009,"",2019-02-18 06:49:55-07,SkipDC,electric-scooter,2019-02-18 06:50:00-07,-76.9982433,38.9003033
SkipDC-352897091304868,"",2019-02-18 06:49:55-07,SkipDC,electric-scooter,2019-02-18 06:50:00-07,-76.997607,38.9001837
JumpDC-bike_16501,JUMP DC-0188,2019-02-18 06:49:35-07,JumpDC,pedal-assist-bike,2019-02-18 06:50:00-07,-76.9962783333333,38.898505
JumpDC-bike_23216,JUMP DC-2525,2019-02-18 06:49:35-07,JumpDC,pedal-assist-bike,2019-02-18 06:50:00-07,-76.9984133333333,38.90006
JumpDC-bike_23425,JUMP DC-2560,2019-02-18 06:49:35-07,JumpDC,pedal-assist-bike,2019-02-18 06:50:00-07,-76.998195,38.9000883333333
SkipDC-352897091438120,"",2019-02-18 06:49:55-07,SkipDC,electric-scooter,2019-02-18 06:50:00-07,-76.997345,38.900315
SkipDC-352897091426984,"",2019-02-18 06:49:55-07,SkipDC,electric-scooter,2019-02-18 06:50:00-07,-76.9973017,38.9001933
SkipDC-352897091408982,"",2019-02-18 06:49:55-07,SkipDC,electric-scooter,2019-02-18 06:50:00-07,-76.9972733,38.9002367
SkipDC-352897091432321,"",2019-02-18 06:49:55-07,SkipDC,electric-scooter,2019-02-18 06:50:00-07,-76.9961671,38.9003422
SkipDC-352897091388143,"",2019-02-18 06:49:55-07,SkipDC,electric-scooter,2019-02-18 06:50:00-07,-76.9983133,38.9002983
SkipDC-352897091352065,"",2019-02-18 06:49:55-07,SkipDC,electric-scooter,2019-02-18 06:50:00-07,-76.997106,38.900277
JumpDC-bike_23440,JUMP DC-2575,2019-02-18 06:49:35-07,JumpDC,pedal-assist-bike,2019-02-18 06:50:00-07,-76.9963166666667,38.9000566666667
JumpDC-bike_23453,JUMP DC-2588  ,2019-02-18 06:49:35-07,JumpDC,pedal-assist-bike,2019-02-18 06:50:00-07,-76.998035,38.899895
SkipDC-352897091323223,"",2019-02-18 06:49:55-07,SkipDC,electric-scooter,2019-02-18 06:50:00-07,-76.9994422,38.8999934
SkipDC-352897091345309,"",2019-02-18 06:49:55-07,SkipDC,electric-scooter,2019-02-18 06:50:00-07,-76.99968,38.9001567
SkipDC-352897091334766,"",2019-02-18 06:49:55-07,SkipDC,electric-scooter,2019-02-18 06:50:00-07,-76.9994718,38.9008431
SkipDC-352897091428402,"",2019-02-18 06:49:55-07,SkipDC,electric-scooter,2019-02-18 06:50:00-07,-76.9982816,38.9002423
SkipDC-352897091386220,"",2019-02-18 06:49:55-07,SkipDC,electric-scooter,2019-02-18 06:50:00-07,-76.9909019,38.8970866
SkipDC-352897091332802,"",2019-02-18 06:49:55-07,SkipDC,electric-scooter,2019-02-18 06:50:00-07,-76.9900475,38.8964411
SkipDC-352897091323207,"",2019-02-18 06:49:55-07,SkipDC,electric-scooter,2019-02-18 06:50:00-07,-76.9910411,38.9001478
SkipDC-352897091456726,"",2019-02-18 06:49:55-07,SkipDC,electric-scooter,2019-02-18 06:50:00-07,-77.0482767,38.9053783
SkipDC-352897091315286,"",2019-02-18 06:49:55-07,SkipDC,electric-scooter,2019-02-18 06:50:00-07,-77.0450783,38.902315
SkipDC-352897091312986,"",2019-02-18 06:49:55-07,SkipDC,electric-scooter,2019-02-18 06:50:00-07,-77.039825,38.9014617
SkipDC-352897091414188,"",2019-02-18 06:49:55-07,SkipDC,electric-scooter,2019-02-18 06:50:00-07,-77.0377767,38.9014783
SkipDC-352897091279482,"",2019-02-18 06:49:55-07,SkipDC,electric-scooter,2019-02-18 06:50:00-07,-77.0402667,38.9041017
SkipDC-352897091427008,"",2019-02-18 06:49:55-07,SkipDC,electric-scooter,2019-02-18 06:50:00-07,-77.0401881,38.9040988
SkipDC-352897091444268,"",2019-02-18 06:49:55-07,SkipDC,electric-scooter,2019-02-18 06:50:00-07,-77.0363267,38.902975
SkipDC-352897090437164,"",2019-02-18 06:49:55-07,SkipDC,electric-scooter,2019-02-18 06:50:00-07,-77.0331983,38.9013067
SkipDC-352897091431323,"",2019-02-18 06:49:55-07,SkipDC,electric-scooter,2019-02-18 06:50:00-07,-77.0318683,38.9038
SkipDC-352897091331606,"",2019-02-18 06:49:55-07,SkipDC,electric-scooter,2019-02-18 06:50:00-07,-77.0326683,38.9046583
SkipDC-352897091407067,"",2019-02-18 06:49:55-07,SkipDC,electric-scooter,2019-02-18 06:50:00-07,-77.0264017,38.9045017
SkipDC-352897091345945,"",2019-02-18 06:49:55-07,SkipDC,electric-scooter,2019-02-18 06:50:00-07,-77.0245393,38.9040475
SkipDC-352897091456320,"",2019-02-18 06:49:55-07,SkipDC,electric-scooter,2019-02-18 06:50:00-07,-77.0244492,38.9041185
SkipDC-352897091453723,"",2019-02-18 06:49:55-07,SkipDC,electric-scooter,2019-02-18 06:50:00-07,-77.0263517,38.902565
SkipDC-352897091390107,"",2019-02-18 06:49:55-07,SkipDC,electric-scooter,2019-02-18 06:50:00-07,-77.0257681,38.9032705
SkipDC-352897091386048,"",2019-02-18 06:49:55-07,SkipDC,electric-scooter,2019-02-18 06:50:00-07,-77.0192977,38.9011462
SkipDC-352897091457328,"",2019-02-18 06:49:55-07,SkipDC,electric-scooter,2019-02-18 06:50:00-07,-77.018125,38.9012117
SkipDC-352897091457146,"",2019-02-18 06:49:55-07,SkipDC,electric-scooter,2019-02-18 06:50:00-07,-77.0182617,38.901375
SkipDC-352897091398266,"",2019-02-18 06:49:55-07,SkipDC,electric-scooter,2019-02-18 06:50:00-07,-77.017645,38.9039067
SkipDC-352897091387921,"",2019-02-18 06:49:55-07,SkipDC,electric-scooter,2019-02-18 06:50:00-07,-77.0171017,38.9053383
SkipDC-352897091351562,"",2019-02-18 06:49:55-07,SkipDC,electric-scooter,2019-02-18 06:50:00-07,-77.0124546,38.9052311
SkipDC-352897091274327,"",2019-02-18 06:49:55-07,SkipDC,electric-scooter,2019-02-18 06:50:00-07,-77.01246,38.9052567
SkipDC-352897091452667,"",2019-02-18 06:49:55-07,SkipDC,electric-scooter,2019-02-18 06:50:00-07,-77.0390333,38.9072117
SkipDC-352897091268840,"",2019-02-18 06:49:55-07,SkipDC,electric-scooter,2019-02-18 06:50:00-07,-77.0400749,38.9084994
SkipDC-352897091433261,"",2019-02-18 06:49:55-07,SkipDC,electric-scooter,2019-02-18 06:50:00-07,-77.0358283,38.907625
JumpDC-bike_23508,JUMP DC-2643,2019-02-18 06:49:35-07,JumpDC,pedal-assist-bike,2019-02-18 06:50:00-07,-77.03372,38.9096383333333
SkipDC-352897091356124,"",2019-02-18 06:49:55-07,SkipDC,electric-scooter,2019-02-18 06:50:00-07,-77.03363,38.9058583
SkipDC-352897091268287,"",2019-02-18 06:49:55-07,SkipDC,electric-scooter,2019-02-18 06:50:00-07,-77.0336133,38.9059
JumpDC-bike_23165,JUMP DC-2474,2019-02-18 06:49:35-07,JumpDC,pedal-assist-bike,2019-02-18 06:50:00-07,-77.0336416666667,38.9098133333333
SkipDC-352897091383862,"",2019-02-18 06:49:55-07,SkipDC,electric-scooter,2019-02-18 06:50:00-07,-77.0335567,38.9058817
SkipDC-352897091462203,"",2019-02-18 06:49:55-07,SkipDC,electric-scooter,2019-02-18 06:50:00-07,-77.0335033,38.9058517
SkipDC-352897091380769,"",2019-02-18 06:49:55-07,SkipDC,electric-scooter,2019-02-18 06:50:00-07,-77.0289217,38.907145
SkipDC-352897091298003,"",2019-02-18 06:49:55-07,SkipDC,electric-scooter,2019-02-18 06:50:00-07,-77.0284983,38.9074033
SkipDC-352897091270788,"",2019-02-18 06:49:55-07,SkipDC,electric-scooter,2019-02-18 06:50:00-07,-77.0269065,38.9079394
SkipDC-352897091293608,"",2019-02-18 06:49:55-07,SkipDC,electric-scooter,2019-02-18 06:50:00-07,-77.0281467,38.9085
SkipDC-352897091459787,"",2019-02-18 06:49:55-07,SkipDC,electric-scooter,2019-02-18 06:50:00-07,-77.0274657,38.9086283
SkipDC-352897091390529,"",2019-02-18 06:49:55-07,SkipDC,electric-scooter,2019-02-18 06:50:00-07,-77.0259867,38.9089167
SkipDC-352897091327166,"",2019-02-18 06:49:55-07,SkipDC,electric-scooter,2019-02-18 06:50:00-07,-77.0246167,38.90632
SkipDC-352897091358120,"",2019-02-18 06:49:55-07,SkipDC,electric-scooter,2019-02-18 06:50:00-07,-77.0242825,38.9072764
SkipDC-352897091276421,"",2019-02-18 06:49:55-07,SkipDC,electric-scooter,2019-02-18 06:50:00-07,-77.0246529,38.9080911
SkipDC-352897091406648,"",2019-02-18 06:49:55-07,SkipDC,electric-scooter,2019-02-18 06:50:00-07,-77.024905,38.9089283
SkipDC-352897091433543,"",2019-02-18 06:49:55-07,SkipDC,electric-scooter,2019-02-18 06:50:00-07,-77.02206,38.906385
SkipDC-352897091350846,"",2019-02-18 06:49:55-07,SkipDC,electric-scooter,2019-02-18 06:50:00-07,-77.0220636,38.9064147
SkipDC-352897091401920,"",2019-02-18 06:49:55-07,SkipDC,electric-scooter,2019-02-18 06:50:00-07,-77.0188586,38.9090046
JumpDC-bike_23629,JUMP DC-2664,2019-02-18 06:49:35-07,JumpDC,pedal-assist-bike,2019-02-18 06:50:00-07,-77.02083,38.9096416666667
SkipDC-352897091386162,"",2019-02-18 06:49:55-07,SkipDC,electric-scooter,2019-02-18 06:50:00-07,-77.0152617,38.9066367
JumpDC-bike_23237,JUMP DC-2546,2019-02-18 06:49:35-07,JumpDC,pedal-assist-bike,2019-02-18 06:50:00-07,-77.01036,38.9096783333333
SkipDC-352897091273089,"",2019-02-18 06:49:55-07,SkipDC,electric-scooter,2019-02-18 06:50:00-07,-77.0100601,38.9078826
SkipDC-352897091345481,"",2019-02-18 06:49:55-07,SkipDC,electric-scooter,2019-02-18 06:50:00-07,-77.0099583,38.9076583
SkipDC-352897091301989,"",2019-02-18 06:49:55-07,SkipDC,electric-scooter,2019-02-18 06:50:00-07,-77.0087652,38.9078625
SkipDC-352897091297427,"",2019-02-18 06:49:55-07,SkipDC,electric-scooter,2019-02-18 06:50:00-07,-77.0103858,38.9086123
SkipDC-352897091272081,"",2019-02-18 06:49:55-07,SkipDC,electric-scooter,2019-02-18 06:50:00-07,-77.0051659,38.9097035
SkipDC-352897091430929,"",2019-02-18 06:49:55-07,SkipDC,electric-scooter,2019-02-18 06:50:00-07,-77.0002783,38.9071333
SkipDC-352897091294820,"",2019-02-18 06:49:55-07,SkipDC,electric-scooter,2019-02-18 06:50:00-07,-77.0004029,38.907222
SkipDC-352897091391824,"",2019-02-18 06:49:55-07,SkipDC,electric-scooter,2019-02-18 06:50:00-07,-77.0002925,38.9071439
SkipDC-352897091386964,"",2019-02-18 06:49:55-07,SkipDC,electric-scooter,2019-02-18 06:50:00-07,-77.0047599,38.9057455
SkipDC-352897091420623,"",2019-02-18 06:49:55-07,SkipDC,electric-scooter,2019-02-18 06:50:00-07,-77.002864,38.9056496
SkipDC-352897091338304,"",2019-02-18 06:49:55-07,SkipDC,electric-scooter,2019-02-18 06:50:00-07,-77.0002517,38.9078817
JumpDC-bike_18843,JUMP DC-0720,2019-02-18 06:49:35-07,JumpDC,pedal-assist-bike,2019-02-18 06:50:00-07,-76.9972566666667,38.90809
JumpDC-bike_16514,JUMP DC-0202,2019-02-18 06:49:35-07,JumpDC,pedal-assist-bike,2019-02-18 06:50:00-07,-76.997165,38.9081516666667
JumpDC-bike_23196,JUMP DC-2505,2019-02-18 06:49:35-07,JumpDC,pedal-assist-bike,2019-02-18 06:50:00-07,-76.9979016666667,38.90857
SkipDC-352897091444920,"",2019-02-18 06:49:55-07,SkipDC,electric-scooter,2019-02-18 06:50:00-07,-76.9947218,38.9063961
SkipDC-352897091389968,"",2019-02-18 06:49:55-07,SkipDC,electric-scooter,2019-02-18 06:50:00-07,-76.9944793,38.9072484
SkipDC-352897091315666,"",2019-02-18 06:49:55-07,SkipDC,electric-scooter,2019-02-18 06:50:00-07,-76.98965,38.90621
SkipDC-352897091359102,"",2019-02-18 06:49:55-07,SkipDC,electric-scooter,2019-02-18 06:50:00-07,-76.9872367,38.90705
JumpDC-bike_23643,JUMP DC-2678,2019-02-18 06:49:35-07,JumpDC,pedal-assist-bike,2019-02-18 06:50:00-07,-76.9525316666667,38.905895
SkipDC-352897091314529,"",2019-02-18 06:49:55-07,SkipDC,electric-scooter,2019-02-18 06:50:00-07,-77.0770883,38.911045
SkipDC-352897091430184,"",2019-02-18 06:49:55-07,SkipDC,electric-scooter,2019-02-18 06:50:00-07,-77.0727567,38.91163
SkipDC-352897091356363,"",2019-02-18 06:49:55-07,SkipDC,electric-scooter,2019-02-18 06:50:00-07,-77.06466,38.910505
SkipDC-352897091279847,"",2019-02-18 06:49:55-07,SkipDC,electric-scooter,2019-02-18 06:50:00-07,-77.06461,38.9120533
SkipDC-352897091288905,"",2019-02-18 06:49:55-07,SkipDC,electric-scooter,2019-02-18 06:50:00-07,-77.0553017,38.9100967
JumpDC-bike_23667,JUMP DC-2702,2019-02-18 06:49:35-07,JumpDC,pedal-assist-bike,2019-02-18 06:50:00-07,-77.046655,38.9116916666667
JumpDC-bike_23493,JUMP DC-2628,2019-02-18 06:49:35-07,JumpDC,pedal-assist-bike,2019-02-18 06:50:00-07,-77.0466183333333,38.9101266666667
SkipDC-352897091272503,"",2019-02-18 06:49:55-07,SkipDC,electric-scooter,2019-02-18 06:50:00-07,-77.0458867,38.9105867
SkipDC-352897091333263,"",2019-02-18 06:49:55-07,SkipDC,electric-scooter,2019-02-18 06:50:00-07,-77.0433033,38.913235
SkipDC-352897091334642,"",2019-02-18 06:49:55-07,SkipDC,electric-scooter,2019-02-18 06:50:00-07,-77.040135,38.9113067
SkipDC-352897091306301,"",2019-02-18 06:49:55-07,SkipDC,electric-scooter,2019-02-18 06:50:00-07,-77.0376033,38.9111933
SkipDC-352897091326606,"",2019-02-18 06:49:55-07,SkipDC,electric-scooter,2019-02-18 06:50:00-07,-77.0354317,38.914185
SkipDC-352897091444581,"",2019-02-18 06:49:55-07,SkipDC,electric-scooter,2019-02-18 06:50:00-07,-77.0377467,38.9159417
SkipDC-352897091315021,"",2019-02-18 06:49:55-07,SkipDC,electric-scooter,2019-02-18 06:50:00-07,-77.0397,38.916705
JumpDC-bike_23175,JUMP DC-2484,2019-02-18 06:49:35-07,JumpDC,pedal-assist-bike,2019-02-18 06:50:00-07,-77.0317483333333,38.9158233333333
JumpDC-bike_18874,JUMP DC-0833,2019-02-18 06:49:35-07,JumpDC,pedal-assist-bike,2019-02-18 06:50:00-07,-77.0315833333333,38.9169716666667
SkipDC-352897091326648,"",2019-02-18 06:49:55-07,SkipDC,electric-scooter,2019-02-18 06:50:00-07,-77.0319183,38.9158267
SkipDC-352897091385941,"",2019-02-18 06:49:55-07,SkipDC,electric-scooter,2019-02-18 06:50:00-07,-77.034283,38.9168866
SkipDC-352897091322829,"",2019-02-18 06:49:55-07,SkipDC,electric-scooter,2019-02-18 06:50:00-07,-77.0335977,38.9167584
JumpDC-bike_23202,JUMP DC-2511,2019-02-18 06:49:35-07,JumpDC,pedal-assist-bike,2019-02-18 06:50:00-07,-77.0319133333333,38.9180533333333
JumpDC-bike_18883,JUMP DC-0842,2019-02-18 06:49:35-07,JumpDC,pedal-assist-bike,2019-02-18 06:50:00-07,-77.03177,38.917965
SkipDC-352897091392103,"",2019-02-18 06:49:55-07,SkipDC,electric-scooter,2019-02-18 06:50:00-07,-77.0249609,38.9183538
JumpDC-bike_23458,JUMP DC-2593,2019-02-18 06:49:35-07,JumpDC,pedal-assist-bike,2019-02-18 06:50:00-07,-77.028825,38.9169483333333
JumpDC-bike_23633,JUMP DC-2668,2019-02-18 06:49:35-07,JumpDC,pedal-assist-bike,2019-02-18 06:50:00-07,-77.0289566666667,38.9171733333333
JumpDC-bike_23177,JUMP DC-2486,2019-02-18 06:49:35-07,JumpDC,pedal-assist-bike,2019-02-18 06:50:00-07,-77.0289466666667,38.91718
SkipDC-352897091311582,"",2019-02-18 06:49:55-07,SkipDC,electric-scooter,2019-02-18 06:50:00-07,-77.028245,38.9175283
SkipDC-352897091389448,"",2019-02-18 06:49:55-07,SkipDC,electric-scooter,2019-02-18 06:50:00-07,-77.0241417,38.9166383
SkipDC-352897091269665,"",2019-02-18 06:49:55-07,SkipDC,electric-scooter,2019-02-18 06:50:00-07,-77.0206631,38.915829
SkipDC-352897091331028,"",2019-02-18 06:49:55-07,SkipDC,electric-scooter,2019-02-18 06:50:00-07,-77.0127244,38.9156913
JumpDC-bike_18901,JUMP DC-0780,2019-02-18 06:49:35-07,JumpDC,pedal-assist-bike,2019-02-18 06:50:00-07,-76.9620716666667,38.9186083333333
SkipDC-352897091266943,"",2019-02-18 06:49:55-07,SkipDC,electric-scooter,2019-02-18 06:50:00-07,-77.0805382,38.9208863
JumpDC-bike_23210,JUMP DC-2519,2019-02-18 06:49:35-07,JumpDC,pedal-assist-bike,2019-02-18 06:50:00-07,-77.0423916666667,38.9216233333333
JumpDC-bike_23513,JUMP DC-2648,2019-02-18 06:49:35-07,JumpDC,pedal-assist-bike,2019-02-18 06:50:00-07,-77.041295,38.921805
JumpDC-bike_23639,JUMP DC-2674,2019-02-18 06:49:35-07,JumpDC,pedal-assist-bike,2019-02-18 06:50:00-07,-77.0416633333333,38.9198766666667
SkipDC-352897091346448,"",2019-02-18 06:49:55-07,SkipDC,electric-scooter,2019-02-18 06:50:00-07,-77.045385,38.9207117
JumpDC-bike_23671,JUMP DC-2706,2019-02-18 06:49:35-07,JumpDC,pedal-assist-bike,2019-02-18 06:50:00-07,-77.0422466666667,38.9216266666667
JumpDC-bike_23482,JUMP DC-2617,2019-02-18 06:49:35-07,JumpDC,pedal-assist-bike,2019-02-18 06:50:00-07,-77.042125,38.9206766666667
JumpDC-bike_23166,JUMP DC-2475,2019-02-18 06:49:35-07,JumpDC,pedal-assist-bike,2019-02-18 06:50:00-07,-77.0423816666667,38.9211983333333
SkipDC-352897091331622,"",2019-02-18 06:49:55-07,SkipDC,electric-scooter,2019-02-18 06:50:00-07,-77.04564,38.9194717
SkipDC-352897091457443,"",2019-02-18 06:49:55-07,SkipDC,electric-scooter,2019-02-18 06:50:00-07,-77.0469717,38.9231467
JumpDC-bike_16632,JUMP DC-0224,2019-02-18 06:49:35-07,JumpDC,pedal-assist-bike,2019-02-18 06:50:00-07,-77.0421783333333,38.9212933333333
SkipDC-352897091358203,"",2019-02-18 06:49:55-07,SkipDC,electric-scooter,2019-02-18 06:50:00-07,-77.0424033,38.9217533
JumpDC-bike_23673,JUMP DC-2708,2019-02-18 06:49:35-07,JumpDC,pedal-assist-bike,2019-02-18 06:50:00-07,-77.042415,38.9220483333333
JumpDC-bike_16530,JUMP DC-0207,2019-02-18 06:49:35-07,JumpDC,pedal-assist-bike,2019-02-18 06:50:00-07,-77.0405516666667,38.921565
JumpDC-bike_18830,JUMP DC-0707,2019-02-18 06:49:35-07,JumpDC,pedal-assist-bike,2019-02-18 06:50:00-07,-77.0312683333333,38.9192166666667
SkipDC-352897091321268,"",2019-02-18 06:49:55-07,SkipDC,electric-scooter,2019-02-18 06:50:00-07,-77.0339633,38.9216283
SkipDC-352897091382344,"",2019-02-18 06:49:55-07,SkipDC,electric-scooter,2019-02-18 06:50:00-07,-77.0332383,38.9192717
SkipDC-352897091274269,"",2019-02-18 06:49:55-07,SkipDC,electric-scooter,2019-02-18 06:50:00-07,-77.0321583,38.9230155
SkipDC-352897091456247,"",2019-02-18 06:49:55-07,SkipDC,electric-scooter,2019-02-18 06:50:00-07,-77.0303557,38.9192621
JumpDC-bike_23628,JUMP DC-2663,2019-02-18 06:49:35-07,JumpDC,pedal-assist-bike,2019-02-18 06:50:00-07,-77.0326266666667,38.9215766666667
SkipDC-352897091356660,"",2019-02-18 06:49:55-07,SkipDC,electric-scooter,2019-02-18 06:50:00-07,-77.0124641,38.9203269
SkipDC-352897091429269,"",2019-02-18 06:49:55-07,SkipDC,electric-scooter,2019-02-18 06:50:00-07,-76.985085,38.923094
SkipDC-352897091463003,"",2019-02-18 06:49:55-07,SkipDC,electric-scooter,2019-02-18 06:50:00-07,-77.0995484,38.9274805
SkipDC-352897091382427,"",2019-02-18 06:49:55-07,SkipDC,electric-scooter,2019-02-18 06:50:00-07,-77.0733583,38.925095
JumpDC-bike_23217,JUMP DC-2526,2019-02-18 06:49:35-07,JumpDC,pedal-assist-bike,2019-02-18 06:50:00-07,-77.0704366666667,38.926755
SkipDC-352897091456809,"",2019-02-18 06:49:55-07,SkipDC,electric-scooter,2019-02-18 06:50:00-07,-77.0629278,38.9261607
SkipDC-352897091288889,"",2019-02-18 06:49:55-07,SkipDC,electric-scooter,2019-02-18 06:50:00-07,-77.0564833,38.9275833
SkipDC-352897091306202,"",2019-02-18 06:49:55-07,SkipDC,electric-scooter,2019-02-18 06:50:00-07,-77.0528344,38.9276193
SkipDC-352897091385602,"",2019-02-18 06:49:55-07,SkipDC,electric-scooter,2019-02-18 06:50:00-07,-77.0527706,38.9278837
JumpDC-bike_23680,JUMP DC-2715,2019-02-18 06:49:35-07,JumpDC,pedal-assist-bike,2019-02-18 06:50:00-07,-77.03167,38.9321966666667
JumpDC-bike_18871,JUMP DC-0830,2019-02-18 06:49:35-07,JumpDC,pedal-assist-bike,2019-02-18 06:50:00-07,-77.031975,38.930335
JumpDC-bike_23697,JUMP DC-2732,2019-02-18 06:49:35-07,JumpDC,pedal-assist-bike,2019-02-18 06:50:00-07,-77.0320083333333,38.9305783333333
JumpDC-bike_23445,JUMP DC-2580,2019-02-18 06:49:35-07,JumpDC,pedal-assist-bike,2019-02-18 06:50:00-07,-77.0327466666667,38.9320266666667
SkipDC-352897091379589,"",2019-02-18 06:49:55-07,SkipDC,electric-scooter,2019-02-18 06:50:00-07,-77.032455,38.9301233
JumpDC-bike_23490,JUMP DC-2625,2019-02-18 06:49:35-07,JumpDC,pedal-assist-bike,2019-02-18 06:50:00-07,-77.0270866666667,38.9311183333333
JumpDC-bike_18884,JUMP DC-0843,2019-02-18 06:49:35-07,JumpDC,pedal-assist-bike,2019-02-18 06:50:00-07,-77.0247333333333,38.932005
SkipDC-352897091437585,"",2019-02-18 06:49:55-07,SkipDC,electric-scooter,2019-02-18 06:50:00-07,-77.02136,38.929155
SkipDC-352897091427206,"",2019-02-18 06:49:55-07,SkipDC,electric-scooter,2019-02-18 06:50:00-07,-77.0054783,38.9295833
JumpDC-bike_23213,JUMP DC-2522,2019-02-18 06:49:35-07,JumpDC,pedal-assist-bike,2019-02-18 06:50:00-07,-76.972295,38.9322466666667
JumpDC-bike_18853,JUMP DC-0695,2019-02-18 06:49:35-07,JumpDC,pedal-assist-bike,2019-02-18 06:50:00-07,-76.9722383333333,38.9322266666667
JumpDC-bike_23701,JUMP DC-2736,2019-02-18 06:49:35-07,JumpDC,pedal-assist-bike,2019-02-18 06:50:00-07,-76.95764,38.9294083333333
JumpDC-bike_23684,JUMP DC-2719,2019-02-18 06:49:35-07,JumpDC,pedal-assist-bike,2019-02-18 06:50:00-07,-77.1090066666667,38.9356583333333
JumpDC-bike_23497,JUMP DC-2632,2019-02-18 06:49:35-07,JumpDC,pedal-assist-bike,2019-02-18 06:50:00-07,-77.08715,38.9363566666667
JumpDC-bike_23484,JUMP DC-2619,2019-02-18 06:49:35-07,JumpDC,pedal-assist-bike,2019-02-18 06:50:00-07,-77.082335,38.9343816666667
SkipDC-352897091328800,"",2019-02-18 06:49:55-07,SkipDC,electric-scooter,2019-02-18 06:50:00-07,-77.081975,38.9355117
SkipDC-352897091315260,"",2019-02-18 06:49:55-07,SkipDC,electric-scooter,2019-02-18 06:50:00-07,-77.07248,38.9335267
SkipDC-352897091280100,"",2019-02-18 06:49:55-07,SkipDC,electric-scooter,2019-02-18 06:50:00-07,-77.0727737,38.9346401
SkipDC-352897091435761,"",2019-02-18 06:49:55-07,SkipDC,electric-scooter,2019-02-18 06:50:00-07,-77.0725217,38.934755
SkipDC-352897091389828,"",2019-02-18 06:49:55-07,SkipDC,electric-scooter,2019-02-18 06:50:00-07,-77.073325,38.9357117
SkipDC-352897091408768,"",2019-02-18 06:49:55-07,SkipDC,electric-scooter,2019-02-18 06:50:00-07,-77.0731767,38.93581
SkipDC-352897091437189,"",2019-02-18 06:49:55-07,SkipDC,electric-scooter,2019-02-18 06:50:00-07,-77.0581263,38.9352213
SkipDC-352897091463045,"",2019-02-18 06:49:55-07,SkipDC,electric-scooter,2019-02-18 06:50:00-07,-77.0587367,38.9357117
JumpDC-bike_18845,JUMP DC-0722,2019-02-18 06:49:35-07,JumpDC,pedal-assist-bike,2019-02-18 06:50:00-07,-77.0586133333333,38.9360366666667
SkipDC-352897091295660,"",2019-02-18 06:49:55-07,SkipDC,electric-scooter,2019-02-18 06:50:00-07,-77.041155,38.933305
SkipDC-352897091338742,"",2019-02-18 06:49:55-07,SkipDC,electric-scooter,2019-02-18 06:50:00-07,-77.0387211,38.934054
SkipDC-352897091461429,"",2019-02-18 06:49:55-07,SkipDC,electric-scooter,2019-02-18 06:50:00-07,-77.034035,38.93474
SkipDC-352897091336282,"",2019-02-18 06:49:55-07,SkipDC,electric-scooter,2019-02-18 06:50:00-07,-77.0237917,38.9326
SkipDC-352897091294705,"",2019-02-18 06:49:55-07,SkipDC,electric-scooter,2019-02-18 06:50:00-07,-77.0647617,38.9492967
JumpDC-bike_23617,JUMP DC-2652,2019-02-18 06:49:35-07,JumpDC,pedal-assist-bike,2019-02-18 06:50:00-07,-77.06209,38.9549316666667
SkipDC-352897091456007,"",2019-02-18 06:49:55-07,SkipDC,electric-scooter,2019-02-18 06:50:00-07,-77.0198517,38.95667
JumpDC-bike_23207,JUMP DC-2516,2019-02-18 06:49:35-07,JumpDC,pedal-assist-bike,2019-02-18 06:50:00-07,-77.074795,38.96339
SkipDC-352897091279748,"",2019-02-18 06:49:55-07,SkipDC,electric-scooter,2019-02-18 06:50:00-07,-77.018035,38.9612933
JumpDC-bike_23430,JUMP DC-2565,2019-02-18 06:49:35-07,JumpDC,pedal-assist-bike,2019-02-18 06:50:00-07,-77.0181566666667,38.974095
JumpDC-bike_23458,JUMP DC-2593,2019-02-18 06:34:05-07,JumpDC,pedal-assist-bike,2019-02-18 06:35:00-07,-77.028825,38.9169483333333
JumpDC-bike_23633,JUMP DC-2668,2019-02-18 06:34:05-07,JumpDC,pedal-assist-bike,2019-02-18 06:35:00-07,-77.0289566666667,38.9171733333333
JumpDC-bike_23177,JUMP DC-2486,2019-02-18 06:34:05-07,JumpDC,pedal-assist-bike,2019-02-18 06:35:00-07,-77.0289466666667,38.91718
JumpDC-bike_23694,JUMP DC-2729,2019-02-18 06:34:05-07,JumpDC,pedal-assist-bike,2019-02-18 06:35:00-07,-77.021885,38.9144183333333
SkipDC-352897091269665,"",2019-02-18 06:34:55-07,SkipDC,electric-scooter,2019-02-18 06:35:00-07,-77.0207255,38.9158476
SkipDC-352897091331028,"",2019-02-18 06:34:55-07,SkipDC,electric-scooter,2019-02-18 06:35:00-07,-77.012305,38.9158717
JumpDC-bike_18901,JUMP DC-0780,2019-02-18 06:34:05-07,JumpDC,pedal-assist-bike,2019-02-18 06:35:00-07,-76.9620716666667,38.9186083333333
SkipDC-352897091266943,"",2019-02-18 06:34:55-07,SkipDC,electric-scooter,2019-02-18 06:35:00-07,-77.0804533,38.9208333
JumpDC-bike_23482,JUMP DC-2617,2019-02-18 06:34:05-07,JumpDC,pedal-assist-bike,2019-02-18 06:35:00-07,-77.042125,38.9206766666667
SkipDC-352897091331622,"",2019-02-18 06:34:55-07,SkipDC,electric-scooter,2019-02-18 06:35:00-07,-77.0455933,38.9194217
SkipDC-352897091267289,"",2019-02-18 06:34:55-07,SkipDC,electric-scooter,2019-02-18 06:35:00-07,-77.0374283,38.926055
SkipDC-352897091431349,"",2019-02-18 06:34:55-07,SkipDC,electric-scooter,2019-02-18 06:35:00-07,-77.0359868,38.927867
JumpDC-bike_23662,JUMP DC-2697,2019-02-18 06:34:05-07,JumpDC,pedal-assist-bike,2019-02-18 06:35:00-07,-77.03933,38.92709
JumpDC-bike_23457,JUMP DC-2592,2019-02-18 06:34:05-07,JumpDC,pedal-assist-bike,2019-02-18 06:35:00-07,-77.04089,38.9243733333333
JumpDC-bike_23683,JUMP DC-2718,2019-02-18 06:34:05-07,JumpDC,pedal-assist-bike,2019-02-18 06:35:00-07,-77.038815,38.9250633333333
JumpDC-bike_18851,JUMP DC-0696 (Dummy Controller),2019-02-18 06:34:05-07,JumpDC,pedal-assist-bike,2019-02-18 06:35:00-07,-77.02966,38.9260566666667
SkipDC-352897091325921,"",2019-02-18 06:34:55-07,SkipDC,electric-scooter,2019-02-18 06:35:00-07,-77.0300867,38.923795
JumpDC-bike_23681,JUMP DC-2716,2019-02-18 06:34:05-07,JumpDC,pedal-assist-bike,2019-02-18 06:35:00-07,-77.0271466666667,38.9261583333333
SkipDC-352897091381726,"",2019-02-18 06:34:55-07,SkipDC,electric-scooter,2019-02-18 06:35:00-07,-77.0277683,38.9238333
SkipDC-352897091298029,"",2019-02-18 06:34:55-07,SkipDC,electric-scooter,2019-02-18 06:35:00-07,-77.029085,38.9268
SkipDC-352897091406481,"",2019-02-18 06:34:55-07,SkipDC,electric-scooter,2019-02-18 06:35:00-07,-77.0236867,38.927125
SkipDC-352897091398621,"",2019-02-18 06:34:55-07,SkipDC,electric-scooter,2019-02-18 06:35:00-07,-77.0228156,38.9273983
SkipDC-352897091384548,"",2019-02-18 06:34:55-07,SkipDC,electric-scooter,2019-02-18 06:35:00-07,-77.0228117,38.9274567
JumpDC-bike_23487,JUMP DC-2622,2019-02-18 06:34:05-07,JumpDC,pedal-assist-bike,2019-02-18 06:35:00-07,-77.0228583333333,38.92509
SkipDC-352897091287709,"",2019-02-18 06:34:55-07,SkipDC,electric-scooter,2019-02-18 06:35:00-07,-77.0070433,38.925445
SkipDC-352897091315880,"",2019-02-18 06:34:55-07,SkipDC,electric-scooter,2019-02-18 06:35:00-07,-76.9976083,38.9269133
JumpDC-bike_23624,JUMP DC-2659,2019-02-18 06:34:05-07,JumpDC,pedal-assist-bike,2019-02-18 06:35:00-07,-76.960375,38.9241966666667
JumpDC-bike_23189,JUMP DC-2498,2019-02-18 06:34:05-07,JumpDC,pedal-assist-bike,2019-02-18 06:35:00-07,-77.082265,38.930375
SkipDC-352897091273261,"",2019-02-18 06:34:55-07,SkipDC,electric-scooter,2019-02-18 06:35:00-07,-77.0640117,38.9290383
SkipDC-352897091421340,"",2019-02-18 06:34:55-07,SkipDC,electric-scooter,2019-02-18 06:35:00-07,-77.061419,38.930135
SkipDC-352897091329824,"",2019-02-18 06:34:55-07,SkipDC,electric-scooter,2019-02-18 06:35:00-07,-77.04461,38.9304433
SkipDC-352897091435746,"",2019-02-18 06:34:55-07,SkipDC,electric-scooter,2019-02-18 06:35:00-07,-77.0373667,38.9285067
SkipDC-352897091379589,"",2019-02-18 06:34:55-07,SkipDC,electric-scooter,2019-02-18 06:35:00-07,-77.032455,38.9301233
SkipDC-352897091300627,"",2019-02-18 06:34:55-07,SkipDC,electric-scooter,2019-02-18 06:35:00-07,-76.9952638,38.9332716
JumpDC-bike_23506,JUMP DC-2641,2019-02-18 06:34:05-07,JumpDC,pedal-assist-bike,2019-02-18 06:35:00-07,-76.9937916666667,38.933205
JumpDC-bike_23424,JUMP DC-2559,2019-02-18 06:34:05-07,JumpDC,pedal-assist-bike,2019-02-18 06:35:00-07,-76.9938233333333,38.9332083333333
SkipDC-352897091301823,"",2019-02-18 06:34:55-07,SkipDC,electric-scooter,2019-02-18 06:35:00-07,-77.0840733,38.9399483
SkipDC-352897091286487,"",2019-02-18 06:34:55-07,SkipDC,electric-scooter,2019-02-18 06:35:00-07,-77.0753317,38.9394267
SkipDC-352897091390040,"",2019-02-18 06:34:55-07,SkipDC,electric-scooter,2019-02-18 06:35:00-07,-77.0685364,38.9392434
SkipDC-352897091296064,"",2019-02-18 06:34:55-07,SkipDC,electric-scooter,2019-02-18 06:35:00-07,-77.0327433,38.9377617
JumpDC-bike_23419,JUMP DC-2554,2019-02-18 06:34:05-07,JumpDC,pedal-assist-bike,2019-02-18 06:35:00-07,-77.025755,38.9376483333333
JumpDC-bike_23466,JUMP DC-2601,2019-02-18 06:34:05-07,JumpDC,pedal-assist-bike,2019-02-18 06:35:00-07,-77.0210616666667,38.939905
SkipDC-352897091350820,"",2019-02-18 06:34:55-07,SkipDC,electric-scooter,2019-02-18 06:35:00-07,-77.0154217,38.9400033
JumpDC-bike_23499,JUMP DC-2634 ,2019-02-18 06:34:05-07,JumpDC,pedal-assist-bike,2019-02-18 06:35:00-07,-76.9987216666667,38.939135
JumpDC-bike_23418,JUMP DC-2553,2019-02-18 06:34:05-07,JumpDC,pedal-assist-bike,2019-02-18 06:35:00-07,-76.9992116666667,38.9373883333333
JumpDC-bike_18894,JUMP DC-0773,2019-02-18 06:34:05-07,JumpDC,pedal-assist-bike,2019-02-18 06:35:00-07,-76.9985466666667,38.9392083333333
SkipDC-352897091428089,"",2019-02-18 06:34:55-07,SkipDC,electric-scooter,2019-02-18 06:35:00-07,-77.0942583,38.94392
SkipDC-352897090563944,"",2019-02-18 06:34:55-07,SkipDC,electric-scooter,2019-02-18 06:35:00-07,-77.0694983,38.9415133
SkipDC-352897091456205,"",2019-02-18 06:34:55-07,SkipDC,electric-scooter,2019-02-18 06:35:00-07,-77.03766,38.94199
SkipDC-352897091294283,"",2019-02-18 06:34:55-07,SkipDC,electric-scooter,2019-02-18 06:35:00-07,-77.0279083,38.9417067
SkipDC-352897091361124,"",2019-02-18 06:34:55-07,SkipDC,electric-scooter,2019-02-18 06:35:00-07,-77.0238267,38.9420117
SkipDC-352897091279425,"",2019-02-18 06:34:55-07,SkipDC,electric-scooter,2019-02-18 06:35:00-07,-77.0165183,38.9420867
SkipDC-352897091302680,"",2019-02-18 06:34:55-07,SkipDC,electric-scooter,2019-02-18 06:35:00-07,-77.0042233,38.9435417
SkipDC-352897091426828,"",2019-02-18 06:34:55-07,SkipDC,electric-scooter,2019-02-18 06:35:00-07,-77.0911607,38.9472912
SkipDC-352897091301906,"",2019-02-18 06:34:55-07,SkipDC,electric-scooter,2019-02-18 06:35:00-07,-77.0910224,38.9474975
SkipDC-352897091358666,"",2019-02-18 06:34:55-07,SkipDC,electric-scooter,2019-02-18 06:35:00-07,-77.0851583,38.9491733
SkipDC-352897091314644,"",2019-02-18 06:34:55-07,SkipDC,electric-scooter,2019-02-18 06:35:00-07,-77.078446,38.9460672
SkipDC-352897091434343,"",2019-02-18 06:49:55-07,SkipDC,electric-scooter,2019-02-18 06:50:00-07,-77.0512293,38.8529082
SkipDC-352897091381742,"",2019-02-18 06:49:55-07,SkipDC,electric-scooter,2019-02-18 06:50:00-07,-77.0525417,38.8554367
SkipDC-352897091286784,"",2019-02-18 06:49:55-07,SkipDC,electric-scooter,2019-02-18 06:50:00-07,-77.0513659,38.8553133
SkipDC-352897091352164,"",2019-02-18 06:49:55-07,SkipDC,electric-scooter,2019-02-18 06:50:00-07,-77.0493217,38.8538606
SkipDC-352897091461163,"",2019-02-18 06:49:55-07,SkipDC,electric-scooter,2019-02-18 06:50:00-07,-77.051515,38.8524317
SkipDC-352897091431661,"",2019-02-18 06:49:55-07,SkipDC,electric-scooter,2019-02-18 06:50:00-07,-77.0522717,38.855325
SkipDC-352897091285968,"",2019-02-18 06:49:55-07,SkipDC,electric-scooter,2019-02-18 06:50:00-07,-77.0494567,38.8534233
SkipDC-352897091427446,"",2019-02-18 06:49:55-07,SkipDC,electric-scooter,2019-02-18 06:50:00-07,-77.0496483,38.8536017
SkipDC-352897091305543,"",2019-02-18 06:49:55-07,SkipDC,electric-scooter,2019-02-18 06:50:00-07,-77.04946,38.8536033
SkipDC-352897091292048,"",2019-02-18 06:49:55-07,SkipDC,electric-scooter,2019-02-18 06:50:00-07,-77.0491367,38.854615
SkipDC-352897091293541,"",2019-02-18 06:49:55-07,SkipDC,electric-scooter,2019-02-18 06:50:00-07,-77.0638767,38.8599517
SkipDC-352897091273469,"",2019-02-18 06:49:55-07,SkipDC,electric-scooter,2019-02-18 06:50:00-07,-77.0598642,38.8603035
SkipDC-352897091359326,"",2019-02-18 06:49:55-07,SkipDC,electric-scooter,2019-02-18 06:50:00-07,-77.05941,38.8603533
SkipDC-352897091324007,"",2019-02-18 06:49:55-07,SkipDC,electric-scooter,2019-02-18 06:50:00-07,-77.0531248,38.8572777
SkipDC-352897091452766,"",2019-02-18 06:49:55-07,SkipDC,electric-scooter,2019-02-18 06:50:00-07,-77.0531176,38.8575237
SkipDC-352897091305949,"",2019-02-18 06:49:55-07,SkipDC,electric-scooter,2019-02-18 06:50:00-07,-77.0531,38.858185
SkipDC-352897091316003,"",2019-02-18 06:49:55-07,SkipDC,electric-scooter,2019-02-18 06:50:00-07,-77.053205,38.85833
SkipDC-352897091356546,"",2019-02-18 06:49:55-07,SkipDC,electric-scooter,2019-02-18 06:50:00-07,-77.0530083,38.8583033
SkipDC-352897091358583,"",2019-02-18 06:49:55-07,SkipDC,electric-scooter,2019-02-18 06:50:00-07,-77.0536617,38.8597757
SkipDC-352897091310709,"",2019-02-18 06:49:55-07,SkipDC,electric-scooter,2019-02-18 06:50:00-07,-77.05361,38.85983
SkipDC-352897091333966,"",2019-02-18 06:49:55-07,SkipDC,electric-scooter,2019-02-18 06:50:00-07,-77.0533333,38.8575833
SkipDC-352897091321805,"",2019-02-18 06:49:55-07,SkipDC,electric-scooter,2019-02-18 06:50:00-07,-77.0536667,38.85989
SkipDC-352897091380488,"",2019-02-18 06:49:55-07,SkipDC,electric-scooter,2019-02-18 06:50:00-07,-77.05341,38.860285
SkipDC-352897091295827,"",2019-02-18 06:49:55-07,SkipDC,electric-scooter,2019-02-18 06:50:00-07,-77.05321,38.8583883
SkipDC-352897091385404,"",2019-02-18 06:49:55-07,SkipDC,electric-scooter,2019-02-18 06:50:00-07,-77.05323,38.8574767
SkipDC-352897091381007,"",2019-02-18 06:49:55-07,SkipDC,electric-scooter,2019-02-18 06:50:00-07,-77.0532467,38.8574967
SkipDC-352897091432065,"",2019-02-18 06:49:55-07,SkipDC,electric-scooter,2019-02-18 06:50:00-07,-77.0531833,38.85755
SkipDC-352897091290000,"",2019-02-18 06:49:55-07,SkipDC,electric-scooter,2019-02-18 06:50:00-07,-77.0559914,38.8589145
SkipDC-352897091452287,"",2019-02-18 06:49:55-07,SkipDC,electric-scooter,2019-02-18 06:50:00-07,-77.0536883,38.8597233
SkipDC-352897091280464,"",2019-02-18 06:49:55-07,SkipDC,electric-scooter,2019-02-18 06:50:00-07,-77.0537167,38.8598883
SkipDC-352897090563001,"",2019-02-18 06:49:55-07,SkipDC,electric-scooter,2019-02-18 06:50:00-07,-77.0537479,38.8573679
SkipDC-352897091267669,"",2019-02-18 06:49:55-07,SkipDC,electric-scooter,2019-02-18 06:50:00-07,-77.0559567,38.859425
SkipDC-352897091410566,"",2019-02-18 06:49:55-07,SkipDC,electric-scooter,2019-02-18 06:50:00-07,-77.0559252,38.8595889
SkipDC-352897091438906,"",2019-02-18 06:49:55-07,SkipDC,electric-scooter,2019-02-18 06:50:00-07,-77.053605,38.8598567
SkipDC-352897091391469,"",2019-02-18 06:49:55-07,SkipDC,electric-scooter,2019-02-18 06:50:00-07,-77.052962,38.8598164
JumpDC-bike_23221,JUMP DC-2530,2019-02-18 06:49:35-07,JumpDC,pedal-assist-bike,2019-02-18 06:50:00-07,-77.0576966666667,38.8600916666667
SkipDC-352897091315583,"",2019-02-18 06:49:55-07,SkipDC,electric-scooter,2019-02-18 06:50:00-07,-77.0561917,38.8597
SkipDC-352897091389901,"",2019-02-18 06:49:55-07,SkipDC,electric-scooter,2019-02-18 06:50:00-07,-77.0528253,38.8572319
SkipDC-352897091315047,"",2019-02-18 06:49:55-07,SkipDC,electric-scooter,2019-02-18 06:50:00-07,-77.0526833,38.8597733
SkipDC-352897091387046,"",2019-02-18 06:49:55-07,SkipDC,electric-scooter,2019-02-18 06:50:00-07,-77.0527317,38.8599183
SkipDC-352897091280381,"",2019-02-18 06:49:55-07,SkipDC,electric-scooter,2019-02-18 06:50:00-07,-77.051175,38.859655
SkipDC-352897091278229,"",2019-02-18 06:49:55-07,SkipDC,electric-scooter,2019-02-18 06:50:00-07,-77.0528396,38.8572171
SkipDC-352897091315922,"",2019-02-18 06:49:55-07,SkipDC,electric-scooter,2019-02-18 06:50:00-07,-77.0527067,38.8597383
SkipDC-352897091306889,"",2019-02-18 06:49:55-07,SkipDC,electric-scooter,2019-02-18 06:50:00-07,-77.0510767,38.85951
SkipDC-352897091356207,"",2019-02-18 06:49:55-07,SkipDC,electric-scooter,2019-02-18 06:50:00-07,-77.0527783,38.8582683
SkipDC-352897091432206,"",2019-02-18 06:49:55-07,SkipDC,electric-scooter,2019-02-18 06:50:00-07,-77.05266,38.8598083
SkipDC-352897091445265,"",2019-02-18 06:49:55-07,SkipDC,electric-scooter,2019-02-18 06:50:00-07,-77.0526883,38.859825
SkipDC-352897091384506,"",2019-02-18 06:49:55-07,SkipDC,electric-scooter,2019-02-18 06:50:00-07,-77.0509317,38.859285
SkipDC-352897091444185,"",2019-02-18 06:49:55-07,SkipDC,electric-scooter,2019-02-18 06:50:00-07,-77.0494733,38.86026
SkipDC-352897091272867,"",2019-02-18 06:49:55-07,SkipDC,electric-scooter,2019-02-18 06:50:00-07,-77.0527517,38.8596983
SkipDC-352897091287626,"",2019-02-18 06:49:55-07,SkipDC,electric-scooter,2019-02-18 06:50:00-07,-77.0510417,38.8594983
SkipDC-352897091408784,"",2019-02-18 06:49:55-07,SkipDC,electric-scooter,2019-02-18 06:50:00-07,-77.0490705,38.8594126
SkipDC-352897091291768,"",2019-02-18 06:49:55-07,SkipDC,electric-scooter,2019-02-18 06:50:00-07,-76.9877399,38.8591536
SkipDC-352897091434269,"",2019-02-18 06:49:55-07,SkipDC,electric-scooter,2019-02-18 06:50:00-07,-77.0633567,38.8640117
SkipDC-352897091397946,"",2019-02-18 06:49:55-07,SkipDC,electric-scooter,2019-02-18 06:50:00-07,-77.0597983,38.8623733
SkipDC-352897091279466,"",2019-02-18 06:49:55-07,SkipDC,electric-scooter,2019-02-18 06:50:00-07,-77.059705,38.86239
SkipDC-352897091436983,"",2019-02-18 06:49:55-07,SkipDC,electric-scooter,2019-02-18 06:50:00-07,-77.0628709,38.8616683
SkipDC-352897091342785,"",2019-02-18 06:49:55-07,SkipDC,electric-scooter,2019-02-18 06:50:00-07,-77.0625167,38.8618467
SkipDC-352897091327562,"",2019-02-18 06:49:55-07,SkipDC,electric-scooter,2019-02-18 06:50:00-07,-77.06207,38.8615967
SkipDC-352897091314727,"",2019-02-18 06:49:55-07,SkipDC,electric-scooter,2019-02-18 06:50:00-07,-77.0599933,38.8618233
SkipDC-352897091380967,"",2019-02-18 06:49:55-07,SkipDC,electric-scooter,2019-02-18 06:50:00-07,-77.0594917,38.8636667
SkipDC-352897091305402,"",2019-02-18 06:49:55-07,SkipDC,electric-scooter,2019-02-18 06:50:00-07,-77.06137,38.8608533
SkipDC-352897091398829,"",2019-02-18 06:49:55-07,SkipDC,electric-scooter,2019-02-18 06:50:00-07,-77.0592958,38.8606072
SkipDC-352897091428360,"",2019-02-18 06:49:55-07,SkipDC,electric-scooter,2019-02-18 06:50:00-07,-77.059585,38.8622083
SkipDC-352897091434822,"",2019-02-18 06:49:55-07,SkipDC,electric-scooter,2019-02-18 06:50:00-07,-77.05287,38.860675
SkipDC-352897091421969,"",2019-02-18 06:49:55-07,SkipDC,electric-scooter,2019-02-18 06:50:00-07,-77.05276,38.8610117
SkipDC-352897091279441,"",2019-02-18 06:49:55-07,SkipDC,electric-scooter,2019-02-18 06:50:00-07,-77.0520083,38.863215
SkipDC-352897091346406,"",2019-02-18 06:49:55-07,SkipDC,electric-scooter,2019-02-18 06:50:00-07,-76.9947437,38.8626089
JumpDC-bike_23164,JUMP DC-2473,2019-02-18 06:49:35-07,JumpDC,pedal-assist-bike,2019-02-18 06:50:00-07,-76.9953633333333,38.8625133333333
SkipDC-352897091273048,"",2019-02-18 06:49:55-07,SkipDC,electric-scooter,2019-02-18 06:50:00-07,-76.9979669,38.8636175
SkipDC-352897091331804,"",2019-02-18 06:49:55-07,SkipDC,electric-scooter,2019-02-18 06:50:00-07,-76.9958071,38.862089
SkipDC-352897091448129,"",2019-02-18 06:49:55-07,SkipDC,electric-scooter,2019-02-18 06:50:00-07,-76.9947047,38.8625997
SkipDC-352897091272941,"",2019-02-18 06:49:55-07,SkipDC,electric-scooter,2019-02-18 06:50:00-07,-76.9946583,38.8627467
JumpDC-bike_23433,JUMP DC-2568,2019-02-18 06:49:35-07,JumpDC,pedal-assist-bike,2019-02-18 06:50:00-07,-76.9955283333333,38.86232
SkipDC-352897091335508,"",2019-02-18 06:49:55-07,SkipDC,electric-scooter,2019-02-18 06:50:00-07,-76.994751,38.8625797
JumpDC-bike_18927,JUMP DC-0806,2019-02-18 06:49:35-07,JumpDC,pedal-assist-bike,2019-02-18 06:50:00-07,-76.995555,38.86236
JumpDC-bike_23620,JUMP DC-2655,2019-02-18 06:49:35-07,JumpDC,pedal-assist-bike,2019-02-18 06:50:00-07,-76.9946616666667,38.8622366666667
JumpDC-bike_23209,JUMP DC-2518,2019-02-18 06:49:35-07,JumpDC,pedal-assist-bike,2019-02-18 06:50:00-07,-76.9954383333333,38.8625566666667
SkipDC-352897091306103,"",2019-02-18 06:49:55-07,SkipDC,electric-scooter,2019-02-18 06:50:00-07,-76.9954167,38.8624583
SkipDC-352897091320666,"",2019-02-18 06:49:55-07,SkipDC,electric-scooter,2019-02-18 06:50:00-07,-76.9951383,38.8625533
SkipDC-352897091430143,"",2019-02-18 06:49:55-07,SkipDC,electric-scooter,2019-02-18 06:50:00-07,-76.9951,38.862545
JumpDC-bike_23415,JUMP DC-2550,2019-02-18 06:49:35-07,JumpDC,pedal-assist-bike,2019-02-18 06:50:00-07,-76.9947316666667,38.86213
JumpDC-bike_16633,JUMP DC-0225,2019-02-18 06:49:35-07,JumpDC,pedal-assist-bike,2019-02-18 06:50:00-07,-76.97741,38.864755
SkipDC-352897091383904,"",2019-02-18 06:49:55-07,SkipDC,electric-scooter,2019-02-18 06:50:00-07,-77.0603483,38.8654283
SkipDC-352897091313687,"",2019-02-18 06:49:55-07,SkipDC,electric-scooter,2019-02-18 06:50:00-07,-77.0603417,38.8654883
SkipDC-352897091316284,"",2019-02-18 06:49:55-07,SkipDC,electric-scooter,2019-02-18 06:50:00-07,-77.0602667,38.86549
SkipDC-352897091339724,"",2019-02-18 06:49:55-07,SkipDC,electric-scooter,2019-02-18 06:50:00-07,-77.0602367,38.8654967
SkipDC-352897091369226,"",2019-02-18 06:49:55-07,SkipDC,electric-scooter,2019-02-18 06:50:00-07,-77.05992,38.8650217
SkipDC-352897091401805,"",2019-02-18 06:49:55-07,SkipDC,electric-scooter,2019-02-18 06:50:00-07,-77.06003,38.8654017
SkipDC-352897091406184,"",2019-02-18 06:49:55-07,SkipDC,electric-scooter,2019-02-18 06:50:00-07,-77.05696,38.865005
SkipDC-352897091320849,"",2019-02-18 06:49:55-07,SkipDC,electric-scooter,2019-02-18 06:50:00-07,-77.0467733,38.865415
JumpDC-bike_16615,JUMP DC-0250,2019-02-18 06:49:35-07,JumpDC,pedal-assist-bike,2019-02-18 06:50:00-07,-76.9892466666667,38.866235
JumpDC-bike_16607,JUMP DC-0242,2019-02-18 06:49:35-07,JumpDC,pedal-assist-bike,2019-02-18 06:50:00-07,-76.989205,38.8662083333333
JumpDC-bike_23676,JUMP DC-2711,2019-02-18 06:49:35-07,JumpDC,pedal-assist-bike,2019-02-18 06:50:00-07,-76.9822733333333,38.8652983333333
SkipDC-352897091277262,"",2019-02-18 06:49:55-07,SkipDC,electric-scooter,2019-02-18 06:50:00-07,-77.1068233,38.88178
SkipDC-352897091305626,"",2019-02-18 06:49:55-07,SkipDC,electric-scooter,2019-02-18 06:50:00-07,-77.111565,38.8812433
SkipDC-352897091429384,"",2019-02-18 06:49:55-07,SkipDC,electric-scooter,2019-02-18 06:50:00-07,-77.1115567,38.8812717
SkipDC-352897091279508,"",2019-02-18 06:49:55-07,SkipDC,electric-scooter,2019-02-18 06:50:00-07,-77.1091,38.8825983
SkipDC-352897091320609,"",2019-02-18 06:49:55-07,SkipDC,electric-scooter,2019-02-18 06:50:00-07,-77.1116717,38.8811883
SkipDC-352897091454143,"",2019-02-18 06:49:55-07,SkipDC,electric-scooter,2019-02-18 06:50:00-07,-77.110582,38.8826901
SkipDC-352897091428964,"",2019-02-18 06:49:55-07,SkipDC,electric-scooter,2019-02-18 06:50:00-07,-77.1092383,38.882645
SkipDC-352897091455066,"",2019-02-18 06:49:55-07,SkipDC,electric-scooter,2019-02-18 06:50:00-07,-77.10913,38.8826383
SkipDC-352897091277403,"",2019-02-18 06:49:55-07,SkipDC,electric-scooter,2019-02-18 06:50:00-07,-77.0866517,38.8808117
SkipDC-352897091279383,"",2019-02-18 06:49:55-07,SkipDC,electric-scooter,2019-02-18 06:50:00-07,-77.0380933,38.87878
SkipDC-352897091438161,"",2019-02-18 06:49:55-07,SkipDC,electric-scooter,2019-02-18 06:50:00-07,-77.03201,38.8807033
SkipDC-352897091434400,"",2019-02-18 06:49:55-07,SkipDC,electric-scooter,2019-02-18 06:50:00-07,-77.0311133,38.882815
SkipDC-352897091340185,"",2019-02-18 06:49:55-07,SkipDC,electric-scooter,2019-02-18 06:50:00-07,-77.02608,38.8826017
SkipDC-352897091434384,"",2019-02-18 06:49:55-07,SkipDC,electric-scooter,2019-02-18 06:50:00-07,-77.0267267,38.8806167
SkipDC-352897091406960,"",2019-02-18 06:49:55-07,SkipDC,electric-scooter,2019-02-18 06:50:00-07,-77.0265317,38.88161
SkipDC-352897091382104,"",2019-02-18 06:49:55-07,SkipDC,electric-scooter,2019-02-18 06:50:00-07,-77.0130745,38.8815123
SkipDC-352897091385529,"",2019-02-18 06:49:55-07,SkipDC,electric-scooter,2019-02-18 06:50:00-07,-77.0078417,38.8784567
SkipDC-352897091328784,"",2019-02-18 06:49:55-07,SkipDC,electric-scooter,2019-02-18 06:50:00-07,-77.0075883,38.8784383
SkipDC-352897091287485,"",2019-02-18 06:49:55-07,SkipDC,electric-scooter,2019-02-18 06:50:00-07,-77.0079567,38.878625
SkipDC-352897091346729,"",2019-02-18 06:49:55-07,SkipDC,electric-scooter,2019-02-18 06:50:00-07,-77.0068333,38.8794867
SkipDC-352897091452089,"",2019-02-18 06:49:55-07,SkipDC,electric-scooter,2019-02-18 06:50:00-07,-77.0081883,38.8785333
SkipDC-352897091408446,"",2019-02-18 06:49:55-07,SkipDC,electric-scooter,2019-02-18 06:50:00-07,-77.0080689,38.8785504
SkipDC-352897091388226,"",2019-02-18 06:49:55-07,SkipDC,electric-scooter,2019-02-18 06:50:00-07,-77.0055721,38.8806729
SkipDC-352897091279904,"",2019-02-18 06:49:55-07,SkipDC,electric-scooter,2019-02-18 06:50:00-07,-77.0054783,38.880685
SkipDC-352897091345283,"",2019-02-18 06:49:55-07,SkipDC,electric-scooter,2019-02-18 06:50:00-07,-77.0041024,38.8804405
SkipDC-352897091430382,"",2019-02-18 06:49:55-07,SkipDC,electric-scooter,2019-02-18 06:50:00-07,-77.0033662,38.8806058
SkipDC-352897091433782,"",2019-02-18 06:49:55-07,SkipDC,electric-scooter,2019-02-18 06:50:00-07,-77.0003266,38.8784297
SkipDC-352897091315906,"",2019-02-18 06:49:55-07,SkipDC,electric-scooter,2019-02-18 06:50:00-07,-77.0001835,38.8783996
SkipDC-352897091356025,"",2019-02-18 06:49:55-07,SkipDC,electric-scooter,2019-02-18 06:50:00-07,-77.005575,38.8807983
SkipDC-352897091290463,"",2019-02-18 06:49:55-07,SkipDC,electric-scooter,2019-02-18 06:50:00-07,-76.9962183,38.8805817
SkipDC-352897091430002,"",2019-02-18 06:49:55-07,SkipDC,electric-scooter,2019-02-18 06:50:00-07,-76.9983269,38.8826063
SkipDC-352897091452485,"",2019-02-18 06:49:55-07,SkipDC,electric-scooter,2019-02-18 06:50:00-07,-77.0916002,38.8892445
SkipDC-352897091383649,"",2019-02-18 06:49:55-07,SkipDC,electric-scooter,2019-02-18 06:50:00-07,-77.0912583,38.88946
SkipDC-352897091387848,"",2019-02-18 06:49:55-07,SkipDC,electric-scooter,2019-02-18 06:50:00-07,-77.091315,38.8895417
SkipDC-352897091294507,"",2019-02-18 06:49:55-07,SkipDC,electric-scooter,2019-02-18 06:50:00-07,-77.0861117,38.8912082
SkipDC-352897091315989,"",2019-02-18 06:49:55-07,SkipDC,electric-scooter,2019-02-18 06:50:00-07,-77.0843017,38.887835
SkipDC-352897091325145,"",2019-02-18 06:49:55-07,SkipDC,electric-scooter,2019-02-18 06:50:00-07,-77.08288,38.889835
SkipDC-352897091458227,"",2019-02-18 06:49:55-07,SkipDC,electric-scooter,2019-02-18 06:50:00-07,-77.0824498,38.891626
SkipDC-352897091383540,"",2019-02-18 06:49:55-07,SkipDC,electric-scooter,2019-02-18 06:50:00-07,-77.0860633,38.8912633
SkipDC-352897091429921,"",2019-02-18 06:49:55-07,SkipDC,electric-scooter,2019-02-18 06:50:00-07,-77.0839583,38.8877
SkipDC-352897091272263,"",2019-02-18 06:49:55-07,SkipDC,electric-scooter,2019-02-18 06:50:00-07,-77.0834073,38.8880924
SkipDC-352897091435126,"",2019-02-18 06:49:55-07,SkipDC,electric-scooter,2019-02-18 06:50:00-07,-77.0851217,38.8893717
SkipDC-352897091349921,"",2019-02-18 06:49:55-07,SkipDC,electric-scooter,2019-02-18 06:50:00-07,-77.0828867,38.8897367
SkipDC-352897091279888,"",2019-02-18 06:49:55-07,SkipDC,electric-scooter,2019-02-18 06:50:00-07,-77.08259,38.8897167
SkipDC-352897091386865,"",2019-02-18 06:49:55-07,SkipDC,electric-scooter,2019-02-18 06:50:00-07,-77.081775,38.8909767
SkipDC-352897091388580,"",2019-02-18 06:49:55-07,SkipDC,electric-scooter,2019-02-18 06:50:00-07,-77.0810217,38.8905483
SkipDC-352897091357049,"",2019-02-18 06:49:55-07,SkipDC,electric-scooter,2019-02-18 06:50:00-07,-77.0812167,38.8905833
SkipDC-352897091387384,"",2019-02-18 06:49:55-07,SkipDC,electric-scooter,2019-02-18 06:50:00-07,-77.08082,38.8907233
SkipDC-352897091406788,"",2019-02-18 06:49:55-07,SkipDC,electric-scooter,2019-02-18 06:50:00-07,-77.0817431,38.8896542
SkipDC-352897091283708,"",2019-02-18 06:49:55-07,SkipDC,electric-scooter,2019-02-18 06:50:00-07,-77.0804197,38.8890094
SkipDC-352897091335888,"",2019-02-18 06:49:55-07,SkipDC,electric-scooter,2019-02-18 06:50:00-07,-77.0820283,38.8897217
SkipDC-352897091428428,"",2019-02-18 06:49:55-07,SkipDC,electric-scooter,2019-02-18 06:50:00-07,-77.0815943,38.8897836
SkipDC-352897091428667,"",2019-02-18 06:49:55-07,SkipDC,electric-scooter,2019-02-18 06:50:00-07,-77.0811119,38.8917847
SkipDC-352897091462146,"",2019-02-18 06:49:55-07,SkipDC,electric-scooter,2019-02-18 06:50:00-07,-77.0770217,38.8916533
SkipDC-352897091428006,"",2019-02-18 06:49:55-07,SkipDC,electric-scooter,2019-02-18 06:50:00-07,-77.0822239,38.8913924
SkipDC-352897091306426,"",2019-02-18 06:49:55-07,SkipDC,electric-scooter,2019-02-18 06:50:00-07,-77.0820415,38.8911072
SkipDC-352897091431521,"",2019-02-18 06:49:55-07,SkipDC,electric-scooter,2019-02-18 06:50:00-07,-77.0820383,38.89092
SkipDC-352897091428642,"",2019-02-18 06:49:55-07,SkipDC,electric-scooter,2019-02-18 06:50:00-07,-77.0820233,38.8909817
SkipDC-352897091398464,"",2019-02-18 06:49:55-07,SkipDC,electric-scooter,2019-02-18 06:50:00-07,-77.07937,38.8899512
SkipDC-352897091342900,"",2019-02-18 06:49:55-07,SkipDC,electric-scooter,2019-02-18 06:50:00-07,-77.0819183,38.8896917
SkipDC-352897091462641,"",2019-02-18 06:49:55-07,SkipDC,electric-scooter,2019-02-18 06:50:00-07,-77.0821214,38.8909661
JumpDC-bike_23142,JUMP DC-2451,2019-02-18 06:49:35-07,JumpDC,pedal-assist-bike,2019-02-18 06:50:00-07,-76.9914416666667,38.889955
SkipDC-352897091351042,"",2019-02-18 06:49:55-07,SkipDC,electric-scooter,2019-02-18 06:50:00-07,-76.9827535,38.8909056
SkipDC-352897091346109,"",2019-02-18 06:49:55-07,SkipDC,electric-scooter,2019-02-18 06:50:00-07,-76.9795043,38.8896962
SkipDC-352897091452220,"",2019-02-18 06:49:55-07,SkipDC,electric-scooter,2019-02-18 06:50:00-07,-77.0832067,38.8925533
SkipDC-352897091331069,"",2019-02-18 06:49:55-07,SkipDC,electric-scooter,2019-02-18 06:50:00-07,-77.0826267,38.8921867
SkipDC-352897091323884,"",2019-02-18 06:49:55-07,SkipDC,electric-scooter,2019-02-18 06:50:00-07,-77.0826217,38.892235
SkipDC-352897091345465,"",2019-02-18 06:49:55-07,SkipDC,electric-scooter,2019-02-18 06:50:00-07,-77.0826267,38.89225
SkipDC-352897091320781,"",2019-02-18 06:49:55-07,SkipDC,electric-scooter,2019-02-18 06:50:00-07,-77.0825315,38.8923
SkipDC-352897091298607,"",2019-02-18 06:49:55-07,SkipDC,electric-scooter,2019-02-18 06:50:00-07,-77.0816994,38.8922788
SkipDC-352897091323900,"",2019-02-18 06:49:55-07,SkipDC,electric-scooter,2019-02-18 06:50:00-07,-77.0803912,38.8959035
SkipDC-352897091342520,"",2019-02-18 06:49:55-07,SkipDC,electric-scooter,2019-02-18 06:50:00-07,-77.0767017,38.8935917
SkipDC-352897091455421,"",2019-02-18 06:49:55-07,SkipDC,electric-scooter,2019-02-18 06:50:00-07,-77.0765117,38.8934983
SkipDC-352897091358229,"",2019-02-18 06:49:55-07,SkipDC,electric-scooter,2019-02-18 06:50:00-07,-77.0819017,38.8924267
SkipDC-352897091451883,"",2019-02-18 06:49:55-07,SkipDC,electric-scooter,2019-02-18 06:50:00-07,-77.0766686,38.8935519
SkipDC-352897091451727,"",2019-02-18 06:49:55-07,SkipDC,electric-scooter,2019-02-18 06:50:00-07,-77.0765233,38.893535
SkipDC-352897091288947,"",2019-02-18 06:49:55-07,SkipDC,electric-scooter,2019-02-18 06:50:00-07,-77.0766217,38.8935933
SkipDC-352897091398761,"",2019-02-18 06:49:55-07,SkipDC,electric-scooter,2019-02-18 06:50:00-07,-77.0737014,38.8945103
SkipDC-352897091321284,"",2019-02-18 06:49:55-07,SkipDC,electric-scooter,2019-02-18 06:50:00-07,-77.0735594,38.8963534
SkipDC-352897091378581,"",2019-02-18 06:49:55-07,SkipDC,electric-scooter,2019-02-18 06:50:00-07,-77.0764217,38.89346
SkipDC-352897091381528,"",2019-02-18 06:49:55-07,SkipDC,electric-scooter,2019-02-18 06:50:00-07,-77.0755133,38.893849
SkipDC-352897091433881,"",2019-02-18 06:49:55-07,SkipDC,electric-scooter,2019-02-18 06:50:00-07,-77.0708983,38.895965
SkipDC-352897091389646,"",2019-02-18 06:49:55-07,SkipDC,electric-scooter,2019-02-18 06:50:00-07,-77.0748333,38.894135
SkipDC-352897091302789,"",2019-02-18 06:49:55-07,SkipDC,electric-scooter,2019-02-18 06:50:00-07,-77.07472,38.89404
SkipDC-352897091457922,"",2019-02-18 06:49:55-07,SkipDC,electric-scooter,2019-02-18 06:50:00-07,-77.0764183,38.8935533
SkipDC-352897090568729,"",2019-02-18 06:49:55-07,SkipDC,electric-scooter,2019-02-18 06:50:00-07,-77.0754733,38.8938767
SkipDC-352897091301609,"",2019-02-18 06:49:55-07,SkipDC,electric-scooter,2019-02-18 06:50:00-07,-77.0573833,38.90062
SkipDC-352897091278328,"",2019-02-18 06:49:55-07,SkipDC,electric-scooter,2019-02-18 06:50:00-07,-77.0573367,38.9006883
SkipDC-352897091316722,"",2019-02-18 06:49:55-07,SkipDC,electric-scooter,2019-02-18 06:50:00-07,-77.0514624,38.8983171
SkipDC-352897091345929,"",2019-02-18 06:49:55-07,SkipDC,electric-scooter,2019-02-18 06:50:00-07,-77.0498779,38.8983397
SkipDC-352897091307382,"",2019-02-18 06:49:55-07,SkipDC,electric-scooter,2019-02-18 06:50:00-07,-77.0506017,38.8984283
SkipDC-352897091305485,"",2019-02-18 06:49:55-07,SkipDC,electric-scooter,2019-02-18 06:50:00-07,-77.0502383,38.8982083
SkipDC-352897091274962,"",2019-02-18 06:49:55-07,SkipDC,electric-scooter,2019-02-18 06:50:00-07,-77.050935,38.8997733
SkipDC-352897091330061,"",2019-02-18 06:49:55-07,SkipDC,electric-scooter,2019-02-18 06:50:00-07,-77.0499733,38.9008917
SkipDC-352897091302128,"",2019-02-18 06:49:55-07,SkipDC,electric-scooter,2019-02-18 06:50:00-07,-77.0478867,38.9007683
SkipDC-352897091358286,"",2019-02-18 06:49:55-07,SkipDC,electric-scooter,2019-02-18 06:50:00-07,-77.0462717,38.8975067
SkipDC-352897091452147,"",2019-02-18 06:49:55-07,SkipDC,electric-scooter,2019-02-18 06:50:00-07,-77.0438367,38.89759
SkipDC-352897091385727,"",2019-02-18 06:49:55-07,SkipDC,electric-scooter,2019-02-18 06:50:00-07,-77.0469,38.9004717
SkipDC-352897091428543,"",2019-02-18 06:49:55-07,SkipDC,electric-scooter,2019-02-18 06:50:00-07,-77.0344433,38.900795
SkipDC-352897091268345,"",2019-02-18 06:49:55-07,SkipDC,electric-scooter,2019-02-18 06:50:00-07,-77.0295483,38.8973133
SkipDC-352897091454325,"",2019-02-18 06:49:55-07,SkipDC,electric-scooter,2019-02-18 06:50:00-07,-77.0289195,38.8969709
SkipDC-352897091359045,"",2019-02-18 06:49:55-07,SkipDC,electric-scooter,2019-02-18 06:50:00-07,-77.0241365,38.900417
SkipDC-352897091360027,"",2019-02-18 06:49:55-07,SkipDC,electric-scooter,2019-02-18 06:50:00-07,-77.02053,38.89978
SkipDC-352897091333248,"",2019-02-18 06:49:55-07,SkipDC,electric-scooter,2019-02-18 06:50:00-07,-77.0196633,38.89988
SkipDC-352897091406887,"",2019-02-18 06:49:55-07,SkipDC,electric-scooter,2019-02-18 06:50:00-07,-77.0219317,38.89975
SkipDC-352897091434889,"",2019-02-18 06:49:55-07,SkipDC,electric-scooter,2019-02-18 06:50:00-07,-77.012205,38.89863
SkipDC-352897091445141,"",2019-02-18 06:49:55-07,SkipDC,electric-scooter,2019-02-18 06:50:00-07,-76.9892262,38.9000854
SkipDC-352897091434244,"",2019-02-18 06:49:55-07,SkipDC,electric-scooter,2019-02-18 06:50:00-07,-76.9857083,38.9001567
JumpDC-bike_23452,JUMP DC-2587,2019-02-18 06:49:35-07,JumpDC,pedal-assist-bike,2019-02-18 06:50:00-07,-76.9714533333333,38.89763
JumpDC-bike_23232,JUMP DC-2541,2019-02-18 06:49:35-07,JumpDC,pedal-assist-bike,2019-02-18 06:50:00-07,-76.9472083333333,38.897415
JumpDC-bike_23154,JUMP DC-2463,2019-02-18 06:49:35-07,JumpDC,pedal-assist-bike,2019-02-18 06:50:00-07,-76.947335,38.8974383333333
JumpDC-bike_18850,JUMP DC-0690,2019-02-18 06:49:35-07,JumpDC,pedal-assist-bike,2019-02-18 06:50:00-07,-76.9323183333333,38.8988116666667
SkipDC-352897091382740,"",2019-02-18 06:49:55-07,SkipDC,electric-scooter,2019-02-18 06:50:00-07,-77.06704,38.9039317
SkipDC-352897091433766,"",2019-02-18 06:49:55-07,SkipDC,electric-scooter,2019-02-18 06:50:00-07,-77.0658298,38.9035225
SkipDC-352897091302060,"",2019-02-18 06:49:55-07,SkipDC,electric-scooter,2019-02-18 06:50:00-07,-77.0631533,38.904395
SkipDC-352897091306087,"",2019-02-18 06:49:55-07,SkipDC,electric-scooter,2019-02-18 06:50:00-07,-77.059125,38.9050983
JumpDC-bike_23494,JUMP DC-2629,2019-02-18 06:49:35-07,JumpDC,pedal-assist-bike,2019-02-18 06:50:00-07,-77.0627,38.9040966666667
JumpDC-bike_23616,JUMP DC-2651,2019-02-18 06:49:35-07,JumpDC,pedal-assist-bike,2019-02-18 06:50:00-07,-77.059115,38.9050716666667
JumpDC-bike_23630,JUMP DC-2665,2019-02-18 06:49:35-07,JumpDC,pedal-assist-bike,2019-02-18 06:50:00-07,-77.05908,38.9050333333333
SkipDC-352897091315328,"",2019-02-18 06:49:55-07,SkipDC,electric-scooter,2019-02-18 06:50:00-07,-77.0641284,38.9029742
SkipDC-352897091435985,"",2019-02-18 06:49:55-07,SkipDC,electric-scooter,2019-02-18 06:50:00-07,-77.0626,38.9047217
SkipDC-352897091435308,"",2019-02-18 06:49:55-07,SkipDC,electric-scooter,2019-02-18 06:50:00-07,-77.0592517,38.905405
JumpDC-bike_23156,JUMP DC-2465,2019-02-18 06:49:35-07,JumpDC,pedal-assist-bike,2019-02-18 06:50:00-07,-77.0540516666667,38.9026266666667
SkipDC-352897091387285,"",2019-02-18 06:49:55-07,SkipDC,electric-scooter,2019-02-18 06:50:00-07,-77.0587167,38.904225
SkipDC-352897090562524,"",2019-02-18 06:49:55-07,SkipDC,electric-scooter,2019-02-18 06:50:00-07,-77.0532517,38.90204
SkipDC-352897090507545,"",2019-02-18 06:49:55-07,SkipDC,electric-scooter,2019-02-18 06:50:00-07,-77.0536267,38.9048183
JumpDC-bike_23448,JUMP DC-2583,2019-02-18 06:49:35-07,JumpDC,pedal-assist-bike,2019-02-18 06:50:00-07,-77.0581866666667,38.903875
SkipDC-352897091388408,"",2019-02-18 06:49:55-07,SkipDC,electric-scooter,2019-02-18 06:50:00-07,-77.0471183,38.90266
SkipDC-352897091327828,"",2019-02-18 06:49:55-07,SkipDC,electric-scooter,2019-02-18 06:50:00-07,-77.0512267,38.9051117
SkipDC-352897091302508,"",2019-02-18 06:49:55-07,SkipDC,electric-scooter,2019-02-18 06:50:00-07,-77.0088083,38.9013133
SkipDC-352897091372642,"",2019-02-18 06:49:55-07,SkipDC,electric-scooter,2019-02-18 06:50:00-07,-77.0087939,38.90149
SkipDC-352897091429244,"",2019-02-18 06:49:55-07,SkipDC,electric-scooter,2019-02-18 06:50:00-07,-77.0079617,38.9038717
SkipDC-352897091269525,"",2019-02-18 06:49:55-07,SkipDC,electric-scooter,2019-02-18 06:50:00-07,-76.9807067,38.9041383
SkipDC-352897091334667,"",2019-02-18 06:49:55-07,SkipDC,electric-scooter,2019-02-18 06:50:00-07,-77.0682233,38.90585
SkipDC-352897091428147,"",2019-02-18 06:49:55-07,SkipDC,electric-scooter,2019-02-18 06:50:00-07,-77.0612836,38.9059354
SkipDC-352897091306707,"",2019-02-18 06:49:55-07,SkipDC,electric-scooter,2019-02-18 06:50:00-07,-77.0591217,38.9068517
JumpDC-bike_18916,JUMP DC-0795,2019-02-18 06:49:35-07,JumpDC,pedal-assist-bike,2019-02-18 06:50:00-07,-77.0633933333333,38.90687
SkipDC-352897091338841,"",2019-02-18 06:49:55-07,SkipDC,electric-scooter,2019-02-18 06:50:00-07,-77.053141,38.9054097
SkipDC-352897090572382,"",2019-02-18 06:49:55-07,SkipDC,electric-scooter,2019-02-18 06:50:00-07,-77.0535383,38.9064017
SkipDC-352897091351786,"",2019-02-18 06:49:55-07,SkipDC,electric-scooter,2019-02-18 06:50:00-07,-77.0531517,38.9064367
SkipDC-352897091311848,"",2019-02-18 06:49:55-07,SkipDC,electric-scooter,2019-02-18 06:50:00-07,-77.0535527,38.9095349
JumpDC-bike_23496,JUMP DC-2631,2019-02-18 06:49:35-07,JumpDC,pedal-assist-bike,2019-02-18 06:50:00-07,-77.05478,38.9094616666667
SkipDC-352897091328248,"",2019-02-18 06:49:55-07,SkipDC,electric-scooter,2019-02-18 06:50:00-07,-77.0580653,38.906348
SkipDC-352897091327604,"",2019-02-18 06:49:55-07,SkipDC,electric-scooter,2019-02-18 06:50:00-07,-77.0510933,38.90594
SkipDC-352897091272248,"",2019-02-18 06:49:55-07,SkipDC,electric-scooter,2019-02-18 06:50:00-07,-77.048774,38.9064965
SkipDC-352897091338825,"",2019-02-18 06:49:55-07,SkipDC,electric-scooter,2019-02-18 06:50:00-07,-77.04883,38.90678
SkipDC-352897091343148,"",2019-02-18 06:49:55-07,SkipDC,electric-scooter,2019-02-18 06:50:00-07,-77.0516675,38.9098877
JumpDC-bike_23203,JUMP DC-2512,2019-02-18 06:49:35-07,JumpDC,pedal-assist-bike,2019-02-18 06:50:00-07,-77.0513266666667,38.9054816666667
SkipDC-352897091391485,"",2019-02-18 06:49:55-07,SkipDC,electric-scooter,2019-02-18 06:50:00-07,-77.0487689,38.9065958
SkipDC-352897091284524,"",2019-02-18 06:49:55-07,SkipDC,electric-scooter,2019-02-18 06:50:00-07,-77.0485967,38.9065633
SkipDC-352897091392145,"",2019-02-18 06:49:55-07,SkipDC,electric-scooter,2019-02-18 06:50:00-07,-77.0416,38.90626
SkipDC-352897091306244,"",2019-02-18 06:49:55-07,SkipDC,electric-scooter,2019-02-18 06:50:00-07,-77.0414589,38.9066641
SkipDC-352897091391543,"",2019-02-18 06:49:55-07,SkipDC,electric-scooter,2019-02-18 06:50:00-07,-77.0467555,38.9063956
SkipDC-352897091435100,"",2019-02-18 06:49:55-07,SkipDC,electric-scooter,2019-02-18 06:50:00-07,-77.0454783,38.9074583
SkipDC-352897091330400,"",2019-02-18 06:49:55-07,SkipDC,electric-scooter,2019-02-18 06:50:00-07,-77.042496,38.9072939
SkipDC-352897090527006,"",2019-02-18 06:49:55-07,SkipDC,electric-scooter,2019-02-18 06:50:00-07,-77.0422653,38.9073368
SkipDC-352897091288764,"",2019-02-18 06:49:55-07,SkipDC,electric-scooter,2019-02-18 06:50:00-07,-77.0413483,38.9061833
SkipDC-352897091408685,"",2019-02-18 06:49:55-07,SkipDC,electric-scooter,2019-02-18 06:50:00-07,-77.045801,38.9092455
SkipDC-352897091452360,"",2019-02-18 06:49:55-07,SkipDC,electric-scooter,2019-02-18 06:50:00-07,-77.0458217,38.90935
SkipDC-352897091328008,"",2019-02-18 06:49:55-07,SkipDC,electric-scooter,2019-02-18 06:50:00-07,-77.0435759,38.9093171
SkipDC-352897091428204,"",2019-02-18 06:49:55-07,SkipDC,electric-scooter,2019-02-18 06:50:00-07,-77.0334217,38.9105
SkipDC-352897091279342,"",2019-02-18 06:49:55-07,SkipDC,electric-scooter,2019-02-18 06:50:00-07,-77.0336533,38.911985
SkipDC-352897091390123,"",2019-02-18 06:49:55-07,SkipDC,electric-scooter,2019-02-18 06:50:00-07,-77.0314386,38.9126637
SkipDC-352897091435449,"",2019-02-18 06:49:55-07,SkipDC,electric-scooter,2019-02-18 06:50:00-07,-77.0279099,38.9124244
SkipDC-352897091342306,"",2019-02-18 06:49:55-07,SkipDC,electric-scooter,2019-02-18 06:50:00-07,-77.0271683,38.9140683
JumpDC-bike_18849,JUMP DC-0694,2019-02-18 06:49:35-07,JumpDC,pedal-assist-bike,2019-02-18 06:50:00-07,-77.0223783333333,38.91409
SkipDC-352897091273600,"",2019-02-18 06:49:55-07,SkipDC,electric-scooter,2019-02-18 06:50:00-07,-77.0219267,38.910605
SkipDC-352897091437429,"",2019-02-18 06:49:55-07,SkipDC,electric-scooter,2019-02-18 06:50:00-07,-77.02296,38.9128567
SkipDC-352897091352347,"",2019-02-18 06:49:55-07,SkipDC,electric-scooter,2019-02-18 06:50:00-07,-77.0219833,38.911135
SkipDC-352897091434608,"",2019-02-18 06:49:55-07,SkipDC,electric-scooter,2019-02-18 06:50:00-07,-77.02178,38.9111983
JumpDC-bike_23695,JUMP DC-2730,2019-02-18 06:49:35-07,JumpDC,pedal-assist-bike,2019-02-18 06:50:00-07,-77.0141666666667,38.913395
SkipDC-352897091296544,"",2019-02-18 06:49:55-07,SkipDC,electric-scooter,2019-02-18 06:50:00-07,-77.0030063,38.9107438
JumpDC-bike_18930,JUMP DC-0809,2019-02-18 06:49:35-07,JumpDC,pedal-assist-bike,2019-02-18 06:50:00-07,-76.995745,38.912055
JumpDC-bike_16532,JUMP DC-0223,2019-02-18 06:49:35-07,JumpDC,pedal-assist-bike,2019-02-18 06:50:00-07,-76.9718916666667,38.9126183333333
SkipDC-352897091305527,"",2019-02-18 06:49:55-07,SkipDC,electric-scooter,2019-02-18 06:50:00-07,-77.0742874,38.9163337
SkipDC-352897091358724,"",2019-02-18 06:49:55-07,SkipDC,electric-scooter,2019-02-18 06:50:00-07,-77.0705261,38.9145762
SkipDC-352897091409907,"",2019-02-18 06:49:55-07,SkipDC,electric-scooter,2019-02-18 06:50:00-07,-77.0525734,38.9146976
SkipDC-352897091273964,"",2019-02-18 06:49:55-07,SkipDC,electric-scooter,2019-02-18 06:50:00-07,-77.0482983,38.9163133
SkipDC-352897091359383,"",2019-02-18 06:49:55-07,SkipDC,electric-scooter,2019-02-18 06:50:00-07,-77.0457167,38.9161883
SkipDC-352897091428725,"",2019-02-18 06:49:55-07,SkipDC,electric-scooter,2019-02-18 06:50:00-07,-77.0423283,38.9170133
SkipDC-352897091295207,"",2019-02-18 06:49:55-07,SkipDC,electric-scooter,2019-02-18 06:50:00-07,-77.044055,38.9177567
SkipDC-352897091429343,"",2019-02-18 06:49:55-07,SkipDC,electric-scooter,2019-02-18 06:50:00-07,-77.0443559,38.917901
SkipDC-352897091457021,"",2019-02-18 06:49:55-07,SkipDC,electric-scooter,2019-02-18 06:50:00-07,-77.0438283,38.915945
SkipDC-352897091331481,"",2019-02-18 06:49:55-07,SkipDC,electric-scooter,2019-02-18 06:50:00-07,-77.0437283,38.9159933
SkipDC-352897091340425,"",2019-02-18 06:49:55-07,SkipDC,electric-scooter,2019-02-18 06:50:00-07,-77.0417367,38.916305
JumpDC-bike_23449,JUMP DC-2584,2019-02-18 06:49:35-07,JumpDC,pedal-assist-bike,2019-02-18 06:50:00-07,-77.04174,38.9185616666667
JumpDC-bike_23461,JUMP DC-2596,2019-02-18 06:49:35-07,JumpDC,pedal-assist-bike,2019-02-18 06:50:00-07,-77.040525,38.917645
SkipDC-352897091287246,"",2019-02-18 06:49:55-07,SkipDC,electric-scooter,2019-02-18 06:50:00-07,-77.0368364,38.9241838
SkipDC-352897091267289,"",2019-02-18 06:49:55-07,SkipDC,electric-scooter,2019-02-18 06:50:00-07,-77.0374238,38.9260577
SkipDC-352897091431349,"",2019-02-18 06:49:55-07,SkipDC,electric-scooter,2019-02-18 06:50:00-07,-77.0359866,38.9278671
JumpDC-bike_23662,JUMP DC-2697,2019-02-18 06:49:35-07,JumpDC,pedal-assist-bike,2019-02-18 06:50:00-07,-77.03933,38.92709
JumpDC-bike_23457,JUMP DC-2592,2019-02-18 06:49:35-07,JumpDC,pedal-assist-bike,2019-02-18 06:50:00-07,-77.04089,38.9243733333333
JumpDC-bike_23683,JUMP DC-2718,2019-02-18 06:49:35-07,JumpDC,pedal-assist-bike,2019-02-18 06:50:00-07,-77.038815,38.9250633333333
JumpDC-bike_18851,JUMP DC-0696 (Dummy Controller),2019-02-18 06:49:35-07,JumpDC,pedal-assist-bike,2019-02-18 06:50:00-07,-77.02966,38.9260566666667
SkipDC-352897091325921,"",2019-02-18 06:49:55-07,SkipDC,electric-scooter,2019-02-18 06:50:00-07,-77.0302776,38.9238601
JumpDC-bike_23681,JUMP DC-2716,2019-02-18 06:49:35-07,JumpDC,pedal-assist-bike,2019-02-18 06:50:00-07,-77.0271466666667,38.9261583333333
SkipDC-352897091381726,"",2019-02-18 06:49:55-07,SkipDC,electric-scooter,2019-02-18 06:50:00-07,-77.0277733,38.923945
SkipDC-352897091298029,"",2019-02-18 06:49:55-07,SkipDC,electric-scooter,2019-02-18 06:50:00-07,-77.0289717,38.9267733
SkipDC-352897091406481,"",2019-02-18 06:49:55-07,SkipDC,electric-scooter,2019-02-18 06:50:00-07,-77.023735,38.9270633
SkipDC-352897091398621,"",2019-02-18 06:49:55-07,SkipDC,electric-scooter,2019-02-18 06:50:00-07,-77.0228232,38.9274073
SkipDC-352897091384548,"",2019-02-18 06:49:55-07,SkipDC,electric-scooter,2019-02-18 06:50:00-07,-77.0227921,38.9273948
JumpDC-bike_23487,JUMP DC-2622,2019-02-18 06:49:35-07,JumpDC,pedal-assist-bike,2019-02-18 06:50:00-07,-77.0228583333333,38.92509
SkipDC-352897091287709,"",2019-02-18 06:49:55-07,SkipDC,electric-scooter,2019-02-18 06:50:00-07,-77.0069367,38.9254133
SkipDC-352897091315880,"",2019-02-18 06:49:55-07,SkipDC,electric-scooter,2019-02-18 06:50:00-07,-76.9976167,38.9268417
JumpDC-bike_23624,JUMP DC-2659,2019-02-18 06:49:35-07,JumpDC,pedal-assist-bike,2019-02-18 06:50:00-07,-76.960375,38.9241966666667
JumpDC-bike_23189,JUMP DC-2498,2019-02-18 06:49:35-07,JumpDC,pedal-assist-bike,2019-02-18 06:50:00-07,-77.082265,38.930375
SkipDC-352897091273261,"",2019-02-18 06:49:55-07,SkipDC,electric-scooter,2019-02-18 06:50:00-07,-77.0640117,38.9290383
SkipDC-352897091421340,"",2019-02-18 06:49:55-07,SkipDC,electric-scooter,2019-02-18 06:50:00-07,-77.0613926,38.9301249
SkipDC-352897091329824,"",2019-02-18 06:49:55-07,SkipDC,electric-scooter,2019-02-18 06:50:00-07,-77.0446424,38.9304524
SkipDC-352897091435746,"",2019-02-18 06:49:55-07,SkipDC,electric-scooter,2019-02-18 06:50:00-07,-77.0374283,38.9285433
SkipDC-352897091300627,"",2019-02-18 06:49:55-07,SkipDC,electric-scooter,2019-02-18 06:50:00-07,-76.995395,38.9335483
JumpDC-bike_23162,JUMP DC-2471,2019-02-18 06:49:35-07,JumpDC,pedal-assist-bike,2019-02-18 06:50:00-07,-76.994415,38.9335033333333
JumpDC-bike_23424,JUMP DC-2559,2019-02-18 06:49:35-07,JumpDC,pedal-assist-bike,2019-02-18 06:50:00-07,-76.9938233333333,38.9332083333333
JumpDC-bike_23506,JUMP DC-2641,2019-02-18 06:49:35-07,JumpDC,pedal-assist-bike,2019-02-18 06:50:00-07,-76.9937916666667,38.933205
SkipDC-352897091301823,"",2019-02-18 06:49:55-07,SkipDC,electric-scooter,2019-02-18 06:50:00-07,-77.0840733,38.9399483
SkipDC-352897091286487,"",2019-02-18 06:49:55-07,SkipDC,electric-scooter,2019-02-18 06:50:00-07,-77.0752883,38.9393433
SkipDC-352897091390040,"",2019-02-18 06:49:55-07,SkipDC,electric-scooter,2019-02-18 06:50:00-07,-77.0685845,38.9392289
SkipDC-352897091296064,"",2019-02-18 06:49:55-07,SkipDC,electric-scooter,2019-02-18 06:50:00-07,-77.0327417,38.9378517
JumpDC-bike_23419,JUMP DC-2554,2019-02-18 06:49:35-07,JumpDC,pedal-assist-bike,2019-02-18 06:50:00-07,-77.025755,38.9376483333333
JumpDC-bike_23466,JUMP DC-2601,2019-02-18 06:49:35-07,JumpDC,pedal-assist-bike,2019-02-18 06:50:00-07,-77.0210616666667,38.939905
SkipDC-352897091350820,"",2019-02-18 06:49:55-07,SkipDC,electric-scooter,2019-02-18 06:50:00-07,-77.01539,38.9399183
JumpDC-bike_23499,JUMP DC-2634 ,2019-02-18 06:49:35-07,JumpDC,pedal-assist-bike,2019-02-18 06:50:00-07,-76.9987216666667,38.939135
JumpDC-bike_23418,JUMP DC-2553,2019-02-18 06:49:35-07,JumpDC,pedal-assist-bike,2019-02-18 06:50:00-07,-76.9992116666667,38.9373883333333
JumpDC-bike_18894,JUMP DC-0773,2019-02-18 06:49:35-07,JumpDC,pedal-assist-bike,2019-02-18 06:50:00-07,-76.9985466666667,38.9392083333333
SkipDC-352897091428089,"",2019-02-18 06:49:55-07,SkipDC,electric-scooter,2019-02-18 06:50:00-07,-77.0938324,38.9438878
SkipDC-352897090563944,"",2019-02-18 06:49:55-07,SkipDC,electric-scooter,2019-02-18 06:50:00-07,-77.0695017,38.941455
SkipDC-352897091456205,"",2019-02-18 06:49:55-07,SkipDC,electric-scooter,2019-02-18 06:50:00-07,-77.0375617,38.9419517
SkipDC-352897091294283,"",2019-02-18 06:49:55-07,SkipDC,electric-scooter,2019-02-18 06:50:00-07,-77.0279083,38.9417067
SkipDC-352897091361124,"",2019-02-18 06:49:55-07,SkipDC,electric-scooter,2019-02-18 06:50:00-07,-77.0239489,38.9418427
SkipDC-352897091279425,"",2019-02-18 06:49:55-07,SkipDC,electric-scooter,2019-02-18 06:50:00-07,-77.0165183,38.9420867
SkipDC-352897091302680,"",2019-02-18 06:49:55-07,SkipDC,electric-scooter,2019-02-18 06:50:00-07,-77.0042233,38.9435417
SkipDC-352897091426828,"",2019-02-18 06:49:55-07,SkipDC,electric-scooter,2019-02-18 06:50:00-07,-77.0905667,38.947365
SkipDC-352897091301906,"",2019-02-18 06:49:55-07,SkipDC,electric-scooter,2019-02-18 06:50:00-07,-77.0905182,38.9475769
SkipDC-352897091358666,"",2019-02-18 06:49:55-07,SkipDC,electric-scooter,2019-02-18 06:50:00-07,-77.085065,38.9492317
SkipDC-352897091314644,"",2019-02-18 06:49:55-07,SkipDC,electric-scooter,2019-02-18 06:50:00-07,-77.0784467,38.9460683
SkipDC-352897091391469,"",2019-02-18 06:04:54-07,SkipDC,electric-scooter,2019-02-18 06:05:00-07,-77.0529874,38.8599541
SkipDC-352897091381007,"",2019-02-18 06:04:54-07,SkipDC,electric-scooter,2019-02-18 06:05:00-07,-77.0544675,38.8574487
JumpDC-bike_23221,JUMP DC-2530,2019-02-18 06:04:09-07,JumpDC,pedal-assist-bike,2019-02-18 06:05:00-07,-77.0576966666667,38.8600916666667
SkipDC-352897091295827,"",2019-02-18 06:04:54-07,SkipDC,electric-scooter,2019-02-18 06:05:00-07,-77.05351,38.8583533
SkipDC-352897091315583,"",2019-02-18 06:04:54-07,SkipDC,electric-scooter,2019-02-18 06:05:00-07,-77.0560967,38.8594717
SkipDC-352897090563001,"",2019-02-18 06:04:54-07,SkipDC,electric-scooter,2019-02-18 06:05:00-07,-77.0544675,38.8574487
SkipDC-352897091389901,"",2019-02-18 06:04:54-07,SkipDC,electric-scooter,2019-02-18 06:05:00-07,-77.0532933,38.857355
SkipDC-352897091290000,"",2019-02-18 06:04:54-07,SkipDC,electric-scooter,2019-02-18 06:05:00-07,-77.055977,38.8587656
SkipDC-352897091438906,"",2019-02-18 06:04:54-07,SkipDC,electric-scooter,2019-02-18 06:05:00-07,-77.0538883,38.85958
SkipDC-352897091358583,"",2019-02-18 06:04:54-07,SkipDC,electric-scooter,2019-02-18 06:05:00-07,-77.053775,38.8595567
SkipDC-352897091452287,"",2019-02-18 06:04:54-07,SkipDC,electric-scooter,2019-02-18 06:05:00-07,-77.0537467,38.85969
SkipDC-352897091310709,"",2019-02-18 06:04:54-07,SkipDC,electric-scooter,2019-02-18 06:05:00-07,-77.0536433,38.8598
SkipDC-352897091305949,"",2019-02-18 06:04:54-07,SkipDC,electric-scooter,2019-02-18 06:05:00-07,-77.053315,38.858075
SkipDC-352897091321805,"",2019-02-18 06:04:54-07,SkipDC,electric-scooter,2019-02-18 06:05:00-07,-77.05374,38.85962
SkipDC-352897091380488,"",2019-02-18 06:04:54-07,SkipDC,electric-scooter,2019-02-18 06:05:00-07,-77.0534791,38.8602141
SkipDC-352897091452766,"",2019-02-18 06:04:54-07,SkipDC,electric-scooter,2019-02-18 06:05:00-07,-77.0531253,38.8575041
SkipDC-352897091315922,"",2019-02-18 06:04:54-07,SkipDC,electric-scooter,2019-02-18 06:05:00-07,-77.0526517,38.8597733
SkipDC-352897091387046,"",2019-02-18 06:04:54-07,SkipDC,electric-scooter,2019-02-18 06:05:00-07,-77.0527317,38.8599183
SkipDC-352897091385404,"",2019-02-18 06:04:54-07,SkipDC,electric-scooter,2019-02-18 06:05:00-07,-77.0529053,38.8572468
SkipDC-352897091356207,"",2019-02-18 06:04:54-07,SkipDC,electric-scooter,2019-02-18 06:05:00-07,-77.0528783,38.8583
SkipDC-352897091384506,"",2019-02-18 06:04:54-07,SkipDC,electric-scooter,2019-02-18 06:05:00-07,-77.0510633,38.859365
SkipDC-352897091306889,"",2019-02-18 06:04:54-07,SkipDC,electric-scooter,2019-02-18 06:05:00-07,-77.05103,38.8596083
SkipDC-352897091272867,"",2019-02-18 06:04:54-07,SkipDC,electric-scooter,2019-02-18 06:05:00-07,-77.0528133,38.8596883
SkipDC-352897091445265,"",2019-02-18 06:04:54-07,SkipDC,electric-scooter,2019-02-18 06:05:00-07,-77.0526783,38.8597333
SkipDC-352897091280381,"",2019-02-18 06:04:54-07,SkipDC,electric-scooter,2019-02-18 06:05:00-07,-77.0511367,38.85949
SkipDC-352897091315047,"",2019-02-18 06:04:54-07,SkipDC,electric-scooter,2019-02-18 06:05:00-07,-77.05266,38.859765
SkipDC-352897091432206,"",2019-02-18 06:04:54-07,SkipDC,electric-scooter,2019-02-18 06:05:00-07,-77.0526067,38.8598
SkipDC-352897091408784,"",2019-02-18 06:04:54-07,SkipDC,electric-scooter,2019-02-18 06:05:00-07,-77.0512667,38.8594883
SkipDC-352897091287626,"",2019-02-18 06:04:54-07,SkipDC,electric-scooter,2019-02-18 06:05:00-07,-77.0512167,38.8596033
SkipDC-352897091444185,"",2019-02-18 06:04:54-07,SkipDC,electric-scooter,2019-02-18 06:05:00-07,-77.0495183,38.860175
SkipDC-352897091278229,"",2019-02-18 06:04:54-07,SkipDC,electric-scooter,2019-02-18 06:05:00-07,-77.0528093,38.8572057
SkipDC-352897091324007,"",2019-02-18 06:04:54-07,SkipDC,electric-scooter,2019-02-18 06:05:00-07,-77.0529304,38.8573099
SkipDC-352897091432065,"",2019-02-18 06:04:54-07,SkipDC,electric-scooter,2019-02-18 06:05:00-07,-77.0529,38.8573102
SkipDC-352897091291768,"",2019-02-18 06:04:54-07,SkipDC,electric-scooter,2019-02-18 06:05:00-07,-76.9877443,38.8591447
